           1           3  0.215781870651621     
           4           6  0.970020546098742     
           5           6  0.979908691198662     
           5           7   1.00797083586826     
           7           8   1.38007712360888     
           7           9   1.42765926681925     
           8          10   1.41623499961483     
           9          11   1.41658090503413     
           1          12   1.46883335276156     
           3          12   1.55704507959445     
           6          12  0.874775654686334     
           2          13   1.07743414470338     
          10          13   1.28003063721398     
          11          13   1.40442513201573     
           5          14  0.961419212485227     
           5          15  0.970174058219572     
           6          16  0.958809272557742     
           8          17  0.962807882401749     
           9          18  0.964815986576483     
          11          19  0.966340915900251     
           4          20  0.895065277773972     
           4          21  0.798047142342435     
           2          22  0.839293651566417     
           4          23  0.896617777981416     
          10          24   1.03504399543627     
          24          25  0.973055465097060     
          25          26  0.976665654276226     
          25          27  0.977507835312681     
          25          28  0.977124268201479     
