           1           3  0.219806541021459     
           4           7  0.952347644237761     
           6           7  0.977746502017612     
           6           8   1.00625612628598     
           8           9   1.39737606811597     
           8          10   1.41972033834753     
           5          11   1.15387314387021     
           9          11   1.38500022985788     
          10          12   1.40276848422338     
           1          13   1.53282520988641     
           3          13   1.47252969274559     
           7          13  0.901591274518969     
           2          14   1.05107047408803     
          11          14   1.27309795532417     
          12          14   1.42145494729944     
           6          15  0.960632103804976     
           6          16  0.971216895674951     
           7          17  0.958660829840139     
           9          18  0.966670572330941     
          10          19  0.967151184722950     
          12          20  0.965497131913955     
           4          21  0.893063634883726     
           4          22  0.842758059172952     
           5          23  0.943474635914106     
           5          24  0.938803702333262     
           2          25  0.847992093443090     
           4          26  0.895644084012161     
