$hessian                                                                        
        0.6759401036  -0.0152180354  -0.0000017201  -0.1496337157  -0.0629295203
        0.0000004028   0.0596974399  -0.0251282214  -0.0000001378  -0.0488287408
       -0.0257698384   0.0000001824  -0.0384717764   0.0826967699   0.0000000153
       -0.3498958046  -0.0384442103   0.0000009869  -0.0004217763   0.0028368169
        0.0000000205  -0.0172853062  -0.0022243372   0.0000000375   0.0024226232
       -0.0038780651  -0.0000000040  -0.0000387720   0.0005923912   0.0000000031
        0.0004063421  -0.0002378262   0.0003031904   0.0001043273   0.0001240090
       -0.0000000003   0.0004063393  -0.0002378263  -0.0003031926  -0.0043669558
        0.0009471714   0.0000000150  -0.0002081632  -0.0002544974   0.0000000124
       -0.0003672956  -0.0002873397  -0.0001486750  -0.0003672898  -0.0002873340
        0.0001486812   0.0001517294  -0.0000705442   0.0000000006  -0.0185000358
       -0.0257376795   0.0000000812  -0.1107432727   0.1135081170   0.0000001004
       -0.0152180354   0.6597943782  -0.0000015573  -0.1398134181  -0.2661457435
        0.0000006716   0.0280861740  -0.0654224065  -0.0000000466  -0.0287452727
       -0.0069585919   0.0000009225   0.0244496576   0.0232686305  -0.0000001559
        0.0383274349  -0.0917323813   0.0000001350   0.0035123473  -0.0041230598
       -0.0000000211  -0.0265922595  -0.0020889016   0.0000002390   0.0026531186
       -0.0056641249  -0.0000000261  -0.0003318424   0.0001866395  -0.0000000713
        0.0002911705  -0.0000246207   0.0000936688  -0.0001063119   0.0000735447
       -0.0000001093   0.0002911421  -0.0000245722  -0.0000938157   0.0027368281
       -0.0043351811  -0.0000000078  -0.0011236974   0.0008110854   0.0000000114
       -0.0001565099  -0.0003640715   0.0000436085  -0.0001565319  -0.0003640190
       -0.0000435668  -0.0000015036   0.0002252465  -0.0000000219  -0.0018448257
       -0.0008571530   0.0000000680   0.1137423354  -0.2362546979   0.0000000750
       -0.0000017201  -0.0000015573   0.1122219720   0.0000005284   0.0000004935
       -0.0435320049  -0.0000002371   0.0000001963  -0.0025859959   0.0000001802
        0.0000008528  -0.0041012329   0.0000001116  -0.0000003001   0.0015647342
        0.0000008814   0.0000002909  -0.0460233850   0.0000000283  -0.0000000147
        0.0069852230   0.0000001239  -0.0000000020  -0.0002192637  -0.0000000198
        0.0000000050  -0.0002404232  -0.0000000094  -0.0000000234   0.0002147945
        0.0000037060  -0.0000088125   0.0000604658  -0.0000000203  -0.0000000236
        0.0000925274  -0.0000037255   0.0000087640   0.0000604679   0.0000000218
        0.0000000180   0.0071585354  -0.0000000084   0.0000000218   0.0009007424
       -0.0001812145  -0.0004401588  -0.0001813322   0.0001811992   0.0004402099
       -0.0001813360  -0.0000000223   0.0000000234   0.0000302452   0.0000000714
        0.0000001047  -0.0001210352   0.0000001253  -0.0000000879  -0.0321036988
       -0.1496337157  -0.1398134181   0.0000005284   0.6726912203  -0.0012779164
       -0.0000017853  -0.1609150830   0.1424817420   0.0000001091  -0.0267372700
        0.0268317857   0.0000000204   0.0028605338  -0.0042738155  -0.0000000229
       -0.0384232977  -0.0244773105   0.0000001621   0.0008839842  -0.0000092323
       -0.0000000013  -0.0058337981  -0.0003863368   0.0000000367  -0.0046417611
       -0.0030919293   0.0000000315  -0.0019453907   0.0017321089   0.0000000094
        0.0001319863   0.0000616345   0.0001508668  -0.0004228428   0.0000553593
        0.0000000015   0.0001319823   0.0000616337  -0.0001508687   0.0091326369
       -0.0160708664   0.0000000108   0.0021118812  -0.0012108057  -0.0000000148
        0.0003753630   0.0001053535   0.0004685336   0.0003753577   0.0001053476
       -0.0004685323  -0.0005352770  -0.0000882482   0.0000000055  -0.3058686109
        0.0068731659   0.0000009484   0.0062621011   0.0123917482  -0.0000000390
       -0.0629295203  -0.2661457435   0.0000004935  -0.0012779164   0.6567872572
       -0.0000008769   0.0650258230  -0.2612036084   0.0000002057   0.0764796487
        0.0145866684  -0.0000002864   0.0043015019  -0.0585488947   0.0000000555
       -0.0827243612   0.0232203804   0.0000002263  -0.0001761856  -0.0005238228
       -0.0000000025   0.0000670947   0.0011636945   0.0000000119  -0.0050585740
        0.0093056118   0.0000000158   0.0003093578  -0.0007991068  -0.0000000008
       -0.0005160366   0.0001709381  -0.0003315650  -0.0000999279  -0.0001031155
        0.0000000029  -0.0005160332   0.0001709382   0.0003315711   0.0089679877
       -0.0491819525   0.0000000979   0.0022557489  -0.0003770540  -0.0000000201
       -0.0001133026   0.0002642955  -0.0002738957  -0.0001133029   0.0002642924
        0.0002738987   0.0009086939   0.0001428931  -0.0000000093   0.0068877351
       -0.0429241001  -0.0000000006  -0.0116784310  -0.0262695713   0.0000000778
        0.0000004028   0.0000006716  -0.0435320049  -0.0000017853  -0.0000008769
        0.1065850437   0.0000002173   0.0000000392  -0.0442602075  -0.0000000394
       -0.0000002488  -0.0031896752  -0.0000000226   0.0000000947  -0.0028308025
        0.0000002535   0.0000001491   0.0018492646  -0.0000000032   0.0000000024
       -0.0001870406   0.0000000418   0.0000000120   0.0074028993   0.0000000339
        0.0000000212   0.0045283831   0.0000000130  -0.0000000044   0.0013450673
        0.0002305852  -0.0000743941   0.0000351321   0.0000000035   0.0000000005
        0.0000439382  -0.0002305841   0.0000743945   0.0000351333  -0.0000000093
        0.0000001326   0.0038319872  -0.0000000286   0.0000000064  -0.0016809814
       -0.0002471554   0.0003241238   0.0000786185   0.0002471519  -0.0003241274
        0.0000786198   0.0000000011   0.0000000007   0.0003360257   0.0000009269
        0.0000000029  -0.0302303807  -0.0000000029  -0.0000000001  -0.0002390199
        0.0596974399   0.0280861740  -0.0000002371  -0.1609150830   0.0650258230
        0.0000002173   0.6202076907  -0.0481966182  -0.0000016486  -0.2642703635
        0.0386422972   0.0000006944  -0.0266906034  -0.0764980870   0.0000001948
       -0.0488532885   0.0287263101   0.0000001080   0.0001696730  -0.0013905996
        0.0000000274  -0.0001195961   0.0008761402   0.0000000038  -0.0314095588
        0.0169348244   0.0000000914  -0.0016412642   0.0003939575   0.0000000071
       -0.0006975870   0.0005351848  -0.0003584352  -0.0004302386  -0.0004413127
        0.0000000014  -0.0006975848   0.0005351865   0.0003584383  -0.0984491925
       -0.0381312500   0.0000003729  -0.0217518792  -0.0369891757   0.0000000989
        0.0014727801  -0.0002613055  -0.0009607688   0.0014727676  -0.0002613136
        0.0009607518  -0.0068392994  -0.0011583672   0.0000000305  -0.0195258113
        0.0265214571   0.0000000177  -0.0007290011  -0.0029493253   0.0000000340
       -0.0251282214  -0.0654224065   0.0000001963   0.1424817420  -0.2612036084
        0.0000000392  -0.0481966182   0.6436750601  -0.0000007354  -0.0387380673
       -0.0514334843   0.0000002047  -0.0268503136   0.0145400948   0.0000001319
        0.0257508050  -0.0069339694  -0.0000000790  -0.0024126710  -0.0038836768
        0.0000000236   0.0011746310   0.0009299340  -0.0000000403   0.0498117082
       -0.0307709031  -0.0000002033  -0.0012493613  -0.0052004510   0.0000000068
        0.0002605696   0.0002693854   0.0001588353   0.0016275510  -0.0002360200
        0.0000000027   0.0002605722   0.0002693747  -0.0001588353  -0.0616935160
       -0.2306336536   0.0000003636  -0.0199013402  -0.0044395767   0.0000001225
        0.0018790859   0.0011608874  -0.0016180522   0.0018791003   0.0011608635
        0.0016180344  -0.0013234158  -0.0001802553   0.0000000058   0.0029448365
        0.0006908837  -0.0000000103  -0.0025770770  -0.0023584783  -0.0000000108
       -0.0000001378  -0.0000000466  -0.0025859959   0.0000001091   0.0000002057
       -0.0442602075  -0.0000016486  -0.0000007354   0.1211513147   0.0000008136
        0.0000000172  -0.0514901194   0.0000001129   0.0000002062  -0.0027577951
        0.0000000890  -0.0000000727  -0.0041588291   0.0000000299   0.0000000169
        0.0079290802   0.0000000048  -0.0000000039   0.0006472756   0.0000000588
       -0.0000000339   0.0028374608   0.0000000029   0.0000000058   0.0013805167
        0.0002344237  -0.0001738458  -0.0001014242  -0.0000000038  -0.0000000011
        0.0001120654  -0.0002344226   0.0001738360  -0.0001014255   0.0000003085
        0.0000002632  -0.0332589082   0.0000001195   0.0000002107  -0.0042039148
        0.0009786584   0.0010810894   0.0005743992  -0.0009786698  -0.0010810662
        0.0005743880   0.0000000601   0.0000000214   0.0005766067   0.0000000613
       -0.0000000872   0.0000117186   0.0000000301   0.0000000204   0.0071237937
       -0.0488287408  -0.0287452727   0.0000001802  -0.0267372700   0.0764796487
       -0.0000000394  -0.2642703635  -0.0387380673   0.0000008136   0.6201664934
        0.0481789442  -0.0000017655  -0.1608208908  -0.0649787246   0.0000005065
        0.0596986811  -0.0280295759  -0.0000001812  -0.0195127187  -0.0265307092
        0.0000001074  -0.0007314423   0.0029500262   0.0000000243  -0.0984965519
        0.0381953836   0.0000001518  -0.0217780537   0.0369815310   0.0000000162
        0.0014735497   0.0002614313   0.0009615527  -0.0068404435   0.0011553220
        0.0000000170   0.0014735491   0.0002614229  -0.0009615579  -0.0313793687
       -0.0169349235   0.0000001346  -0.0016416896  -0.0003924967   0.0000000187
       -0.0006972038  -0.0005355579   0.0003583545  -0.0006972037  -0.0005355542
       -0.0003583498  -0.0004297379   0.0004412777  -0.0000000016   0.0001680045
        0.0013924850   0.0000000186  -0.0001185989  -0.0008765906  -0.0000000006
       -0.0257698384  -0.0069585919   0.0000008528   0.0268317857   0.0145866684
       -0.0000002488   0.0386422972  -0.0514334843   0.0000000172   0.0481789442
        0.6437229873  -0.0000017933  -0.1424346124  -0.2612941563   0.0000006626
        0.0251846921  -0.0654236016  -0.0000001018  -0.0029539663   0.0006777484
        0.0000000342   0.0025778177  -0.0023559575  -0.0000000377   0.0617580270
       -0.2305960894   0.0000001398   0.0198936861  -0.0044138012   0.0000000324
       -0.0018790556   0.0011601336  -0.0016175971   0.0013203771  -0.0001792220
        0.0000001099  -0.0018790214   0.0011600870   0.0016177524  -0.0498118613
       -0.0308012268   0.0000002773   0.0012510138  -0.0051999431   0.0000000002
       -0.0002610046   0.0002690158   0.0001589668  -0.0002609857   0.0002689680
       -0.0001589933  -0.0016276260  -0.0002365880   0.0000000395   0.0024144797
       -0.0038819575  -0.0000000534  -0.0011751489   0.0009290112  -0.0000000596
        0.0000001824   0.0000009225  -0.0041012329   0.0000000204  -0.0000002864
       -0.0031896752   0.0000006944   0.0000002047  -0.0514901194  -0.0000017655
       -0.0000017933   0.1211291854   0.0000005963   0.0000005471  -0.0437097095
       -0.0000002786   0.0000002053  -0.0025604844   0.0000000593   0.0000001039
        0.0001838418  -0.0000000028   0.0000000129   0.0070807249   0.0000001477
        0.0000001009  -0.0332626162   0.0000000391  -0.0000000795  -0.0044462088
       -0.0009692288   0.0010616901   0.0005226409   0.0000000351   0.0000000235
        0.0005082691   0.0009692472  -0.0010616391   0.0005226404   0.0000001826
        0.0000000800   0.0029053765   0.0000000346  -0.0000000099   0.0016249855
       -0.0002222636  -0.0001924631  -0.0000843078   0.0002222870   0.0001924171
       -0.0000843081   0.0000000248  -0.0000000244   0.0001036162   0.0000000106
       -0.0000000046   0.0078679028  -0.0000000222  -0.0000000077   0.0004794789
       -0.0384717764   0.0244496576   0.0000001116   0.0028605338   0.0043015019
       -0.0000000226  -0.0266906034  -0.0268503136   0.0000001129  -0.1608208908
       -0.1424346124   0.0000005963   0.6726907859   0.0012806649  -0.0000018679
       -0.1497251761   0.1398664037   0.0000001917  -0.3058635963  -0.0069900650
        0.0000008494   0.0062623841  -0.0123770656  -0.0000000052   0.0091294702
        0.0160974155  -0.0000000478   0.0021123814   0.0012119756  -0.0000000112
        0.0003753334  -0.0001053074  -0.0004684308  -0.0005348902   0.0000879596
        0.0000000031   0.0003753331  -0.0001053089   0.0004684297  -0.0046454313
        0.0030855694   0.0000000334  -0.0019444587  -0.0017326538   0.0000000133
        0.0001317803  -0.0000616687  -0.0001507171   0.0001317811  -0.0000616688
        0.0001507187  -0.0004228727  -0.0000555373   0.0000000058   0.0008838934
        0.0000098456  -0.0000000013  -0.0058339809   0.0003832078   0.0000000380
        0.0826967699   0.0232686305  -0.0000003001  -0.0042738155  -0.0585488947
        0.0000000947  -0.0764980870   0.0145400948   0.0000002062  -0.0649787246
       -0.2612941563   0.0000005471   0.0012806649   0.6567880949  -0.0000007538
        0.0629825870  -0.2660559850   0.0000000604  -0.0070048453  -0.0429301145
        0.0000000314   0.0116931422  -0.0262699498  -0.0000000146  -0.0089414602
       -0.0491800311   0.0000001095  -0.0022546307  -0.0003776108   0.0000000024
        0.0001133554   0.0002643227  -0.0002740691  -0.0009090365   0.0001425101
        0.0000000025   0.0001133584   0.0002643227   0.0002740686   0.0050522647
        0.0093094701   0.0000000130  -0.0003099084  -0.0008000201  -0.0000000007
        0.0005159890   0.0001711427  -0.0003316297   0.0005159918   0.0001711435
        0.0003316190   0.0000997923  -0.0001030592  -0.0000000053   0.0001768034
       -0.0005237417   0.0000000054  -0.0000702107   0.0011638312   0.0000000132
        0.0000000153  -0.0000001559   0.0015647342  -0.0000000229   0.0000000555
       -0.0028308025   0.0000001948   0.0000001319  -0.0027577951   0.0000005065
        0.0000006626  -0.0437097095  -0.0000018679  -0.0000007538   0.1066769153
        0.0000003099  -0.0000001065  -0.0436879299   0.0000008598   0.0000000394
       -0.0305124454  -0.0000000437   0.0000000833  -0.0001585008  -0.0000000262
        0.0000000303   0.0035754966  -0.0000000032  -0.0000000023  -0.0016897246
        0.0002801478   0.0002197729   0.0001073602   0.0000000050   0.0000000004
        0.0003140942  -0.0002801490  -0.0002197720   0.0001073576   0.0000000302
        0.0000000107   0.0044684914   0.0000000093   0.0000000015   0.0012934027
       -0.0002403576  -0.0000952953   0.0000071310   0.0002403574   0.0000952919
        0.0000071281  -0.0000000008  -0.0000000014  -0.0000107900  -0.0000000034
        0.0000000002  -0.0002268833   0.0000000386   0.0000000065   0.0074624697
       -0.3498958046   0.0383274349   0.0000008814  -0.0384232977  -0.0827243612
        0.0000002535  -0.0488532885   0.0257508050   0.0000000890   0.0596986811
        0.0251846921  -0.0000002786  -0.1497251761   0.0629825870   0.0000003099
        0.6759268425   0.0152252948  -0.0000019128  -0.0185123126   0.0257297005
        0.0000000326  -0.1106413457  -0.1134517600   0.0000005044  -0.0043653323
       -0.0009474597   0.0000000454  -0.0002088795   0.0002540841   0.0000000039
       -0.0003675085   0.0002873469   0.0001486633   0.0001517386   0.0000704886
        0.0000000039  -0.0003675075   0.0002873479  -0.0001486553   0.0024221901
        0.0038819964   0.0000000035  -0.0000386452  -0.0005925248  -0.0000000051
        0.0004063710   0.0002380209  -0.0003032419   0.0004063755   0.0002380197
        0.0003032304   0.0001042918  -0.0001240172  -0.0000000029  -0.0004189287
       -0.0028351429   0.0000000295  -0.0172984638   0.0022174471   0.0000000459
       -0.0384442103  -0.0917323813   0.0000002909  -0.0244773105   0.0232203804
        0.0000001491   0.0287263101  -0.0069339694  -0.0000000727  -0.0280295759
       -0.0654236016   0.0000002053   0.1398664037  -0.2660559850  -0.0000001065
        0.0152252948   0.6598089785  -0.0000009561   0.0018368800  -0.0008446065
        0.0000000081  -0.1136860431  -0.2363567402   0.0000007205  -0.0027368939
       -0.0043367249   0.0000000022   0.0011232682   0.0008117004  -0.0000000106
        0.0001565304  -0.0003638724   0.0000436448   0.0000014536   0.0002252889
       -0.0000000138   0.0001565312  -0.0003638606  -0.0000436514  -0.0026494793
       -0.0056636674  -0.0000000372   0.0003316695   0.0001865686  -0.0000000125
       -0.0002909699  -0.0000246162   0.0000935969  -0.0002909688  -0.0000246055
       -0.0000936089   0.0001063308   0.0000735465  -0.0000000165  -0.0035106702
       -0.0041258786   0.0000000295   0.0265854497  -0.0020759537  -0.0000001613
        0.0000009869   0.0000001350  -0.0460233850   0.0000001621   0.0000002263
        0.0018492646   0.0000001080  -0.0000000790  -0.0041588291  -0.0000001812
       -0.0000001018  -0.0025604844   0.0000001917   0.0000000604  -0.0436879299
       -0.0000019128  -0.0000009561   0.1123048586   0.0000000557  -0.0000000785
       -0.0000683161   0.0000004835   0.0000007759  -0.0322542529   0.0000000500
        0.0000000200   0.0071764736   0.0000000046   0.0000000034   0.0009053580
        0.0001700066  -0.0004480504  -0.0001713046   0.0000000040   0.0000000046
        0.0000198088  -0.0001700031   0.0004480585  -0.0001713042  -0.0000000054
       -0.0000000171  -0.0001407114   0.0000000043  -0.0000000024   0.0001680497
       -0.0000156261  -0.0000351021   0.0000189250   0.0000156267   0.0000350908
        0.0000189242   0.0000000038  -0.0000000045   0.0000302879   0.0000000279
        0.0000000223   0.0070050955   0.0000000129  -0.0000000054  -0.0002605282
       -0.0004217763   0.0035123473   0.0000000283   0.0008839842  -0.0001761856
       -0.0000000032   0.0001696730  -0.0024126710   0.0000000299  -0.0195127187
       -0.0029539663   0.0000000593  -0.3058635963  -0.0070048453   0.0000008598
       -0.0185123126   0.0018368800   0.0000000557   0.3443131639   0.0033206148
       -0.0000010069   0.0009193769  -0.0006518189  -0.0000000109  -0.0006695528
        0.0012901267  -0.0000000051   0.0001938191   0.0017743254  -0.0000000026
        0.0002819923   0.0006571515  -0.0000062221   0.0003189078   0.0003871174
       -0.0000000008   0.0002819963   0.0006571464   0.0000062189  -0.0013004804
       -0.0001484235   0.0000000064  -0.0000108990  -0.0002750788  -0.0000000022
       -0.0000029343   0.0000395306  -0.0000011354  -0.0000029347   0.0000395298
        0.0000011343  -0.0000779630  -0.0000305373   0.0000000001   0.0000542011
        0.0000142505  -0.0000000057  -0.0010419465   0.0001245064   0.0000000024
        0.0028368169  -0.0041230598  -0.0000000147  -0.0000092323  -0.0005238228
        0.0000000024  -0.0013905996  -0.0038836768   0.0000000169  -0.0265307092
        0.0006777484   0.0000001039  -0.0069900650  -0.0429301145   0.0000000394
        0.0257297005  -0.0008446065  -0.0000000785   0.0033206148   0.0549428609
       -0.0000000554   0.0009582837   0.0006409952  -0.0000000039   0.0010103202
        0.0017786347  -0.0000000089   0.0000687080  -0.0017822017   0.0000000000
        0.0008512391  -0.0015839724   0.0012764234  -0.0000969680   0.0000423672
       -0.0000000031   0.0008512346  -0.0015839819  -0.0012764274  -0.0015011678
       -0.0002353955   0.0000000037  -0.0003779067  -0.0003572225   0.0000000007
        0.0000195460   0.0000003194  -0.0000003709   0.0000195441   0.0000003206
        0.0000003718  -0.0001209287  -0.0000107687   0.0000000006  -0.0000142187
       -0.0000168700  -0.0000000002   0.0013657882  -0.0002075531   0.0000000004
        0.0000000205  -0.0000000211   0.0069852230  -0.0000000013  -0.0000000025
       -0.0001870406   0.0000000274   0.0000000236   0.0079290802   0.0000001074
        0.0000000342   0.0001838418   0.0000008494   0.0000000314  -0.0305124454
        0.0000000326   0.0000000081  -0.0000683161  -0.0000010069  -0.0000000554
        0.0222973296  -0.0000000120  -0.0000000033  -0.0024217067  -0.0000000093
       -0.0000000086  -0.0017190333  -0.0000000033  -0.0000000027  -0.0002275677
       -0.0005490133   0.0010762585  -0.0002106424  -0.0000000020  -0.0000000021
       -0.0002126544   0.0005490074  -0.0010762598  -0.0002106381   0.0000000062
       -0.0000000030  -0.0001087249  -0.0000000019   0.0000000021  -0.0003283013
        0.0000589880   0.0000120334  -0.0000095762  -0.0000589889  -0.0000120329
       -0.0000095749  -0.0000000001   0.0000000004  -0.0000268537  -0.0000000042
       -0.0000000014  -0.0014220971   0.0000000044   0.0000000007   0.0002796980
       -0.0172853062  -0.0265922595   0.0000001239  -0.0058337981   0.0000670947
        0.0000000418  -0.0001195961   0.0011746310   0.0000000048  -0.0007314423
        0.0025778177  -0.0000000028   0.0062623841   0.0116931422  -0.0000000437
       -0.1106413457  -0.1136860431   0.0000004835   0.0009193769   0.0009582837
       -0.0000000120   0.1276884645   0.1252803992  -0.0000005934   0.0001934540
        0.0007714198   0.0000000015  -0.0000315266   0.0000446121   0.0000000017
        0.0000454039  -0.0000019441   0.0000331051   0.0000149496   0.0000059352
        0.0000000023   0.0000454042  -0.0000019451  -0.0000331024  -0.0002965426
       -0.0001800788   0.0000000005   0.0001913546  -0.0001725597  -0.0000000013
        0.0000038276   0.0000558464  -0.0000415884   0.0000038285   0.0000558444
        0.0000415876   0.0000343726  -0.0000423397   0.0000000001  -0.0010412785
       -0.0013661746   0.0000000041   0.0005780156  -0.0006416818  -0.0000000132
       -0.0022243372  -0.0020889016  -0.0000000020  -0.0003863368   0.0011636945
        0.0000000120   0.0008761402   0.0009299340  -0.0000000039   0.0029500262
       -0.0023559575   0.0000000129  -0.0123770656  -0.0262699498   0.0000000833
       -0.1134517600  -0.2363567402   0.0000007759  -0.0006518189   0.0006409952
       -0.0000000033   0.1252803992   0.2666391491  -0.0000008723  -0.0002642582
       -0.0028755557   0.0000000040  -0.0001521151   0.0000940322   0.0000000001
       -0.0000234809   0.0000291139   0.0000277533   0.0000265420   0.0000216349
       -0.0000000006  -0.0000234811   0.0000291135  -0.0000277546  -0.0001725851
       -0.0002755894  -0.0000000006   0.0001101134  -0.0000083006  -0.0000000002
       -0.0000157544   0.0000299243   0.0000142568  -0.0000157553   0.0000299240
       -0.0000142557  -0.0000010825  -0.0000096294   0.0000000003  -0.0001248771
       -0.0002082223   0.0000000012   0.0006414874   0.0008413309  -0.0000000067
        0.0000000375   0.0000002390  -0.0002192637   0.0000000367   0.0000000119
        0.0074028993   0.0000000038  -0.0000000403   0.0006472756   0.0000000243
       -0.0000000377   0.0070807249  -0.0000000052  -0.0000000146  -0.0001585008
        0.0000005044   0.0000007205  -0.0322542529  -0.0000000109  -0.0000000039
       -0.0024217067  -0.0000005934  -0.0000008723   0.0236209745   0.0000000024
        0.0000000006   0.0000917408   0.0000000029   0.0000000030   0.0000365672
       -0.0000008163   0.0000221672  -0.0000162116   0.0000000027   0.0000000031
       -0.0000060408   0.0000008169  -0.0000221613  -0.0000162119   0.0000000010
       -0.0000000006  -0.0012801721  -0.0000000008  -0.0000000031  -0.0003251939
        0.0000621092   0.0000971692   0.0000290321  -0.0000621074  -0.0000971765
        0.0000290345   0.0000000029  -0.0000000034  -0.0000047566   0.0000000026
        0.0000000027   0.0002827510  -0.0000000134  -0.0000000034  -0.0025186890
        0.0024226232   0.0026531186  -0.0000000198  -0.0046417611  -0.0050585740
        0.0000000339  -0.0314095588   0.0498117082   0.0000000588  -0.0984965519
        0.0617580270   0.0000001477   0.0091294702  -0.0089414602  -0.0000000262
       -0.0043653323  -0.0027368939   0.0000000500  -0.0006695528   0.0010103202
       -0.0000000093   0.0001934540  -0.0002642582   0.0000000024   0.4277136192
       -0.0705129605  -0.0000009153  -0.2073385396  -0.0224851585   0.0000004397
       -0.0368085202  -0.0048555722  -0.0110421943  -0.0184943977   0.0080077279
        0.0000000382  -0.0368083090  -0.0048555490   0.0110424103  -0.0015895798
       -0.0057969138  -0.0000000085   0.0022629420   0.0001357948  -0.0000000142
        0.0001149515   0.0002855496  -0.0000265598   0.0001149514   0.0002855495
        0.0000265618   0.0002681399  -0.0001135950  -0.0000000003  -0.0013012330
        0.0015006041   0.0000000036  -0.0002968152   0.0001725355   0.0000000014
       -0.0038780651  -0.0056641249   0.0000000050  -0.0030919293   0.0093056118
        0.0000000212   0.0169348244  -0.0307709031  -0.0000000339   0.0381953836
       -0.2305960894   0.0000001009   0.0160974155  -0.0491800311   0.0000000303
       -0.0009474597  -0.0043367249   0.0000000200   0.0012901267   0.0017786347
       -0.0000000086   0.0007714198  -0.0028755557   0.0000000006  -0.0705129605
        0.3666856536  -0.0000001160  -0.0062411407  -0.0714295207   0.0000000437
       -0.0136422155   0.0025111730   0.0010750371   0.0352785220  -0.0049454749
       -0.0000000906  -0.0136421445   0.0025111709  -0.0010749784   0.0057897401
        0.0177914987  -0.0000000239  -0.0028312952   0.0004888370   0.0000000140
        0.0000598620  -0.0004494532   0.0000608512   0.0000598620  -0.0004494524
       -0.0000608571  -0.0000180723   0.0001347497  -0.0000000035   0.0001479661
       -0.0002345907  -0.0000000054   0.0001801606  -0.0002754083  -0.0000000066
       -0.0000000040  -0.0000000261  -0.0002404232   0.0000000315   0.0000000158
        0.0045283831   0.0000000914  -0.0000002033   0.0028374608   0.0000001518
        0.0000001398  -0.0332626162  -0.0000000478   0.0000001095   0.0035754966
        0.0000000454   0.0000000022   0.0071764736  -0.0000000051  -0.0000000089
       -0.0017190333   0.0000000015   0.0000000040   0.0000917408  -0.0000009153
       -0.0000001160   0.0588057616   0.0000004343   0.0000000825  -0.0446023229
       -0.0275315014   0.0013391031   0.0024110204   0.0000000033  -0.0000000194
        0.0007577146   0.0275317363  -0.0013390912   0.0024108265  -0.0000000135
       -0.0000000001  -0.0012583743  -0.0000000081   0.0000000027  -0.0003235406
       -0.0000011093   0.0000904798   0.0000723599   0.0000011075  -0.0000904742
        0.0000723600  -0.0000000031   0.0000000030  -0.0000937136   0.0000000044
       -0.0000000023  -0.0000629963   0.0000000002  -0.0000000009  -0.0011765774
       -0.0000387720  -0.0003318424  -0.0000000094  -0.0019453907   0.0003093578
        0.0000000130  -0.0016412642  -0.0012493613   0.0000000029  -0.0217780537
        0.0198936861   0.0000000391   0.0021123814  -0.0022546307  -0.0000000032
       -0.0002088795   0.0011232682   0.0000000046   0.0001938191   0.0000687080
       -0.0000000033  -0.0000315266  -0.0001521151   0.0000000029  -0.2073385396
       -0.0062411407   0.0000004343   0.3985281450   0.0053559450   0.0000002093
       -0.0624287317  -0.0323626635  -0.0621480105  -0.0448909385   0.0451146308
       -0.0000000628  -0.0624281064  -0.0323620767   0.0621473960   0.0022617024
        0.0028319441  -0.0000000142  -0.0003478185   0.0001878654   0.0000000014
       -0.0000579042  -0.0001114197  -0.0001279785  -0.0000579038  -0.0001114177
        0.0001279791  -0.0000822717   0.0000232962   0.0000000001  -0.0000112173
        0.0003780171  -0.0000000010   0.0001912704  -0.0001100511   0.0000000004
        0.0005923912   0.0001866395  -0.0000000234   0.0017321089  -0.0007991068
       -0.0000000044   0.0003939575  -0.0052004510   0.0000000058   0.0369815310
       -0.0044138012  -0.0000000795   0.0012119756  -0.0003776108  -0.0000000023
        0.0002540841   0.0008117004   0.0000000034   0.0017743254  -0.0017822017
       -0.0000000027   0.0000446121   0.0000940322   0.0000000030  -0.0224851585
       -0.0714295207   0.0000000825   0.0053559450   0.5297957905  -0.0000000571
       -0.0320451150  -0.0853433437  -0.0796468089   0.0381937886  -0.2764193943
        0.0000002331  -0.0320445392  -0.0853428948   0.0796466471  -0.0001349976
        0.0004901713  -0.0000000013  -0.0001880620   0.0001059907   0.0000000005
       -0.0000442658  -0.0000139934   0.0000115305  -0.0000442668  -0.0000139918
       -0.0000115297   0.0000038432   0.0000172021  -0.0000000009   0.0002752217
       -0.0003569405   0.0000000009   0.0001726206  -0.0000082760   0.0000000033
        0.0000000031  -0.0000000713   0.0002147945   0.0000000094  -0.0000000008
        0.0013450673   0.0000000071   0.0000000068   0.0013805167   0.0000000162
        0.0000000324  -0.0044462088  -0.0000000112   0.0000000024  -0.0016897246
        0.0000000039  -0.0000000106   0.0009053580  -0.0000000026   0.0000000000
       -0.0002275677   0.0000000017   0.0000000001   0.0000365672   0.0000004397
        0.0000000437  -0.0446023229   0.0000002093  -0.0000000571   0.4853576092
       -0.0618022800  -0.0804479346  -0.1968569191  -0.0000000555   0.0000002142
       -0.0437090766   0.0618016688   0.0804477728  -0.1968580085  -0.0000000110
       -0.0000000051  -0.0003272587   0.0000000016   0.0000000012   0.0000893021
        0.0000207577  -0.0000366050  -0.0000236209  -0.0000207580   0.0000366091
       -0.0000236219  -0.0000000011   0.0000000017   0.0000109320   0.0000000004
       -0.0000000006  -0.0002743300   0.0000000005   0.0000000006  -0.0003014872
        0.0004063421   0.0002911705   0.0000037060   0.0001319863  -0.0005160366
        0.0002305852  -0.0006975870   0.0002605696   0.0002344237   0.0014735497
       -0.0018790556  -0.0009692288   0.0003753334   0.0001133554   0.0002801478
       -0.0003675085   0.0001565304   0.0001700066   0.0002819923   0.0008512391
       -0.0005490133   0.0000454039  -0.0000234809  -0.0000008163  -0.0368085202
       -0.0136422155  -0.0275315014  -0.0624287317  -0.0320451150  -0.0618022800
        0.0899570385   0.0418112279   0.0796172259   0.0029319696   0.0009343577
        0.0033179830   0.0046871258   0.0036721715   0.0071259817   0.0001150863
       -0.0000596121   0.0000119331  -0.0000579816   0.0000442394  -0.0000147661
       -0.0000192898   0.0000213021   0.0000193977  -0.0000302841   0.0000176203
       -0.0000156367   0.0000031537  -0.0000044485  -0.0000010063  -0.0000029128
       -0.0000195561  -0.0000620750   0.0000038343   0.0000157362  -0.0000650667
       -0.0002378262  -0.0000246207  -0.0000088125   0.0000616345   0.0001709381
       -0.0000743941   0.0005351848   0.0002693854  -0.0001738458   0.0002614313
        0.0011601336   0.0010616901  -0.0001053074   0.0002643227   0.0002197729
        0.0002873469  -0.0003638724  -0.0004480504   0.0006571515  -0.0015839724
        0.0010762585  -0.0000019441   0.0000291139   0.0000221672  -0.0048555722
        0.0025111730   0.0013391031  -0.0323626635  -0.0853433437  -0.0804479346
        0.0418112279   0.0956943803   0.0928961817  -0.0093961732  -0.0175389954
       -0.0271625408   0.0036722105   0.0051612968   0.0115011706  -0.0002853879
       -0.0004496807   0.0001021659   0.0001113355  -0.0000138960  -0.0000364800
       -0.0000209893   0.0000260398   0.0000200866  -0.0000180057   0.0000114201
       -0.0000092205  -0.0000182775  -0.0000100180  -0.0000112799  -0.0000395232
        0.0000002982   0.0000221865  -0.0000558527   0.0000298975   0.0001117754
        0.0003031904   0.0000936688   0.0000604658   0.0001508668  -0.0003315650
        0.0000351321  -0.0003584352   0.0001588353  -0.0001014242   0.0009615527
       -0.0016175971   0.0005226409  -0.0004684308  -0.0002740691   0.0001073602
        0.0001486633   0.0000436448  -0.0001713046  -0.0000062221   0.0012764234
       -0.0002106424   0.0000331051   0.0000277533  -0.0000162116  -0.0110421943
        0.0010750371   0.0024110204  -0.0621480105  -0.0796468089  -0.1968569191
        0.0796172259   0.0928961817   0.2245916108  -0.0002287648  -0.0023132980
       -0.0017089137  -0.0071261687  -0.0115012905  -0.0287139668   0.0000265354
        0.0000608557   0.0000662433   0.0001279761   0.0000115805  -0.0000240862
       -0.0000221557   0.0000294272   0.0000190997  -0.0000128923  -0.0000001548
       -0.0000167313   0.0000014587  -0.0000025168   0.0000085031   0.0000011297
       -0.0000003797  -0.0000154958   0.0000415703   0.0000142722   0.0000136194
        0.0001043273  -0.0001063119  -0.0000000203  -0.0004228428  -0.0000999279
        0.0000000035  -0.0004302386   0.0016275510  -0.0000000038  -0.0068404435
        0.0013203771   0.0000000351  -0.0005348902  -0.0009090365   0.0000000050
        0.0001517386   0.0000014536   0.0000000040   0.0003189078  -0.0000969680
       -0.0000000020   0.0000149496   0.0000265420   0.0000000027  -0.0184943977
        0.0352785220   0.0000000033  -0.0448909385   0.0381937886  -0.0000000555
        0.0029319696  -0.0093961732  -0.0002287648   0.0650196849  -0.0566123924
        0.0000000258   0.0029319531  -0.0093960287   0.0002287640   0.0002679720
        0.0000181233  -0.0000000030  -0.0000823224  -0.0000038232   0.0000000007
        0.0000031140   0.0000183371  -0.0000014510   0.0000031129   0.0000183382
        0.0000014520  -0.0000080553  -0.0000044392  -0.0000000000  -0.0000780109
        0.0001209465   0.0000000010   0.0000344100   0.0000011216   0.0000000032
        0.0001240090   0.0000735447  -0.0000000236   0.0000553593  -0.0001031155
        0.0000000005  -0.0004413127  -0.0002360200  -0.0000000011   0.0011553220
       -0.0001792220   0.0000000235   0.0000879596   0.0001425101   0.0000000004
        0.0000704886   0.0002252889   0.0000000046   0.0003871174   0.0000423672
       -0.0000000021   0.0000059352   0.0000216349   0.0000000031   0.0080077279
       -0.0049454749  -0.0000000194   0.0451146308  -0.2764193943   0.0000002142
        0.0009343577  -0.0175389954  -0.0023132980  -0.0566123924   0.3163192167
       -0.0000002423   0.0009343594  -0.0175389118   0.0023133357   0.0001135768
        0.0001347272  -0.0000000028  -0.0000233852   0.0000171871   0.0000000006
        0.0000044533  -0.0000100425  -0.0000025082   0.0000044522  -0.0000100410
        0.0000025097   0.0000045019   0.0000250914   0.0000000000   0.0000305047
       -0.0000107181   0.0000000014   0.0000423347  -0.0000096324   0.0000000038
       -0.0000000003  -0.0000001093   0.0000925274   0.0000000015   0.0000000029
        0.0000439382   0.0000000014   0.0000000027   0.0001120654   0.0000000170
        0.0000001099   0.0005082691   0.0000000031   0.0000000025   0.0003140942
        0.0000000039  -0.0000000138   0.0000198088  -0.0000000008  -0.0000000031
       -0.0002126544   0.0000000023  -0.0000000006  -0.0000060408   0.0000000382
       -0.0000000906   0.0007577146  -0.0000000628   0.0000002331  -0.0437090766
        0.0033179830  -0.0271625408  -0.0017089137   0.0000000258  -0.0000002423
        0.0455699257  -0.0033180109   0.0271626305  -0.0017089831  -0.0000000016
        0.0000000061  -0.0000715196  -0.0000000011   0.0000000029   0.0000157770
       -0.0000021735   0.0000027686  -0.0000065836   0.0000021725  -0.0000027635
       -0.0000065841  -0.0000000019   0.0000000027   0.0000349314   0.0000000013
        0.0000000013  -0.0000250034   0.0000000028   0.0000000009  -0.0000136925
        0.0004063393   0.0002911421  -0.0000037255   0.0001319823  -0.0005160332
       -0.0002305841  -0.0006975848   0.0002605722  -0.0002344226   0.0014735491
       -0.0018790214   0.0009692472   0.0003753331   0.0001133584  -0.0002801490
       -0.0003675075   0.0001565312  -0.0001700031   0.0002819963   0.0008512346
        0.0005490074   0.0000454042  -0.0000234811   0.0000008169  -0.0368083090
       -0.0136421445   0.0275317363  -0.0624281064  -0.0320445392   0.0618016688
        0.0046871258   0.0036722105  -0.0071261687   0.0029319531   0.0009343594
       -0.0033180109   0.0899562192   0.0418105279  -0.0796166397   0.0001150853
       -0.0000596140  -0.0000119348  -0.0000579826   0.0000442402   0.0000147675
       -0.0000302834   0.0000176208   0.0000156380  -0.0000192905   0.0000213025
       -0.0000193961   0.0000031532  -0.0000044479   0.0000010075  -0.0000029122
       -0.0000195551   0.0000620761   0.0000038352   0.0000157366   0.0000650688
       -0.0002378263  -0.0000245722   0.0000087640   0.0000616337   0.0001709382
        0.0000743945   0.0005351865   0.0002693747   0.0001738360   0.0002614229
        0.0011600870  -0.0010616391  -0.0001053089   0.0002643227  -0.0002197720
        0.0002873479  -0.0003638606   0.0004480585   0.0006571464  -0.0015839819
       -0.0010762598  -0.0000019451   0.0000291135  -0.0000221613  -0.0048555490
        0.0025111709  -0.0013390912  -0.0323620767  -0.0853428948   0.0804477728
        0.0036721715   0.0051612968  -0.0115012905  -0.0093960287  -0.0175389118
        0.0271626305   0.0418105279   0.0956938641  -0.0928960251  -0.0002853887
       -0.0004496834  -0.0001021664   0.0001113358  -0.0000138969   0.0000364798
       -0.0000180039   0.0000114180   0.0000092224  -0.0000209909   0.0000260399
       -0.0000200838  -0.0000182767  -0.0000100187   0.0000112811  -0.0000395234
        0.0000002976  -0.0000221832  -0.0000558544   0.0000298970  -0.0001117671
       -0.0003031926  -0.0000938157   0.0000604679  -0.0001508687   0.0003315711
        0.0000351333   0.0003584383  -0.0001588353  -0.0001014255  -0.0009615579
        0.0016177524   0.0005226404   0.0004684297   0.0002740686   0.0001073576
       -0.0001486553  -0.0000436514  -0.0001713042   0.0000062189  -0.0012764274
       -0.0002106381  -0.0000331024  -0.0000277546  -0.0000162119   0.0110424103
       -0.0010749784   0.0024108265   0.0621473960   0.0796466471  -0.1968580085
        0.0071259817   0.0115011706  -0.0287139668   0.0002287640   0.0023133357
       -0.0017089831  -0.0796166397  -0.0928960251   0.2245929561  -0.0000265352
       -0.0000608470   0.0000662438  -0.0001279789  -0.0000115767  -0.0000240839
        0.0000128916   0.0000001582  -0.0000167313   0.0000221552  -0.0000294239
        0.0000191004  -0.0000014616   0.0000025204   0.0000085036  -0.0000011278
        0.0000003823  -0.0000154959  -0.0000415657  -0.0000142709   0.0000136194
       -0.0043669558   0.0027368281   0.0000000218   0.0091326369   0.0089679877
       -0.0000000093  -0.0984491925  -0.0616935160   0.0000003085  -0.0313793687
       -0.0498118613   0.0000001826  -0.0046454313   0.0050522647   0.0000000302
        0.0024221901  -0.0026494793  -0.0000000054  -0.0013004804  -0.0015011678
        0.0000000062  -0.0002965426  -0.0001725851   0.0000000010  -0.0015895798
        0.0057897401  -0.0000000135   0.0022617024  -0.0001349976  -0.0000000110
        0.0001150863  -0.0002853879   0.0000265354   0.0002679720   0.0001135768
       -0.0000000016   0.0001150853  -0.0002853887  -0.0000265352   0.4276446602
        0.0705335965  -0.0000019937  -0.2073485385   0.0224239020   0.0000009380
       -0.0368164789   0.0048377394   0.0110419821  -0.0368168929   0.0048376812
       -0.0110415728  -0.0184751981  -0.0080133499   0.0000001355  -0.0006684451
       -0.0010112820   0.0000000000   0.0001937712   0.0002656991   0.0000000011
        0.0009471714  -0.0043351811   0.0000000180  -0.0160708664  -0.0491819525
        0.0000001326  -0.0381312500  -0.2306336536   0.0000002632  -0.0169349235
       -0.0308012268   0.0000000800   0.0030855694   0.0093094701   0.0000000107
        0.0038819964  -0.0056636674  -0.0000000171  -0.0001484235  -0.0002353955
       -0.0000000030  -0.0001800788  -0.0002755894  -0.0000000006  -0.0057969138
        0.0177914987  -0.0000000001   0.0028319441   0.0004901713  -0.0000000051
       -0.0000596121  -0.0004496807   0.0000608557   0.0000181233   0.0001347272
        0.0000000061  -0.0000596140  -0.0004496834  -0.0000608470   0.0705335965
        0.3667417165  -0.0000005542   0.0061802512  -0.0714169759  -0.0000000192
        0.0136244450   0.0025194868   0.0010797770   0.0136242716   0.0025194921
       -0.0010799227  -0.0352844709  -0.0049655409   0.0000002282  -0.0012912043
        0.0017776989  -0.0000000085  -0.0007700114  -0.0028757144   0.0000000059
        0.0000000150  -0.0000000078   0.0071585354   0.0000000108   0.0000000979
        0.0038319872   0.0000003729   0.0000003636  -0.0332589082   0.0000001346
        0.0000002773   0.0029053765   0.0000000334   0.0000000130   0.0044684914
        0.0000000035  -0.0000000372  -0.0001407114   0.0000000064   0.0000000037
       -0.0001087249   0.0000000005  -0.0000000006  -0.0012801721  -0.0000000085
       -0.0000000239  -0.0012583743  -0.0000000142  -0.0000000013  -0.0003272587
        0.0000119331   0.0001021659   0.0000662433  -0.0000000030  -0.0000000028
       -0.0000715196  -0.0000119348  -0.0001021664   0.0000662438  -0.0000019937
       -0.0000005542   0.0588867315   0.0000008872  -0.0000001078  -0.0450291373
        0.0275325020   0.0013707396   0.0024528838  -0.0275321296  -0.0013708147
        0.0024533466   0.0000001787   0.0000000513   0.0008412256   0.0000000035
        0.0000000002  -0.0017037990   0.0000000022   0.0000000042   0.0000475404
       -0.0002081632  -0.0011236974  -0.0000000084   0.0021118812   0.0022557489
       -0.0000000286  -0.0217518792  -0.0199013402   0.0000001195  -0.0016416896
        0.0012510138   0.0000000346  -0.0019444587  -0.0003099084   0.0000000093
       -0.0000386452   0.0003316695   0.0000000043  -0.0000108990  -0.0003779067
       -0.0000000019   0.0001913546   0.0001101134  -0.0000000008   0.0022629420
       -0.0028312952  -0.0000000081  -0.0003478185  -0.0001880620   0.0000000016
       -0.0000579816   0.0001113355   0.0001279761  -0.0000823224  -0.0000233852
       -0.0000000011  -0.0000579826   0.0001113358  -0.0001279789  -0.2073485385
        0.0061802512   0.0000008872   0.3985264267  -0.0054177014   0.0000005611
       -0.0624567453   0.0323729536   0.0621837636  -0.0624581499   0.0323734859
       -0.0621854729  -0.0448504763  -0.0450088911   0.0000001364   0.0001946701
       -0.0000677792   0.0000000044  -0.0000315249   0.0001520593   0.0000000026
       -0.0002544974   0.0008110854   0.0000000218  -0.0012108057  -0.0003770540
        0.0000000064  -0.0369891757  -0.0044395767   0.0000002107  -0.0003924967
       -0.0051999431  -0.0000000099  -0.0017326538  -0.0008000201   0.0000000015
       -0.0005925248   0.0001865686  -0.0000000024  -0.0002750788  -0.0003572225
        0.0000000021  -0.0001725597  -0.0000083006  -0.0000000031   0.0001357948
        0.0004888370   0.0000000027   0.0001878654   0.0001059907   0.0000000012
        0.0000442394  -0.0000138960   0.0000115805  -0.0000038232   0.0000171871
        0.0000000029   0.0000442402  -0.0000138969  -0.0000115767   0.0224239020
       -0.0714169759  -0.0000001078  -0.0054177014   0.5297928346   0.0000000108
        0.0320553154  -0.0853145962  -0.0796200165   0.0320558642  -0.0853136527
        0.0796189754  -0.0380878822  -0.2764584742   0.0000008915  -0.0017733170
       -0.0017829638   0.0000000133  -0.0000447050   0.0000940694  -0.0000000044
        0.0000000124   0.0000000114   0.0009007424  -0.0000000148  -0.0000000201
       -0.0016809814   0.0000000989   0.0000001225  -0.0042039148   0.0000000187
        0.0000000002   0.0016249855   0.0000000133  -0.0000000007   0.0012934027
       -0.0000000051  -0.0000000125   0.0001680497  -0.0000000022   0.0000000007
       -0.0003283013  -0.0000000013  -0.0000000002  -0.0003251939  -0.0000000142
        0.0000000140  -0.0003235406   0.0000000014   0.0000000005   0.0000893021
       -0.0000147661  -0.0000364800  -0.0000240862   0.0000000007   0.0000000006
        0.0000157770   0.0000147675   0.0000364798  -0.0000240839   0.0000009380
       -0.0000000192  -0.0450291373   0.0000005611   0.0000000108   0.4854463620
        0.0618037027  -0.0804944870  -0.1968199906  -0.0618054391   0.0804934512
       -0.1968194442   0.0000001245   0.0000009246  -0.0436920320   0.0000000035
        0.0000000045  -0.0002994391   0.0000000000  -0.0000000012   0.0000315239
       -0.0003672956  -0.0001565099  -0.0001812145   0.0003753630  -0.0001133026
       -0.0002471554   0.0014727801   0.0018790859   0.0009786584  -0.0006972038
       -0.0002610046  -0.0002222636   0.0001317803   0.0005159890  -0.0002403576
        0.0004063710  -0.0002909699  -0.0000156261  -0.0000029343   0.0000195460
        0.0000589880   0.0000038276  -0.0000157544   0.0000621092   0.0001149515
        0.0000598620  -0.0000011093  -0.0000579042  -0.0000442658   0.0000207577
       -0.0000192898  -0.0000209893  -0.0000221557   0.0000031140   0.0000044533
       -0.0000021735  -0.0000302834  -0.0000180039   0.0000128916  -0.0368164789
        0.0136244450   0.0275325020  -0.0624567453   0.0320553154   0.0618037027
        0.0899939208  -0.0418133518  -0.0796580972   0.0046894741  -0.0036728320
       -0.0071309640   0.0029284293  -0.0009249456  -0.0033064787   0.0002827182
       -0.0008502597   0.0005588061   0.0000454053   0.0000234932  -0.0000008201
       -0.0002873397  -0.0003640715  -0.0004401588   0.0001053535   0.0002642955
        0.0003241238  -0.0002613055   0.0011608874   0.0010810894  -0.0005355579
        0.0002690158  -0.0001924631  -0.0000616687   0.0001711427  -0.0000952953
        0.0002380209  -0.0000246162  -0.0000351021   0.0000395306   0.0000003194
        0.0000120334   0.0000558464   0.0000299243   0.0000971692   0.0002855496
       -0.0004494532   0.0000904798  -0.0001114197  -0.0000139934  -0.0000366050
        0.0000213021   0.0000260398   0.0000294272   0.0000183371  -0.0000100425
        0.0000027686   0.0000176208   0.0000114180   0.0000001582   0.0048377394
        0.0025194868   0.0013707396   0.0323729536  -0.0853145962  -0.0804944870
       -0.0418133518   0.0956636608   0.0928599088  -0.0036726593   0.0051512530
        0.0114960620   0.0094052928  -0.0175351344  -0.0271642946  -0.0006561936
       -0.0015846706   0.0010815156   0.0000019494   0.0000291345   0.0000129302
       -0.0001486750   0.0000436085  -0.0001813322   0.0004685336  -0.0002738957
        0.0000786185  -0.0009607688  -0.0016180522   0.0005743992   0.0003583545
        0.0001589668  -0.0000843078  -0.0001507171  -0.0003316297   0.0000071310
       -0.0003032419   0.0000935969   0.0000189250  -0.0000011354  -0.0000003709
       -0.0000095762  -0.0000415884   0.0000142568   0.0000290321  -0.0000265598
        0.0000608512   0.0000723599  -0.0001279785   0.0000115305  -0.0000236209
        0.0000193977   0.0000200866   0.0000190997  -0.0000014510  -0.0000025082
       -0.0000065836   0.0000156380   0.0000092224  -0.0000167313   0.0110419821
        0.0010797770   0.0024528838   0.0621837636  -0.0796200165  -0.1968199906
       -0.0796580972   0.0928599088   0.2245713739   0.0071306016  -0.0114962163
       -0.0287370091   0.0002294889  -0.0023131957  -0.0017439033   0.0000055850
        0.0012763463  -0.0002018346  -0.0000331317   0.0000277334   0.0000010666
       -0.0003672898  -0.0001565319   0.0001811992   0.0003753577  -0.0001133029
        0.0002471519   0.0014727676   0.0018791003  -0.0009786698  -0.0006972037
       -0.0002609857   0.0002222870   0.0001317811   0.0005159918   0.0002403574
        0.0004063755  -0.0002909688   0.0000156267  -0.0000029347   0.0000195441
       -0.0000589889   0.0000038285  -0.0000157553  -0.0000621074   0.0001149514
        0.0000598620   0.0000011075  -0.0000579038  -0.0000442668  -0.0000207580
       -0.0000302841  -0.0000180057  -0.0000128923   0.0000031129   0.0000044522
        0.0000021725  -0.0000192905  -0.0000209909   0.0000221552  -0.0368168929
        0.0136242716  -0.0275321296  -0.0624581499   0.0320558642  -0.0618054391
        0.0046894741  -0.0036726593   0.0071306016   0.0899957109  -0.0418139409
        0.0796598802   0.0029284694  -0.0009248941   0.0033064306   0.0002827135
       -0.0008502769  -0.0005588064   0.0000454068   0.0000234931   0.0000008218
       -0.0002873340  -0.0003640190   0.0004402099   0.0001053476   0.0002642924
       -0.0003241274  -0.0002613136   0.0011608635  -0.0010810662  -0.0005355542
        0.0002689680   0.0001924171  -0.0000616688   0.0001711435   0.0000952919
        0.0002380197  -0.0000246055   0.0000350908   0.0000395298   0.0000003206
       -0.0000120329   0.0000558444   0.0000299240  -0.0000971765   0.0002855495
       -0.0004494524  -0.0000904742  -0.0001114177  -0.0000139918   0.0000366091
        0.0000176203   0.0000114201  -0.0000001548   0.0000183382  -0.0000100410
       -0.0000027635   0.0000213025   0.0000260399  -0.0000294239   0.0048376812
        0.0025194921  -0.0013708147   0.0323734859  -0.0853136527   0.0804934512
       -0.0036728320   0.0051512530  -0.0114962163  -0.0418139409   0.0956625711
       -0.0928586729   0.0094056007  -0.0175349782   0.0271642899  -0.0006562062
       -0.0015846814  -0.0010814982   0.0000019478   0.0000291339  -0.0000129386
        0.0001486812  -0.0000435668  -0.0001813360  -0.0004685323   0.0002738987
        0.0000786198   0.0009607518   0.0016180344   0.0005743880  -0.0003583498
       -0.0001589933  -0.0000843081   0.0001507187   0.0003316190   0.0000071281
        0.0003032304  -0.0000936089   0.0000189242   0.0000011343   0.0000003718
       -0.0000095749   0.0000415876  -0.0000142557   0.0000290345   0.0000265618
       -0.0000608571   0.0000723600   0.0001279791  -0.0000115297  -0.0000236219
       -0.0000156367  -0.0000092205  -0.0000167313   0.0000014520   0.0000025097
       -0.0000065841  -0.0000193961  -0.0000200838   0.0000191004  -0.0110415728
       -0.0010799227   0.0024533466  -0.0621854729   0.0796189754  -0.1968194442
       -0.0071309640   0.0114960620  -0.0287370091   0.0796598802  -0.0928586729
        0.2245705699  -0.0002295942   0.0023133043  -0.0017441139  -0.0000055875
       -0.0012763293  -0.0002018154   0.0000331293  -0.0000277345   0.0000010675
        0.0001517294  -0.0000015036  -0.0000000223  -0.0005352770   0.0009086939
        0.0000000011  -0.0068392994  -0.0013234158   0.0000000601  -0.0004297379
       -0.0016276260   0.0000000248  -0.0004228727   0.0000997923  -0.0000000008
        0.0001042918   0.0001063308   0.0000000038  -0.0000779630  -0.0001209287
       -0.0000000001   0.0000343726  -0.0000010825   0.0000000029   0.0002681399
       -0.0000180723  -0.0000000031  -0.0000822717   0.0000038432  -0.0000000011
        0.0000031537  -0.0000182775   0.0000014587  -0.0000080553   0.0000045019
       -0.0000000019   0.0000031532  -0.0000182767  -0.0000014616  -0.0184751981
       -0.0352844709   0.0000001787  -0.0448504763  -0.0380878822   0.0000001245
        0.0029284293   0.0094052928   0.0002294889   0.0029284694   0.0094056007
       -0.0002295942   0.0649654826   0.0564969962  -0.0000002602   0.0003190168
        0.0000970518  -0.0000000010   0.0000149126  -0.0000265672   0.0000000031
       -0.0000705442   0.0002252465   0.0000000234  -0.0000882482   0.0001428931
        0.0000000007  -0.0011583672  -0.0001802553   0.0000000214   0.0004412777
       -0.0002365880  -0.0000000244  -0.0000555373  -0.0001030592  -0.0000000014
       -0.0001240172   0.0000735465  -0.0000000045  -0.0000305373  -0.0000107687
        0.0000000004  -0.0000423397  -0.0000096294  -0.0000000034  -0.0001135950
        0.0001347497   0.0000000030   0.0000232962   0.0000172021   0.0000000017
       -0.0000044485  -0.0000100180  -0.0000025168  -0.0000044392   0.0000250914
        0.0000000027  -0.0000044479  -0.0000100187   0.0000025204  -0.0080133499
       -0.0049655409   0.0000000513  -0.0450088911  -0.2764584742   0.0000009246
       -0.0009249456  -0.0175351344  -0.0023131957  -0.0009248941  -0.0175349782
        0.0023133043   0.0564969962   0.3163718967  -0.0000011033  -0.0003869925
        0.0000422256  -0.0000000004  -0.0000059752   0.0000216134  -0.0000000039
        0.0000000006  -0.0000000219   0.0000302452   0.0000000055  -0.0000000093
        0.0003360257   0.0000000305   0.0000000058   0.0005766067  -0.0000000016
        0.0000000395   0.0001036162   0.0000000058  -0.0000000053  -0.0000107900
       -0.0000000029  -0.0000000165   0.0000302879   0.0000000001   0.0000000006
       -0.0000268537   0.0000000001   0.0000000003  -0.0000047566  -0.0000000003
       -0.0000000035  -0.0000937136   0.0000000001  -0.0000000009   0.0000109320
       -0.0000010063  -0.0000112799   0.0000085031  -0.0000000000   0.0000000000
        0.0000349314   0.0000010075   0.0000112811   0.0000085036   0.0000001355
        0.0000002282   0.0008412256   0.0000001364   0.0000008915  -0.0436920320
       -0.0033064787  -0.0271642946  -0.0017439033   0.0033064306   0.0271642899
       -0.0017441139  -0.0000002602  -0.0000011033   0.0455268652  -0.0000000031
       -0.0000000016  -0.0002016127   0.0000000002   0.0000000000   0.0000100329
       -0.0185000358  -0.0018448257   0.0000000714  -0.3058686109   0.0068877351
        0.0000009269  -0.0195258113   0.0029448365   0.0000000613   0.0001680045
        0.0024144797   0.0000000106   0.0008838934   0.0001768034  -0.0000000034
       -0.0004189287  -0.0035106702   0.0000000279   0.0000542011  -0.0000142187
       -0.0000000042  -0.0010412785  -0.0001248771   0.0000000026  -0.0013012330
        0.0001479661   0.0000000044  -0.0000112173   0.0002752217   0.0000000004
       -0.0000029128  -0.0000395232   0.0000011297  -0.0000780109   0.0000305047
        0.0000000013  -0.0000029122  -0.0000395234  -0.0000011278  -0.0006684451
       -0.0012912043   0.0000000035   0.0001946701  -0.0017733170   0.0000000035
        0.0002827182  -0.0006561936   0.0000055850   0.0002827135  -0.0006562062
       -0.0000055875   0.0003190168  -0.0003869925  -0.0000000031   0.3443145938
       -0.0031919810  -0.0000010895   0.0009195850   0.0006519856  -0.0000000131
       -0.0257376795  -0.0008571530   0.0000001047   0.0068731659  -0.0429241001
        0.0000000029   0.0265214571   0.0006908837  -0.0000000872   0.0013924850
       -0.0038819575  -0.0000000046   0.0000098456  -0.0005237417   0.0000000002
       -0.0028351429  -0.0041258786   0.0000000223   0.0000142505  -0.0000168700
       -0.0000000014  -0.0013661746  -0.0002082223   0.0000000027   0.0015006041
       -0.0002345907  -0.0000000023   0.0003780171  -0.0003569405  -0.0000000006
       -0.0000195561   0.0000002982  -0.0000003797   0.0001209465  -0.0000107181
        0.0000000013  -0.0000195551   0.0000002976   0.0000003823  -0.0010112820
        0.0017776989   0.0000000002  -0.0000677792  -0.0017829638   0.0000000045
       -0.0008502597  -0.0015846706   0.0012763463  -0.0008502769  -0.0015846814
       -0.0012763293   0.0000970518   0.0000422256  -0.0000000016  -0.0031919810
        0.0549403189  -0.0000000560  -0.0009581368   0.0006407656  -0.0000000046
        0.0000000812   0.0000000680  -0.0001210352   0.0000009484  -0.0000000006
       -0.0302303807   0.0000000177  -0.0000000103   0.0000117186   0.0000000186
       -0.0000000534   0.0078679028  -0.0000000013   0.0000000054  -0.0002268833
        0.0000000295   0.0000000295   0.0070050955  -0.0000000057  -0.0000000002
       -0.0014220971   0.0000000041   0.0000000012   0.0002827510   0.0000000036
       -0.0000000054  -0.0000629963  -0.0000000010   0.0000000009  -0.0002743300
       -0.0000620750   0.0000221865  -0.0000154958   0.0000000010   0.0000000014
       -0.0000250034   0.0000620761  -0.0000221832  -0.0000154959   0.0000000000
       -0.0000000085  -0.0017037990   0.0000000044   0.0000000133  -0.0002994391
        0.0005588061   0.0010815156  -0.0002018346  -0.0005588064  -0.0010814982
       -0.0002018154  -0.0000000010  -0.0000000004  -0.0002016127  -0.0000010895
       -0.0000000560   0.0222842098  -0.0000000107  -0.0000000057  -0.0024494592
       -0.1107432727   0.1137423354   0.0000001253   0.0062621011  -0.0116784310
       -0.0000000029  -0.0007290011  -0.0025770770   0.0000000301  -0.0001185989
       -0.0011751489  -0.0000000222  -0.0058339809  -0.0000702107   0.0000000386
       -0.0172984638   0.0265854497   0.0000000129  -0.0010419465   0.0013657882
        0.0000000044   0.0005780156   0.0006414874  -0.0000000134  -0.0002968152
        0.0001801606   0.0000000002   0.0001912704   0.0001726206   0.0000000005
        0.0000038343  -0.0000558527   0.0000415703   0.0000344100   0.0000423347
        0.0000000028   0.0000038352  -0.0000558544  -0.0000415657   0.0001937712
       -0.0007700114   0.0000000022  -0.0000315249  -0.0000447050   0.0000000000
        0.0000454053   0.0000019494  -0.0000331317   0.0000454068   0.0000019478
        0.0000331293   0.0000149126  -0.0000059752   0.0000000002   0.0009195850
       -0.0009581368  -0.0000000107   0.1278010564  -0.1253426707  -0.0000001703
        0.1135081170  -0.2362546979  -0.0000000879   0.0123917482  -0.0262695713
       -0.0000000001  -0.0029493253  -0.0023584783   0.0000000204  -0.0008765906
        0.0009290112  -0.0000000077   0.0003832078   0.0011638312   0.0000000065
        0.0022174471  -0.0020759537  -0.0000000054   0.0001245064  -0.0002075531
        0.0000000007  -0.0006416818   0.0008413309  -0.0000000034   0.0001725355
       -0.0002754083  -0.0000000009  -0.0001100511  -0.0000082760   0.0000000006
        0.0000157362   0.0000298975   0.0000142722   0.0000011216  -0.0000096324
        0.0000000009   0.0000157366   0.0000298970  -0.0000142709   0.0002656991
       -0.0028757144   0.0000000042   0.0001520593   0.0000940694  -0.0000000012
        0.0000234932   0.0000291345   0.0000277334   0.0000234931   0.0000291339
       -0.0000277345  -0.0000265672   0.0000216134   0.0000000000   0.0006519856
        0.0006407656  -0.0000000057  -0.1253426707   0.2665266010   0.0000000786
        0.0000001004   0.0000000750  -0.0321036988  -0.0000000390   0.0000000778
       -0.0002390199   0.0000000340  -0.0000000108   0.0071237937  -0.0000000006
       -0.0000000596   0.0004794789   0.0000000380   0.0000000132   0.0074624697
        0.0000000459  -0.0000001613  -0.0002605282   0.0000000024   0.0000000004
        0.0002796980  -0.0000000132  -0.0000000067  -0.0025186890   0.0000000014
       -0.0000000066  -0.0011765774   0.0000000004   0.0000000033  -0.0003014872
       -0.0000650667   0.0001117754   0.0000136194   0.0000000032   0.0000000038
       -0.0000136925   0.0000650688  -0.0001117671   0.0000136194   0.0000000011
        0.0000000059   0.0000475404   0.0000000026  -0.0000000044   0.0000315239
       -0.0000008201   0.0000129302   0.0000010666   0.0000008218  -0.0000129386
        0.0000010675   0.0000000031  -0.0000000039   0.0000100329  -0.0000000131
       -0.0000000046  -0.0024494592  -0.0000001703   0.0000000786   0.0235992417
