           1           2   1.40337590490390     
           2           3   1.41294196892633     
           3           4   1.26878544523999     
           4           5   1.41293874094210     
           1           6   1.46509139933990     
           5           6   1.40337748009988     
           5           7  0.964344475342816     
           6           8  0.970215371847389     
           4           9   1.05162303834659     
           9          10  0.972116679865497     
          10          11  0.976322549369849     
          10          12  0.977458003646356     
          10          13  0.976322542785495     
           3          14   1.05161845701124     
          14          15  0.972116445804967     
          15          16  0.976323044999559     
          15          17  0.976323030528147     
          15          18  0.977458178176420     
           2          19  0.964344564350029     
           1          20  0.970215447107546     
