$hessian                                                                        
        0.1417437529  -0.1735195606   0.0691098916  -0.0009219211   0.0000136260
       -0.0002366419   0.0179554184  -0.0234001853   0.0055416441  -0.0089867718
        0.0063919506  -0.0037999769  -0.0011008752   0.0012003310  -0.0017835336
       -0.0273367885   0.0366917429  -0.0172800486   0.0010762995  -0.0003569237
        0.0006340118  -0.0003052420   0.0001450356   0.0000668269  -0.0001076716
       -0.0002313228  -0.0001618766  -0.0000554367   0.0002458058   0.0000591266
       -0.0002160867  -0.0002164706  -0.0002482567  -0.1227805054   0.1503444352
       -0.0511572938   0.0009941745   0.0000603814   0.0002408555   0.0004914410
        0.0000218851  -0.0006774096   0.0001040241   0.0003529212   0.0000890946
        0.0001962644   0.0003418679   0.0005366402   0.0001706854   0.0000646487
        0.0000473162   0.0001246561   0.0000208274   0.0000377810  -0.0000856909
        0.0000879120   0.0000178433   0.0003668283   0.0009998427  -0.0010619938
       -0.0012961268  -0.0002596254  -0.0005501179   0.0000813866   0.0000248613
        0.0000288090  -0.0000524033   0.0010337444   0.0005993810  -0.0000594113
       -0.0000577306  -0.0000520726
       -0.1735195606   0.5824115626  -0.1815565188   0.0007862141  -0.0000356267
        0.0001448759   0.0008055731  -0.0983510499   0.0312142814   0.0107194746
       -0.0023802561   0.0040822825  -0.0012252917  -0.0000847904   0.0022896482
        0.0279231926  -0.0153345310   0.0120411244  -0.0002669278   0.0004135972
       -0.0012429041   0.0000667034  -0.0003257659  -0.0002567916   0.0001649978
        0.0003197237   0.0001420945   0.0000120300  -0.0001756652  -0.0000035462
        0.0000385214   0.0001950667   0.0002852022   0.1443343350  -0.4678708734
        0.1346753190  -0.0009656602   0.0000284719  -0.0001111329   0.0006121958
        0.0007274192  -0.0005713767  -0.0000532617  -0.0004750985  -0.0002679203
        0.0014826507  -0.0004740036   0.0016797096   0.0001417306   0.0001207454
        0.0001216204  -0.0001950117  -0.0000799674  -0.0000437462   0.0000417789
       -0.0001047431   0.0000078651  -0.0004897683  -0.0000266590   0.0010502711
       -0.0103471443   0.0020079129  -0.0027289557  -0.0000681640   0.0000523968
       -0.0000006637  -0.0000447667  -0.0005733101  -0.0009922672   0.0000461592
        0.0000154439   0.0000415288
        0.0691098916  -0.1815565188   0.0866503953  -0.0003353841  -0.0000113897
       -0.0000935118  -0.0007906762   0.0250400485   0.0133593742  -0.0050748653
        0.0024563368  -0.0004611783  -0.0003150351   0.0002107353  -0.0003610055
       -0.0155657770   0.0157570583   0.0067433359  -0.0004080474  -0.0003383530
        0.0010513577  -0.0000555018   0.0000567213   0.0001337308  -0.0000594402
       -0.0001030483  -0.0000894543   0.0000370218   0.0001211574   0.0000125480
        0.0000069631  -0.0000409159  -0.0001637516  -0.0501126428   0.1378759514
       -0.1089206791   0.0004395891   0.0000457841   0.0000210541  -0.0007541775
       -0.0007352476  -0.0002296143  -0.0004596570   0.0006633121   0.0001553054
        0.0022991001   0.0000940946   0.0005198014   0.0000466381  -0.0000371212
       -0.0000608962   0.0000113524   0.0000574867   0.0000156929  -0.0000240097
        0.0000373237  -0.0000052307   0.0000219388   0.0005748865  -0.0005594233
        0.0018924455  -0.0002357732   0.0016949184  -0.0000127624   0.0000218208
        0.0000646665   0.0001081943   0.0000764425   0.0005428582  -0.0000051585
       -0.0000307924  -0.0000202939
       -0.0009219211   0.0007862141  -0.0003353841   0.4196646094  -0.1334622176
        0.0376922473  -0.0011755399  -0.0007166959  -0.0002760220  -0.0006324679
       -0.0005225188   0.0006876514  -0.0000069058   0.0004736008   0.0010938840
       -0.0025896878   0.0000020576  -0.0005160211  -0.0000306162  -0.0016792429
       -0.0004883958   0.0025685815   0.0028070636   0.0004059482   0.0003991916
       -0.0020996755  -0.0033340583  -0.0410131338   0.0146163035  -0.0040380345
       -0.0411146418  -0.0037212561  -0.0142842544   0.0031388871  -0.0003164728
        0.0010344584  -0.2551672269  -0.0113124459  -0.0676820499  -0.0003688535
        0.0003069026  -0.0002991488  -0.0002258987  -0.0002354767  -0.0003040094
        0.0003745185   0.0000207055  -0.0002120573  -0.0014496281   0.0005577792
       -0.0001449777  -0.0023063414  -0.0003364096  -0.0007123387   0.0026051109
        0.0007986093   0.0013862065   0.0006443369   0.0006334033  -0.0003962471
        0.0003636267   0.0002189835  -0.0000313293  -0.0841267862   0.1336567590
        0.0503488549   0.0001611969   0.0001662082  -0.0001790489   0.0012095894
       -0.0006421784   0.0005841263
        0.0000136260  -0.0000356267  -0.0000113897  -0.1334622176   0.3841667927
        0.1567397216  -0.0000455373  -0.0000307721  -0.0000120582  -0.0000244185
        0.0000475469  -0.0000539763  -0.0002463630  -0.0001269533   0.0004386728
        0.0000127971   0.0000762378   0.0000190752  -0.0000425199   0.0014586690
        0.0008607256   0.0012318963  -0.0040081204  -0.0045931962   0.0004346295
       -0.0026241181  -0.0050293590   0.0374880851  -0.0036044130   0.0062492851
       -0.0292834605   0.0018185613  -0.0102312198  -0.0000705486   0.0000003266
       -0.0000127114   0.0140221351  -0.0692442138  -0.0141235470   0.0000231541
       -0.0000597158   0.0000028353   0.0000807495   0.0000153325   0.0000399114
       -0.0000525121  -0.0000558746   0.0000324430   0.0013972757  -0.0003529743
        0.0002091311  -0.0012298181  -0.0001434356  -0.0002947394  -0.0013781283
        0.0009991226   0.0010660540  -0.0000031154  -0.0000004032   0.0000412213
        0.0000397915   0.0000082304   0.0000056361   0.1120992236  -0.3091225792
       -0.1330708692   0.0000434184  -0.0000160969  -0.0000018524  -0.0010481426
        0.0008344772   0.0017302060
       -0.0002366419   0.0001448759  -0.0000935118   0.0376922473   0.1567397216
        0.1223908685  -0.0003119541  -0.0002253322  -0.0000423131  -0.0001637439
       -0.0001169813   0.0002782001   0.0002509320   0.0007100140  -0.0006174121
       -0.0004151791  -0.0000220773  -0.0001483224  -0.0001323085   0.0004947120
        0.0001666233  -0.0001184053  -0.0042311316   0.0028966440  -0.0013805326
       -0.0057263098   0.0032715733   0.0076998829   0.0001486004   0.0062522262
       -0.0289145126  -0.0032860105  -0.0037538354   0.0008021135  -0.0000160838
        0.0001404921  -0.0536478628  -0.0213728801  -0.0623253447  -0.0002457027
        0.0001130575  -0.0001241449  -0.0000515516  -0.0001042762  -0.0001099055
        0.0000633906   0.0000124002  -0.0000695515   0.0003512642  -0.0000288921
        0.0000386417  -0.0012379163  -0.0001079185  -0.0005384501   0.0004714554
        0.0016443313  -0.0006101194   0.0001853226   0.0001865563  -0.0001541000
        0.0001197316   0.0000746627   0.0000163441   0.0386931398  -0.1269871756
       -0.0649155796  -0.0000065893   0.0000940127  -0.0000678249   0.0005334210
        0.0018621243  -0.0018811977
        0.0179554184   0.0008055731  -0.0007906762  -0.0011755399  -0.0000455373
       -0.0003119541   0.2720928907   0.2284695364  -0.0051800937  -0.0347884070
       -0.0055386002  -0.0082083530  -0.0039315819   0.0003367324  -0.0026076005
       -0.0556417972  -0.0311626978  -0.0096588274  -0.0000381282  -0.0003918407
        0.0021400524  -0.0004345917   0.0003997534   0.0002741083  -0.0003454955
       -0.0004286056  -0.0002150549  -0.0000975497   0.0003979743   0.0000409632
       -0.0002251264  -0.0002224944  -0.0004241722  -0.1910896495  -0.1864104686
        0.0213282883   0.0013179900   0.0001478892   0.0003272244   0.0001005515
       -0.0002233324  -0.0002135068   0.0002333576   0.0005680817  -0.0000814572
       -0.0063866898   0.0005499617  -0.0019090898   0.0002938929   0.0000091192
        0.0000208060   0.0001364147  -0.0000061675   0.0000383792  -0.0001142074
        0.0001140500   0.0000063035  -0.0005238528  -0.0027388489  -0.0015286403
        0.0045630944  -0.0028905067   0.0048241225   0.0001034239   0.0000565735
        0.0000605990  -0.0019576816  -0.0017100626   0.0021453419  -0.0000467355
       -0.0000860821  -0.0000767627
       -0.0234001853  -0.0983510499   0.0250400485  -0.0007166959  -0.0000307721
       -0.0002253322   0.2284695364   0.4694076672  -0.0650269672   0.0320080369
        0.0048591817   0.0083456810  -0.0029257506   0.0012253068  -0.0032549106
       -0.0330366750  -0.0157348646   0.0021827571  -0.0002050195  -0.0004461824
        0.0015508765  -0.0003895785   0.0002514110   0.0001346612  -0.0000685066
       -0.0001691964  -0.0003454567  -0.0000212998   0.0002977794  -0.0000690408
       -0.0003182305   0.0000086980  -0.0003546842  -0.1789948456  -0.3648062336
        0.0399497544   0.0008009005   0.0001841198   0.0003709653   0.0009067753
        0.0000512155  -0.0003208570  -0.0000032205   0.0000366396   0.0006199150
       -0.0016170315   0.0001669188  -0.0000996885   0.0003377534  -0.0000698204
        0.0000879122  -0.0000789196  -0.0000004785   0.0002222626  -0.0000893649
        0.0000189853   0.0000236603   0.0001222833   0.0012168550   0.0007869608
       -0.0217935623   0.0011753956  -0.0087727287   0.0000164285   0.0000608870
        0.0000555244   0.0009957364   0.0007245517  -0.0008722907   0.0000014356
       -0.0000770142  -0.0000290229
        0.0055416441   0.0312142814   0.0133593742  -0.0002760220  -0.0000120582
       -0.0000423131  -0.0051800937  -0.0650269672   0.0436423790  -0.0183968493
       -0.0010462186   0.0014729500  -0.0028982765   0.0000695080  -0.0003838884
       -0.0076304612   0.0032316831   0.0170514804  -0.0003165706  -0.0002460519
        0.0009153817  -0.0000208088   0.0001078926   0.0000906708  -0.0000774681
       -0.0001599690  -0.0000484330   0.0000162405   0.0000568430  -0.0000062470
        0.0000390745  -0.0000019343  -0.0000643535   0.0190464770   0.0368167174
       -0.0692816233   0.0003104676   0.0000376414   0.0000198059  -0.0000385530
       -0.0000438352  -0.0001759881  -0.0006605001   0.0000473196  -0.0000703644
        0.0023016699   0.0002696281   0.0002369406  -0.0000243399  -0.0000270521
       -0.0000046952  -0.0000585226   0.0000199630  -0.0000281741  -0.0000375815
        0.0000433082  -0.0000342809  -0.0012713952  -0.0011079755  -0.0008005677
        0.0091537203  -0.0037841548  -0.0068730689   0.0000028972   0.0000015975
        0.0000115480   0.0004987733  -0.0004524221   0.0010328557  -0.0000235222
       -0.0000077442  -0.0000193887
       -0.0089867718   0.0107194746  -0.0050748653  -0.0006324679  -0.0000244185
       -0.0001637439  -0.0347884070   0.0320080369  -0.0183968493   0.5235968810
       -0.0906286614  -0.0073591936   0.0022204735  -0.0143627796   0.0065270982
       -0.0622268649   0.0112947231  -0.0013766545  -0.0003853049  -0.0007200412
       -0.0001112611   0.0004371407   0.0005689561   0.0004499217  -0.0006280216
       -0.0009596800   0.0004655449  -0.0003434082   0.0003033216   0.0001674289
        0.0005565826  -0.0003866095   0.0002842348  -0.0166010295   0.0085423831
       -0.0071485137   0.0007342747  -0.0002812616  -0.0000994765  -0.0015763568
       -0.0007302685   0.0028961202   0.0001040089   0.0002186563  -0.0006170722
        0.0013264476  -0.0049505680   0.0010865874   0.0000211210  -0.0000663098
       -0.0000874296  -0.0000610109  -0.0000577284  -0.0002305801  -0.0000162003
        0.0000488561  -0.0000025279  -0.1752251771   0.1069027813   0.1146357172
       -0.1761201438  -0.0630515018  -0.0194122252   0.0000941716   0.0000146153
        0.0000227045  -0.0514737484   0.0056374736  -0.0664019608  -0.0000261883
       -0.0000394496  -0.0000530041
        0.0063919506  -0.0023802561   0.0024563368  -0.0005225188   0.0000475469
       -0.0001169813  -0.0055386002   0.0048591817  -0.0010462186  -0.0906286614
        0.4434247172   0.0238418458  -0.0023139351  -0.0152614976   0.0121544024
        0.0083467408  -0.1705462136   0.0245228485   0.0026131138   0.0001776788
        0.0001819274  -0.0003598179  -0.0003057087  -0.0001640139   0.0006534806
        0.0002456564  -0.0005276817   0.0002767136   0.0000214679   0.0001258936
       -0.0005288554  -0.0000918580  -0.0002880218   0.0077221719  -0.0142275385
        0.0073156157   0.0004623110   0.0002688144   0.0003523817  -0.0021595108
       -0.0000606111   0.0033691539   0.0002044988   0.0009495335  -0.0011047919
        0.0049470935  -0.0298881607   0.0084533149   0.0002199650   0.0001893103
        0.0000655581  -0.0000537781  -0.0000365611   0.0001710424  -0.0001369538
        0.0000590936  -0.0000009704   0.1103885422  -0.1182325122  -0.0861715634
       -0.0464568949  -0.0601360983  -0.0092390603   0.0000171394  -0.0000348288
        0.0000013512   0.0064844538  -0.0389959498   0.0156554327  -0.0000286484
       -0.0000452064  -0.0000078018
       -0.0037999769   0.0040822825  -0.0004611783   0.0006876514  -0.0000539763
        0.0002782001  -0.0082083530   0.0083456810   0.0014729500  -0.0073591936
        0.0238418458   0.6317073211  -0.0011433533   0.0278291762  -0.0136902451
        0.0000484943   0.0294635464  -0.0827313787  -0.0012751426   0.0002207063
        0.0006021260  -0.0001159116  -0.0003460908   0.0000073024   0.0001955624
        0.0002099425  -0.0004192521   0.0002534953  -0.0001516792   0.0000138090
       -0.0000758077   0.0002412049  -0.0000182510  -0.0064325068   0.0053276809
       -0.0025721563  -0.0006138437   0.0001540457  -0.0001790631   0.0036810264
        0.0022752851  -0.0053298067  -0.0005890906   0.0008864291   0.0014498909
        0.0025813043  -0.0147900565   0.0052145155  -0.0000394092   0.0000874517
       -0.0000368443   0.0000111268   0.0001381946   0.0000809487   0.0000627213
       -0.0000203951  -0.0000325397   0.1182654318  -0.0853042372  -0.1365619025
       -0.0236463377  -0.0136666001  -0.0501021893  -0.0000692414   0.0000212164
       -0.0000416347  -0.0724783976   0.0111461485  -0.3486523857   0.0000597517
        0.0000621973   0.0000017640
       -0.0011008752  -0.0012252917  -0.0003150351  -0.0000069058  -0.0002463630
        0.0002509320  -0.0039315819  -0.0029257506  -0.0028982765   0.0022204735
       -0.0023139351  -0.0011433533   0.4551929764  -0.0115180826   0.0371604977
       -0.0894447249  -0.0073507899   0.0585462443  -0.1938702561   0.0121113264
       -0.0302462874  -0.0221411681  -0.0054799159  -0.0092523933  -0.0228057168
        0.0086689740  -0.0030715156   0.0017293399  -0.0018831821  -0.0022155762
        0.0002693881   0.0027803780   0.0000880745  -0.0193439578  -0.0007479955
        0.0187243648  -0.0008423328   0.0006607750  -0.0001441998  -0.0502222031
        0.0463389395  -0.0197673472  -0.0573739801  -0.0380374169  -0.0445845405
        0.0033979250   0.0007952711  -0.0019008117   0.0003344804   0.0006065553
        0.0013657381   0.0008345631  -0.0017818810   0.0000782012  -0.0007471541
       -0.0000357475  -0.0001738749  -0.0003428359   0.0006130924   0.0001346614
       -0.0011345127  -0.0001827358  -0.0000885992   0.0000387138   0.0000122990
        0.0000417909  -0.0001140486   0.0010025870  -0.0004451221  -0.0005956062
        0.0001388897  -0.0001435721
        0.0012003310  -0.0000847904   0.0002107353   0.0004736008  -0.0001269533
        0.0007100140   0.0003367324   0.0012253068   0.0000695080  -0.0143627796
       -0.0152614976   0.0278291762  -0.0115180826   0.5338518109   0.0246826542
       -0.0082538785  -0.0596835691   0.0064590525   0.0114080294  -0.0642251515
       -0.0017879018  -0.0199595280  -0.0000575768  -0.0051094057   0.0235021346
       -0.0037103506   0.0033527833  -0.0011983881  -0.0016212119  -0.0040335047
        0.0029124868  -0.0013512053  -0.0042023877  -0.0024252888   0.0001595514
       -0.0011079273  -0.0002917876  -0.0003450069  -0.0004717425   0.0491010540
       -0.2430478453   0.0677852515  -0.0384906917  -0.1442384033  -0.1065649582
        0.0090233910   0.0027048388  -0.0143227246  -0.0013180903   0.0004661916
        0.0008417810   0.0011276187   0.0002416299   0.0018527599   0.0013275962
       -0.0002002392   0.0001728501  -0.0010993043   0.0014570112   0.0013461953
        0.0009148047  -0.0025088068   0.0012944425  -0.0001647179   0.0000092494
        0.0000778872  -0.0011935522  -0.0036668483   0.0013133320  -0.0010516900
        0.0000138663  -0.0003978706
       -0.0017835336   0.0022896482  -0.0003610055   0.0010938840   0.0004386728
       -0.0006174121  -0.0026076005  -0.0032549106  -0.0003838884   0.0065270982
        0.0121544024  -0.0136902451   0.0371604977   0.0246826542   0.4681531388
        0.0543984757   0.0094944398  -0.1443741098  -0.0410577973  -0.0016583263
       -0.0657228846  -0.0162203604   0.0000742182  -0.0046177195   0.0057822016
       -0.0015884362   0.0015531641  -0.0026894603  -0.0044165679   0.0029509585
       -0.0007864650  -0.0035853623   0.0045225358   0.0085826571  -0.0002190725
        0.0045133394  -0.0008555340  -0.0004060710  -0.0000868192  -0.0194305921
        0.0685523565  -0.0665241212  -0.0434811287  -0.1074854721  -0.1590825147
        0.0130858289   0.0011896559  -0.0234669043   0.0003010992   0.0015541061
       -0.0013382624   0.0017063246   0.0008222766  -0.0011729218   0.0004225658
       -0.0002262574   0.0002293840   0.0008244497  -0.0012620635   0.0010994974
       -0.0008732879   0.0008089062  -0.0008725329  -0.0000477514   0.0001412791
       -0.0001409149   0.0007705188   0.0019602749  -0.0005147414  -0.0008220900
       -0.0000603513  -0.0000550202
       -0.0273367885   0.0279231926  -0.0155657770  -0.0025896878   0.0000127971
       -0.0004151791  -0.0556417972  -0.0330366750  -0.0076304612  -0.0622268649
        0.0083467408   0.0000484943  -0.0894447249  -0.0082538785   0.0543984757
        0.3829888760   0.0412613490  -0.0064976579  -0.0297099832  -0.0043438232
        0.0233716138  -0.0000818896   0.0013048384   0.0013447850  -0.0011021883
       -0.0022658342  -0.0006356555  -0.0000781127   0.0012268594  -0.0009917576
       -0.0011750163   0.0006413921  -0.0022182643  -0.0704597605  -0.0040288396
       -0.0017835050   0.0027642424   0.0003926259   0.0007947614   0.0025088952
       -0.0005149972  -0.0017555811   0.0024742183   0.0014967251  -0.0008804216
       -0.0481025292  -0.0329054149  -0.0401476161  -0.0000714799  -0.0002234886
        0.0005549404  -0.0000214787  -0.0001095173   0.0006209131  -0.0003161945
        0.0002398560  -0.0000918230   0.0003548709   0.0153457797  -0.0055094651
       -0.0025833800  -0.0172667063   0.0040988833   0.0001957294  -0.0001007526
        0.0000811023  -0.0002314487   0.0049484857  -0.0010941752  -0.0001135070
       -0.0000907146  -0.0000966298
        0.0366917429  -0.0153345310   0.0157570583   0.0000020576   0.0000762378
       -0.0000220773  -0.0311626978  -0.0157348646   0.0032316831   0.0112947231
       -0.1705462136   0.0294635464  -0.0073507899  -0.0596835691   0.0094944398
        0.0412613490   0.5068351067   0.0538637870  -0.0023270732   0.0012693930
       -0.0019387545  -0.0000576159   0.0003169126  -0.0001941190   0.0007369384
       -0.0008587085   0.0008639731  -0.0000058392  -0.0000809423   0.0000423218
        0.0002308427  -0.0003604594   0.0004482966   0.0093870190  -0.0539926982
       -0.0038866255   0.0000011856  -0.0001563978  -0.0001221604  -0.0126229257
       -0.0081533525   0.0228257960   0.0103824273   0.0020384798  -0.0165642443
       -0.0397593724  -0.1428524845  -0.1198270302  -0.0005568198  -0.0001922392
       -0.0000869525   0.0001228357   0.0000423092  -0.0003445641   0.0000770389
       -0.0000074294  -0.0000411344   0.0035846518  -0.0174523324   0.0015522498
       -0.0204304914  -0.0219371342   0.0021562336   0.0000161435  -0.0000376906
       -0.0000332329   0.0005066529  -0.0032367504   0.0033695194  -0.0000219830
        0.0000393586  -0.0000080099
       -0.0172800486   0.0120411244   0.0067433359  -0.0005160211   0.0000190752
       -0.0001483224  -0.0096588274   0.0021827571   0.0170514804  -0.0013766545
        0.0245228485  -0.0827313787   0.0585462443   0.0064590525  -0.1443741098
       -0.0064976579   0.0538637870   0.4653509613   0.0116357545   0.0000920256
        0.0038129643  -0.0018515161  -0.0009177680  -0.0009694067  -0.0004046835
        0.0012350274  -0.0002273418   0.0006255582  -0.0002398871   0.0001388573
       -0.0001725568  -0.0001305441  -0.0000814138  -0.0087180673  -0.0049140584
       -0.0685944310   0.0003685055   0.0003326893   0.0003433015   0.0049796729
        0.0049126400  -0.0102932694   0.0134300485   0.0013109474  -0.0246142750
       -0.0461585136  -0.1132167618  -0.1643764909  -0.0001717461  -0.0000647201
        0.0001185626   0.0000161471  -0.0000059231   0.0000333208  -0.0000938518
        0.0000498818   0.0000343524  -0.0016690609  -0.0113841013   0.0054239903
        0.0052455223   0.0012895329   0.0042056363   0.0000290893   0.0000032714
        0.0000051224  -0.0002748695   0.0226070229  -0.0068093243  -0.0000324676
       -0.0000479195  -0.0000421218
        0.0010762995  -0.0002669278  -0.0004080474  -0.0000306162  -0.0000425199
       -0.0001323085  -0.0000381282  -0.0002050195  -0.0003165706  -0.0003853049
        0.0026131138  -0.0012751426  -0.1938702561   0.0114080294  -0.0410577973
       -0.0297099832  -0.0023270732   0.0116357545   0.5955784821  -0.0542471329
        0.0858127014  -0.1324156876  -0.1007547589  -0.0766037503  -0.1517179536
        0.1329093880   0.0444099679  -0.0310051648  -0.0194566678  -0.0186891010
       -0.0373408051   0.0234679282   0.0025186564  -0.0031041451  -0.0005598976
        0.0024973577   0.0036245415   0.0006384874   0.0033786982  -0.0134014126
        0.0061412889  -0.0022937475  -0.0120192437  -0.0027528411  -0.0049865359
        0.0010606828   0.0004214107  -0.0006044451   0.0062520502   0.0115821721
        0.0068300495   0.0056636971  -0.0096552091  -0.0045411017  -0.0048766043
        0.0012945767  -0.0028496703   0.0015161277  -0.0010898852  -0.0002769816
       -0.0005835059  -0.0002088707  -0.0001105454   0.0002155335  -0.0001330770
       -0.0000780811   0.0002841881  -0.0000150465   0.0000731123  -0.0047727912
        0.0012385321  -0.0029324715
       -0.0003569237   0.0004135972  -0.0003383530  -0.0016792429   0.0014586690
        0.0004947120  -0.0003918407  -0.0004461824  -0.0002460519  -0.0007200412
        0.0001776788   0.0002207063   0.0121113264  -0.0642251515  -0.0016583263
       -0.0043438232   0.0012693930   0.0000920256  -0.0542471329   0.5446516328
        0.2018558085  -0.0363134917  -0.2014292400  -0.0896323515   0.0686891206
       -0.2291341484  -0.0811962196  -0.0694603959   0.0286092146  -0.0042684379
        0.0727119966   0.0126630320   0.0268804850   0.0009625417   0.0000247995
        0.0009215782   0.0023917882  -0.0547098999  -0.0255574582   0.0269845403
       -0.0037297330   0.0061672220  -0.0190493011  -0.0004305838  -0.0064977358
        0.0007524450  -0.0001060606  -0.0002892553  -0.0084132554  -0.0206934629
       -0.0143736812   0.0090128580  -0.0203391517  -0.0084466311   0.0005346020
        0.0029824620  -0.0024562990  -0.0006579783  -0.0006001427   0.0004246848
       -0.0002754211   0.0000461905  -0.0000021840   0.0000638960   0.0006183695
        0.0002157120  -0.0001131042   0.0000571436   0.0001457750   0.0018068374
        0.0028715743  -0.0024557247
        0.0006340118  -0.0012429041   0.0010513577  -0.0004883958   0.0008607256
        0.0001666233   0.0021400524   0.0015508765   0.0009153817  -0.0001112611
        0.0001819274   0.0006021260  -0.0302462874  -0.0017879018  -0.0657228846
        0.0233716138  -0.0019387545   0.0038129643   0.0858127014   0.2018558085
        0.2746263042  -0.0423198352  -0.1081492829  -0.1181506675   0.0076869366
       -0.0616793796  -0.0791319378  -0.0457630765   0.0096576547  -0.0067977105
        0.0291760621   0.0129740567   0.0156491933  -0.0009379310   0.0012392023
       -0.0046526716   0.0035491007  -0.0259908218  -0.0190767396  -0.0102138698
        0.0014210607  -0.0009208783  -0.0207124821  -0.0009107441  -0.0056679714
        0.0003964756  -0.0002175623   0.0006805810  -0.0029916245  -0.0082821314
       -0.0042703014   0.0063898036  -0.0145602044  -0.0051815610  -0.0030932086
       -0.0023419830   0.0056582754   0.0000641598  -0.0001589194   0.0000128196
       -0.0000812279  -0.0001390963  -0.0001625991   0.0000484942   0.0002240140
        0.0002385554   0.0002791966  -0.0000779038   0.0000947765  -0.0025894088
       -0.0024877370   0.0062269645
       -0.0003052420   0.0000667034  -0.0000555018   0.0025685815   0.0012318963
       -0.0001184053  -0.0004345917  -0.0003895785  -0.0000208088   0.0004371407
       -0.0003598179  -0.0001159116  -0.0221411681  -0.0199595280  -0.0162203604
       -0.0000818896  -0.0000576159  -0.0018515161  -0.1324156876  -0.0363134917
       -0.0423198352   0.6441164391  -0.0697692406   0.1094272631   0.0522551616
       -0.0258585499   0.0009276462  -0.3320155052  -0.0082306954  -0.0843780840
       -0.0419915074  -0.0197062312  -0.0213943718   0.0005870795   0.0000990428
        0.0002586692  -0.0381449491   0.0721626681   0.0286638899   0.0002872065
       -0.0017812795  -0.0001878720  -0.0056148143  -0.0002134246  -0.0019165479
       -0.0001157812  -0.0001283874  -0.0002164475  -0.1094589710   0.1072908982
        0.0349921149  -0.0004373517   0.0038160856  -0.0001867996  -0.0000824209
       -0.0007482924  -0.0003826175  -0.0005421298  -0.0002315708   0.0004041842
       -0.0001037804   0.0000268388  -0.0000251699  -0.0011065551  -0.0001163951
       -0.0006444445  -0.0000630614  -0.0000122898  -0.0000175870  -0.0151962022
       -0.0008177443  -0.0046214869
        0.0001450356  -0.0003257659   0.0000567213   0.0028070636  -0.0040081204
       -0.0042311316   0.0003997534   0.0002514110   0.0001078926   0.0005689561
       -0.0003057087  -0.0003460908  -0.0054799159  -0.0000575768   0.0000742182
        0.0013048384   0.0003169126  -0.0009177680  -0.1007547589  -0.2014292400
       -0.1081492829  -0.0697692406   0.5459697835   0.2071358772   0.0223644253
       -0.0517773213  -0.0223916877   0.0566553378  -0.0845807782  -0.0071632245
       -0.0225361278  -0.0076659773  -0.0084848249  -0.0007663457   0.0001797159
       -0.0002773676   0.0230030267   0.0162345434   0.0163429289   0.0012128652
        0.0004406179   0.0005147558   0.0010528785   0.0004868466   0.0000660713
        0.0004661876   0.0004950592  -0.0003555564   0.1068160625  -0.2119647177
       -0.0622772210   0.0033996742  -0.0023244319  -0.0043430167  -0.0004992403
        0.0004573043   0.0002244626  -0.0005087390  -0.0005288954   0.0002090668
       -0.0002875106  -0.0000627557  -0.0000298508   0.0016066867  -0.0003267777
       -0.0003533011  -0.0001861450  -0.0000084480   0.0000557598  -0.0210147678
        0.0005343204  -0.0054674305
        0.0000668269  -0.0002567916   0.0001337308   0.0004059482  -0.0045931962
        0.0028966440   0.0002741083   0.0001346612   0.0000906708   0.0004499217
       -0.0001640139   0.0000073024  -0.0092523933  -0.0051094057  -0.0046177195
        0.0013447850  -0.0001941190  -0.0009694067  -0.0766037503  -0.0896323515
       -0.1181506675   0.1094272631   0.2071358772   0.2551175335   0.0269956225
       -0.0357780061  -0.0102951899  -0.0497404712  -0.0249082196  -0.0688001545
       -0.0232068579  -0.0080137569  -0.0142296000  -0.0004498526   0.0002805242
       -0.0001241231   0.0027338114   0.0302473230   0.0144315448   0.0006836923
       -0.0007145930   0.0005820051  -0.0018738868  -0.0005143582   0.0001228664
        0.0001139404   0.0003006554  -0.0000153607   0.0348450721  -0.0627067576
       -0.0576628050  -0.0004788590  -0.0042616253   0.0050051613  -0.0002390277
        0.0001160711  -0.0001434093  -0.0002724675  -0.0003843369  -0.0000616619
       -0.0001016961  -0.0000539791  -0.0000608654   0.0001951857  -0.0008876535
        0.0008730259  -0.0000659900  -0.0000666256   0.0000525627  -0.0152509253
        0.0000246776  -0.0041820842
       -0.0001076716   0.0001649978  -0.0000594402   0.0003991916   0.0004346295
       -0.0013805326  -0.0003454955  -0.0000685066  -0.0000774681  -0.0006280216
        0.0006534806   0.0001955624  -0.0228057168   0.0235021346   0.0057822016
       -0.0011021883   0.0007369384  -0.0004046835  -0.1517179536   0.0686891206
        0.0076869366   0.0522551616   0.0223644253   0.0269956225   0.6300829298
       -0.0570619272   0.1143958240  -0.0464035619   0.0276025684   0.0028383034
       -0.3198345673   0.0565244255  -0.0446783330   0.0001914248  -0.0003289020
        0.0006271780  -0.0297232331  -0.0705755627  -0.0460517847  -0.0036696894
        0.0009555084  -0.0005337563   0.0006431632   0.0016392225   0.0014775944
       -0.0001535224  -0.0000038532   0.0001991006  -0.0001186254  -0.0017874781
       -0.0028492934  -0.0897924588  -0.0785618429  -0.0611186328  -0.0174698682
        0.0036678402  -0.0027774939   0.0007332213  -0.0001624815  -0.0004419175
        0.0000647554   0.0000906175  -0.0000474146  -0.0003073272   0.0007967820
        0.0002417433  -0.0000139557   0.0000290758  -0.0002869768  -0.0001759907
        0.0006987871   0.0002676604
       -0.0002313228   0.0003197237  -0.0001030483  -0.0020996755  -0.0026241181
       -0.0057263098  -0.0004286056  -0.0001691964  -0.0001599690  -0.0009596800
        0.0002456564   0.0002099425   0.0086689740  -0.0037103506  -0.0015884362
       -0.0022658342  -0.0008587085   0.0012350274   0.1329093880  -0.2291341484
       -0.0616793796  -0.0258585499  -0.0517773213  -0.0357780061  -0.0570619272
        0.5373061457   0.2196373069   0.0291068702  -0.0157629279   0.0014559524
       -0.0076356264  -0.0839090883  -0.0247536698   0.0007488599  -0.0002078751
        0.0003896023  -0.0202146535   0.0298171514   0.0119551621   0.0002509827
        0.0000031153   0.0000327755  -0.0020457593   0.0008064727  -0.0000346074
        0.0001114041  -0.0001082041  -0.0003195483  -0.0013927020  -0.0015660186
       -0.0051251558  -0.0776252962  -0.1752166612  -0.1040336495   0.0241580534
       -0.0037274445   0.0046956215   0.0009135895   0.0002521374   0.0001060056
        0.0003211377   0.0000161760   0.0000567347   0.0000205031  -0.0004218706
       -0.0003886554   0.0001486005   0.0001160340  -0.0004192395   0.0004612695
        0.0003113210   0.0003355435
       -0.0001618766   0.0001420945  -0.0000894543  -0.0033340583  -0.0050293590
        0.0032715733  -0.0002150549  -0.0003454567  -0.0000484330   0.0004655449
       -0.0005276817  -0.0004192521  -0.0030715156   0.0033527833   0.0015531641
       -0.0006356555   0.0008639731  -0.0002273418   0.0444099679  -0.0811962196
       -0.0791319378   0.0009276462  -0.0223916877  -0.0102951899   0.1143958240
        0.2196373069   0.2674813613   0.0037959798   0.0011787341  -0.0017762174
       -0.0806640250  -0.0071915656  -0.0689902738   0.0006699656   0.0000895839
        0.0003012342  -0.0182487712  -0.0017093486  -0.0081358583  -0.0021658162
        0.0007061079  -0.0003999817  -0.0007462115   0.0010327312   0.0003382590
        0.0000155666  -0.0001132874  -0.0000619015  -0.0028308745  -0.0051853645
        0.0036352881  -0.0601502555  -0.1029921127  -0.1103939076   0.0084761468
       -0.0008653560   0.0016243891  -0.0010041028   0.0003351528   0.0006624718
       -0.0001428517   0.0000670932  -0.0000415538  -0.0001638041  -0.0001833913
        0.0001541129   0.0001581892  -0.0001178688   0.0008540854   0.0002200423
        0.0004431386   0.0001353637
       -0.0000554367   0.0000120300   0.0000370218  -0.0410131338   0.0374880851
        0.0076998829  -0.0000975497  -0.0000212998   0.0000162405  -0.0003434082
        0.0002767136   0.0002534953   0.0017293399  -0.0011983881  -0.0026894603
       -0.0000781127  -0.0000058392   0.0006255582  -0.0310051648  -0.0694603959
       -0.0457630765  -0.3320155052   0.0566553378  -0.0497404712  -0.0464035619
        0.0291068702   0.0037959798   0.6562568339  -0.0462782496   0.1252117663
        0.0507298514   0.0199686434   0.0244240595   0.0003255115   0.0000419556
       -0.0000236915  -0.1352624546   0.0549446880   0.0069175396  -0.0000279392
        0.0004060745   0.0000933157  -0.0008148652   0.0000346197  -0.0000282032
       -0.0000689173   0.0000855076   0.0001091654  -0.0182485854   0.0037760894
       -0.0029848099  -0.0002383218   0.0005677590   0.0003291359  -0.0001754442
       -0.0018346430  -0.0030174240   0.0004244801   0.0002647393  -0.0003990849
        0.0001591822   0.0000607237  -0.0000426001  -0.0046503654   0.0011513723
       -0.0011487425  -0.0000443983  -0.0000274945  -0.0000395083  -0.0990820344
       -0.0860148991  -0.0636360884
        0.0002458058  -0.0001756652   0.0001211574   0.0146163035  -0.0036044130
        0.0001486004   0.0003979743   0.0002977794   0.0000568430   0.0003033216
        0.0000214679  -0.0001516792  -0.0018831821  -0.0016212119  -0.0044165679
        0.0012268594  -0.0000809423  -0.0002398871  -0.0194566678   0.0286092146
        0.0096576547  -0.0082306954  -0.0845807782  -0.0249082196   0.0276025684
       -0.0157629279   0.0011787341  -0.0462782496   0.5356896627   0.2136599541
       -0.0239037312  -0.0468634976  -0.0321550038  -0.0008193616  -0.0000394435
       -0.0003430488   0.1212894498  -0.2280809755  -0.0610832449  -0.0000988241
       -0.0001995606  -0.0000728048  -0.0011650652   0.0000215521  -0.0004386964
       -0.0001201224  -0.0001427738   0.0001088716   0.0244874751  -0.0035209028
        0.0044396544   0.0004408179   0.0004018785   0.0003826572  -0.0013903447
       -0.0014013628  -0.0049383146  -0.0003418811  -0.0001995991   0.0001679605
       -0.0001187938  -0.0000432880  -0.0000068323   0.0001042555   0.0005078762
       -0.0006187034  -0.0000560626  -0.0000519548   0.0001009737  -0.0868518498
       -0.1791801346  -0.1006500585
        0.0000591266  -0.0000035462   0.0000125480  -0.0040380345   0.0062492851
        0.0062522262   0.0000409632  -0.0000690408  -0.0000062470   0.0001674289
        0.0001258936   0.0000138090  -0.0022155762  -0.0040335047   0.0029509585
       -0.0009917576   0.0000423218   0.0001388573  -0.0186891010  -0.0042684379
       -0.0067977105  -0.0843780840  -0.0071632245  -0.0688001545   0.0028383034
        0.0014559524  -0.0017762174   0.1252117663   0.2136599541   0.2575731007
        0.0008879529  -0.0198757571  -0.0100285542  -0.0001458552   0.0000316681
        0.0001801147   0.0416264508  -0.0788764177  -0.0826309667   0.0006417454
       -0.0003334780   0.0000619250  -0.0003227231  -0.0000287056  -0.0000586873
       -0.0000839694  -0.0000348768  -0.0000258048   0.0078055592  -0.0011914996
        0.0021183256   0.0002092912   0.0004369234   0.0001590013  -0.0027045421
       -0.0050840785   0.0035405867  -0.0001004536  -0.0000907365  -0.0000777229
       -0.0000679914  -0.0000049836  -0.0000446181  -0.0016867585  -0.0002867031
        0.0010452340  -0.0001178644  -0.0000395052   0.0000101474  -0.0639458771
       -0.1006175026  -0.1038101513
       -0.0002160867   0.0000385214   0.0000069631  -0.0411146418  -0.0292834605
       -0.0289145126  -0.0002251264  -0.0003182305   0.0000390745   0.0005565826
       -0.0005288554  -0.0000758077   0.0002693881   0.0029124868  -0.0007864650
       -0.0011750163   0.0002308427  -0.0001725568  -0.0373408051   0.0727119966
        0.0291760621  -0.0419915074  -0.0225361278  -0.0232068579  -0.3198345673
       -0.0076356264  -0.0806640250   0.0507298514  -0.0239037312   0.0008879529
        0.6414380499  -0.0686087455   0.1075894376   0.0005121647   0.0001308417
        0.0002194272  -0.1243634507  -0.0288246351  -0.0357175254  -0.0014200238
        0.0000523131  -0.0000004381   0.0001181143  -0.0000723236   0.0000329840
        0.0000731406  -0.0000388053  -0.0002714456  -0.0001882614  -0.0006412477
       -0.0003183705  -0.0160865436  -0.0011074381  -0.0046439768  -0.1092849248
        0.1060377380   0.0370508715  -0.0007851000  -0.0000956196   0.0001423050
       -0.0000367721   0.0000803044  -0.0000253739   0.0012845580  -0.0024471169
       -0.0002117533  -0.0000729269   0.0000898824   0.0000071696  -0.0008460952
        0.0037570367  -0.0001431389
       -0.0002164706   0.0001950667  -0.0000409159  -0.0037212561   0.0018185613
       -0.0032860105  -0.0002224944   0.0000086980  -0.0000019343  -0.0003866095
       -0.0000918580   0.0002412049   0.0027803780  -0.0013512053  -0.0035853623
        0.0006413921  -0.0003604594  -0.0001305441   0.0234679282   0.0126630320
        0.0129740567  -0.0197062312  -0.0076659773  -0.0080137569   0.0565244255
       -0.0839090883  -0.0071915656   0.0199686434  -0.0468634976  -0.0198757571
       -0.0686087455   0.5407576243   0.2180135906   0.0005913825  -0.0001059489
       -0.0000362256  -0.0991052891  -0.2073923701  -0.1125107754   0.0000250403
        0.0000561609   0.0000635540  -0.0002350212  -0.0002018705  -0.0002088654
        0.0000433836  -0.0000224034   0.0000145949  -0.0004990974   0.0006032994
        0.0002065501  -0.0216896124   0.0000555348  -0.0058918957   0.1053537110
       -0.2072826132  -0.0681225855   0.0003382667   0.0001101710  -0.0002646567
        0.0002037104   0.0000086889   0.0000309870   0.0010594267   0.0011897445
        0.0017050666   0.0001201601   0.0000123525  -0.0000661056   0.0032729789
       -0.0022316422  -0.0040226478
       -0.0002482567   0.0002852022  -0.0001637516  -0.0142842544  -0.0102312198
       -0.0037538354  -0.0004241722  -0.0003546842  -0.0000643535   0.0002842348
       -0.0002880218  -0.0000182510   0.0000880745  -0.0042023877   0.0045225358
       -0.0022182643   0.0004482966  -0.0000814138   0.0025186564   0.0268804850
        0.0156491933  -0.0213943718  -0.0084848249  -0.0142296000  -0.0446783330
       -0.0247536698  -0.0689902738   0.0244240595  -0.0321550038  -0.0100285542
        0.1075894376   0.2180135906   0.2565987824   0.0007980370  -0.0001178508
        0.0005479811  -0.0746104061  -0.0937043218  -0.1213104169   0.0010721966
       -0.0003045362   0.0002314648   0.0000547400  -0.0000556177  -0.0000035333
        0.0000300922  -0.0000110747  -0.0000752164  -0.0002908509   0.0002301179
       -0.0000986527  -0.0164696781  -0.0004678961  -0.0041274537   0.0367501504
       -0.0676672759  -0.0587546583  -0.0003202290   0.0000603077  -0.0000164540
        0.0000707035   0.0000599395  -0.0000144914   0.0016929475   0.0006448942
       -0.0005461636  -0.0000604233   0.0000879770  -0.0000787696  -0.0003740901
       -0.0039124256   0.0048058856
       -0.1227805054   0.1443343350  -0.0501126428   0.0031388871  -0.0000705486
        0.0008021135  -0.1910896495  -0.1789948456   0.0190464770  -0.0166010295
        0.0077221719  -0.0064325068  -0.0193439578  -0.0024252888   0.0085826571
       -0.0704597605   0.0093870190  -0.0087180673  -0.0031041451   0.0009625417
       -0.0009379310   0.0005870795  -0.0007663457  -0.0004498526   0.0001914248
        0.0007488599   0.0006699656   0.0003255115  -0.0008193616  -0.0001458552
        0.0005121647   0.0005913825   0.0007980370   0.4157568958   0.0249253513
        0.0388339357  -0.0032945914  -0.0001551895  -0.0008091705   0.0002023719
       -0.0001628898   0.0004233075   0.0007270098  -0.0002666470  -0.0005706477
       -0.0059224904  -0.0035984280  -0.0030253294  -0.0004950463   0.0000390838
       -0.0000152642  -0.0003126699  -0.0001181720  -0.0002051027   0.0003397031
       -0.0002867469  -0.0000471565  -0.0027567215   0.0010558396   0.0001585959
        0.0160645756  -0.0029392874   0.0042317832  -0.0002629861  -0.0000042940
       -0.0000814268  -0.0016280647   0.0006034062  -0.0021888919   0.0002059944
        0.0002380542   0.0001929728
        0.1503444352  -0.4678708734   0.1378759514  -0.0003164728   0.0000003266
       -0.0000160838  -0.1864104686  -0.3648062336   0.0368167174   0.0085423831
       -0.0142275385   0.0053276809  -0.0007479955   0.0001595514  -0.0002190725
       -0.0040288396  -0.0539926982  -0.0049140584  -0.0005598976   0.0000247995
        0.0012392023   0.0000990428   0.0001797159   0.0002805242  -0.0003289020
       -0.0002078751   0.0000895839   0.0000419556  -0.0000394435   0.0000316681
        0.0001308417  -0.0001059489  -0.0001178508   0.0249253513   0.9222632825
       -0.1826731877   0.0003494066  -0.0000831493  -0.0000803699  -0.0023356476
       -0.0012070314   0.0010868763   0.0004191922   0.0005582231  -0.0007270544
       -0.0162052192   0.0020829601  -0.0070860516  -0.0002793124  -0.0000205852
       -0.0001569426   0.0002039829  -0.0000180472  -0.0001014222  -0.0000123602
        0.0000611461  -0.0000002009   0.0019253523  -0.0039445453   0.0010974311
        0.0227973134  -0.0157861711   0.0105120977   0.0000526667  -0.0000291872
       -0.0000219211   0.0014541383  -0.0030096744   0.0017785988  -0.0000609465
        0.0000189972  -0.0000221163
       -0.0511572938   0.1346753190  -0.1089206791   0.0010344584  -0.0000127114
        0.0001404921   0.0213282883   0.0399497544  -0.0692816233  -0.0071485137
        0.0073156157  -0.0025721563   0.0187243648  -0.0011079273   0.0045133394
       -0.0017835050  -0.0038866255  -0.0685944310   0.0024973577   0.0009215782
       -0.0046526716   0.0002586692  -0.0002773676  -0.0001241231   0.0006271780
        0.0003896023   0.0003012342  -0.0000236915  -0.0003430488   0.0001801147
        0.0002194272  -0.0000362256   0.0005479811   0.0388339357  -0.1826731877
        0.2533731109  -0.0011395173  -0.0000984001  -0.0002633489   0.0009023436
        0.0007295735   0.0004651086   0.0012879656  -0.0009150199  -0.0001946412
       -0.0196419718  -0.0012711676  -0.0046756227  -0.0000072184   0.0001329654
       -0.0000633683  -0.0000375550  -0.0000221689  -0.0001529971   0.0001359209
       -0.0001118755   0.0000197137  -0.0006280511   0.0005961689  -0.0000407237
       -0.0029010742   0.0043111211   0.0007530227  -0.0001169987   0.0000377551
        0.0000430354  -0.0013128396   0.0016549337  -0.0008737526   0.0000483206
        0.0000413388   0.0000729863
        0.0009941745  -0.0009656602   0.0004395891  -0.2551672269   0.0140221351
       -0.0536478628   0.0013179900   0.0008009005   0.0003104676   0.0007342747
        0.0004623110  -0.0006138437  -0.0008423328  -0.0002917876  -0.0008555340
        0.0027642424   0.0000011856   0.0003685055   0.0036245415   0.0023917882
        0.0035491007  -0.0381449491   0.0230030267   0.0027338114  -0.0297232331
       -0.0202146535  -0.0182487712  -0.1352624546   0.1212894498   0.0416264508
       -0.1243634507  -0.0991052891  -0.0746104061  -0.0032945914   0.0003494066
       -0.0011395173   0.5981499213  -0.0532890898   0.1015822362   0.0005899579
       -0.0005050001   0.0004577459   0.0005738919   0.0003124388   0.0005216143
       -0.0003082045  -0.0000312022   0.0000828744  -0.0038220406   0.0008754098
       -0.0029973422  -0.0036465203   0.0015460365  -0.0024281499   0.0048873403
        0.0124605791   0.0081153320  -0.0008042906  -0.0005267776   0.0002929597
       -0.0004083561  -0.0001823801  -0.0000174232  -0.0246130172   0.0100890920
       -0.0007590483  -0.0002560317  -0.0001582310   0.0001817343   0.0070203652
       -0.0123336886  -0.0049445231
        0.0000603814   0.0000284719   0.0000457841  -0.0113124459  -0.0692442138
       -0.0213728801   0.0001478892   0.0001841198   0.0000376414  -0.0002812616
        0.0002688144   0.0001540457   0.0006607750  -0.0003450069  -0.0004060710
        0.0003926259  -0.0001563978   0.0003326893   0.0006384874  -0.0547098999
       -0.0259908218   0.0721626681   0.0162345434   0.0302473230  -0.0705755627
        0.0298171514  -0.0017093486   0.0549446880  -0.2280809755  -0.0788764177
       -0.0288246351  -0.2073923701  -0.0937043218  -0.0001551895  -0.0000831493
       -0.0000984001  -0.0532890898   0.5494518769   0.2119826382   0.0002519408
        0.0003513860   0.0000253504  -0.0000368499   0.0001001436   0.0001022963
       -0.0000465276   0.0000563831   0.0002225959   0.0005457251   0.0030378062
       -0.0030049789   0.0021847496   0.0029857406  -0.0023927036  -0.0084444245
       -0.0207290268  -0.0140244195   0.0003855207   0.0001293756  -0.0003428285
       -0.0000023105   0.0000330912  -0.0000455728   0.0304038409  -0.0011641547
        0.0085215845  -0.0000080964   0.0000025392  -0.0000002886   0.0101971015
       -0.0207762485  -0.0097028958
        0.0002408555  -0.0001111329   0.0000210541  -0.0676820499  -0.0141235470
       -0.0623253447   0.0003272244   0.0003709653   0.0000198059  -0.0000994765
        0.0003523817  -0.0001790631  -0.0001441998  -0.0004717425  -0.0000868192
        0.0007947614  -0.0001221604   0.0003433015   0.0033786982  -0.0255574582
       -0.0190767396   0.0286638899   0.0163429289   0.0144315448  -0.0460517847
        0.0119551621  -0.0081358583   0.0069175396  -0.0610832449  -0.0826309667
       -0.0357175254  -0.1125107754  -0.1213104169  -0.0008091705  -0.0000803699
       -0.0002633489   0.1015822362   0.2119826382   0.2718651537   0.0003018985
       -0.0000612407   0.0000623525   0.0001099365   0.0001447740   0.0002356489
       -0.0000688482   0.0000409537   0.0001066094  -0.0032023298  -0.0028348012
        0.0065500262  -0.0021240708  -0.0026437646   0.0064003196  -0.0036437527
       -0.0085763671  -0.0043264465   0.0001554517  -0.0001141345  -0.0000912344
        0.0000394205  -0.0000470953   0.0000294015   0.0103299344   0.0027731436
        0.0026232811  -0.0000198867  -0.0000164111   0.0000127069   0.0067212483
       -0.0156087019  -0.0042749677
        0.0004914410   0.0006121958  -0.0007541775  -0.0003688535   0.0000231541
       -0.0002457027   0.0001005515   0.0009067753  -0.0000385530  -0.0015763568
       -0.0021595108   0.0036810264  -0.0502222031   0.0491010540  -0.0194305921
        0.0025088952  -0.0126229257   0.0049796729  -0.0134014126   0.0269845403
       -0.0102138698   0.0002872065   0.0012128652   0.0006836923  -0.0036696894
        0.0002509827  -0.0021658162  -0.0000279392  -0.0000988241   0.0006417454
       -0.0014200238   0.0000250403   0.0010721966   0.0002023719  -0.0023356476
        0.0009023436   0.0005899579   0.0002519408   0.0003018985   0.0634325879
       -0.0539589527   0.0192027408   0.0026303545  -0.0069342087   0.0018939120
        0.0004178414  -0.0000747182  -0.0001688978   0.0000409187  -0.0003245518
       -0.0006073030   0.0000081778  -0.0000808769  -0.0003549003  -0.0003272330
       -0.0000250134   0.0000362711  -0.0001350581   0.0002374866   0.0000658675
        0.0003931466  -0.0003474250   0.0002253596   0.0000750348  -0.0000068956
       -0.0000362883  -0.0001308873  -0.0006188768   0.0002779793   0.0001011710
       -0.0000176078   0.0000513946
        0.0000218851   0.0007274192  -0.0007352476   0.0003069026  -0.0000597158
        0.0001130575  -0.0002233324   0.0000512155  -0.0000438352  -0.0007302685
       -0.0000606111   0.0022752851   0.0463389395  -0.2430478453   0.0685523565
       -0.0005149972  -0.0081533525   0.0049126400   0.0061412889  -0.0037297330
        0.0014210607  -0.0017812795   0.0004406179  -0.0007145930   0.0009555084
        0.0000031153   0.0007061079   0.0004060745  -0.0001995606  -0.0003334780
        0.0000523131   0.0000561609  -0.0003045362  -0.0001628898  -0.0012070314
        0.0007295735  -0.0005050001   0.0003513860  -0.0000612407  -0.0539589527
        0.2793686626  -0.0811269950   0.0035945005  -0.0251794356   0.0041955829
        0.0001051732   0.0004435905  -0.0001709298  -0.0000670300   0.0001043912
        0.0002275857  -0.0001316003   0.0001379297   0.0001577697   0.0000741175
       -0.0000263262   0.0000163218  -0.0001817694   0.0003429712   0.0000512236
        0.0005265014  -0.0000625659   0.0000887483  -0.0000629079   0.0000194378
        0.0000421377  -0.0001550047  -0.0003336308  -0.0000212328  -0.0000481721
        0.0000129106   0.0000226373
       -0.0006774096  -0.0005713767  -0.0002296143  -0.0002991488   0.0000028353
       -0.0001241449  -0.0002135068  -0.0003208570  -0.0001759881   0.0028961202
        0.0033691539  -0.0053298067  -0.0197673472   0.0677852515  -0.0665241212
       -0.0017555811   0.0228257960  -0.0102932694  -0.0022937475   0.0061672220
       -0.0009208783  -0.0001878720   0.0005147558   0.0005820051  -0.0005337563
        0.0000327755  -0.0003999817   0.0000933157  -0.0000728048   0.0000619250
       -0.0000004381   0.0000635540   0.0002314648   0.0004233075   0.0010868763
        0.0004651086   0.0004577459   0.0000253504   0.0000623525   0.0192027408
       -0.0811269950   0.0772984191   0.0034366621  -0.0209750961   0.0063994027
       -0.0003909264   0.0004654804  -0.0001020007  -0.0003584274  -0.0004352454
       -0.0003762070  -0.0000560794   0.0000390291  -0.0000152938  -0.0000609499
       -0.0000181963   0.0000121285   0.0001059042  -0.0003002398  -0.0003505215
       -0.0002402455   0.0005326068  -0.0002785517   0.0000238784  -0.0000197732
        0.0000484653   0.0001706692   0.0009462364  -0.0000557596   0.0000250923
       -0.0000163392   0.0000148672
        0.0001040241  -0.0000532617  -0.0004596570  -0.0002258987   0.0000807495
       -0.0000515516   0.0002333576  -0.0000032205  -0.0006605001   0.0001040089
        0.0002044988  -0.0005890906  -0.0573739801  -0.0384906917  -0.0434811287
        0.0024742183   0.0103824273   0.0134300485  -0.0120192437  -0.0190493011
       -0.0207124821  -0.0056148143   0.0010528785  -0.0018738868   0.0006431632
       -0.0020457593  -0.0007462115  -0.0008148652  -0.0011650652  -0.0003227231
        0.0001181143  -0.0002350212   0.0000547400   0.0007270098   0.0004191922
        0.0012879656   0.0005738919  -0.0000368499   0.0001099365   0.0026303545
        0.0035945005   0.0034366621   0.0699975297   0.0443079439   0.0473380417
       -0.0012512961  -0.0006889133   0.0032494819  -0.0000088633   0.0003396550
        0.0000611310  -0.0005245329   0.0011341407   0.0002545672   0.0000967251
        0.0000032714   0.0000382107   0.0004026702   0.0001930854  -0.0006147712
        0.0001733587   0.0000205035   0.0003747451   0.0000126578   0.0000201348
       -0.0000283088  -0.0000189489   0.0000497509  -0.0000564679  -0.0004386409
       -0.0000346488  -0.0000387510
        0.0003529212  -0.0004750985   0.0006633121  -0.0002354767   0.0000153325
       -0.0001042762   0.0005680817   0.0000366396   0.0000473196   0.0002186563
        0.0009495335   0.0008864291  -0.0380374169  -0.1442384033  -0.1074854721
        0.0014967251   0.0020384798   0.0013109474  -0.0027528411  -0.0004305838
       -0.0009107441  -0.0002134246   0.0004868466  -0.0005143582   0.0016392225
        0.0008064727   0.0010327312   0.0000346197   0.0000215521  -0.0000287056
       -0.0000723236  -0.0002018705  -0.0000556177  -0.0002666470   0.0005582231
       -0.0009150199   0.0003124388   0.0001001436   0.0001447740  -0.0069342087
       -0.0251794356  -0.0209750961   0.0443079439   0.1644061110   0.1255730252
       -0.0003448314   0.0006672375   0.0006524237   0.0001236372   0.0001854114
        0.0002021045   0.0002462768   0.0000070996  -0.0000514821   0.0000044017
        0.0000245318   0.0000067890   0.0001477881   0.0001588472   0.0002197262
       -0.0005259365   0.0002030265  -0.0000149399   0.0000104348   0.0000251555
        0.0000253974  -0.0000184536  -0.0001066728   0.0002419647  -0.0000615875
       -0.0000585796   0.0000487679
        0.0000890946  -0.0002679203   0.0001553054  -0.0003040094   0.0000399114
       -0.0001099055  -0.0000814572   0.0006199150  -0.0000703644  -0.0006170722
       -0.0011047919   0.0014498909  -0.0445845405  -0.1065649582  -0.1590825147
       -0.0008804216  -0.0165642443  -0.0246142750  -0.0049865359  -0.0064977358
       -0.0056679714  -0.0019165479   0.0000660713   0.0001228664   0.0014775944
       -0.0000346074   0.0003382590  -0.0000282032  -0.0004386964  -0.0000586873
        0.0000329840  -0.0002088654  -0.0000035333  -0.0005706477  -0.0007270544
       -0.0001946412   0.0005216143   0.0001022963   0.0002356489   0.0018939120
        0.0041955829   0.0063994027   0.0473380417   0.1255730252   0.1863526322
        0.0030038078   0.0006052134  -0.0048450166   0.0000550393   0.0000716360
       -0.0000267426  -0.0002245786   0.0004360437   0.0001663341   0.0000481554
        0.0000217285   0.0000015399  -0.0005597820   0.0008732315  -0.0005546598
        0.0003343950  -0.0001265646  -0.0003067825   0.0000127628  -0.0000031371
        0.0000238306   0.0000519591  -0.0000850808   0.0003814272  -0.0001055641
        0.0000190013  -0.0000920429
        0.0001962644   0.0014826507   0.0022991001   0.0003745185  -0.0000525121
        0.0000633906  -0.0063866898  -0.0016170315   0.0023016699   0.0013264476
        0.0049470935   0.0025813043   0.0033979250   0.0090233910   0.0130858289
       -0.0481025292  -0.0397593724  -0.0461585136   0.0010606828   0.0007524450
        0.0003964756  -0.0001157812   0.0004661876   0.0001139404  -0.0001535224
        0.0001114041   0.0000155666  -0.0000689173  -0.0001201224  -0.0000839694
        0.0000731406   0.0000433836   0.0000300922  -0.0059224904  -0.0162052192
       -0.0196419718  -0.0003082045  -0.0000465276  -0.0000688482   0.0004178414
        0.0001051732  -0.0003909264  -0.0012512961  -0.0003448314   0.0030038078
        0.0558310884   0.0414397793   0.0427672709  -0.0001745023  -0.0006623895
        0.0000596189   0.0000226874  -0.0000770641  -0.0000447613   0.0000530368
       -0.0000283816  -0.0000190716   0.0000441048   0.0013811936  -0.0002831736
       -0.0012309863  -0.0007184559  -0.0002953683  -0.0000384552  -0.0000002779
        0.0000010495   0.0009181176  -0.0000985737   0.0002475769   0.0000375194
       -0.0000219424   0.0000199115
        0.0003418679  -0.0004740036   0.0000940946   0.0000207055  -0.0000558746
        0.0000124002   0.0005499617   0.0001669188   0.0002696281  -0.0049505680
       -0.0298881607  -0.0147900565   0.0007952711   0.0027048388   0.0011896559
       -0.0329054149  -0.1428524845  -0.1132167618   0.0004214107  -0.0001060606
       -0.0002175623  -0.0001283874   0.0004950592   0.0003006554  -0.0000038532
       -0.0001082041  -0.0001132874   0.0000855076  -0.0001427738  -0.0000348768
       -0.0000388053  -0.0000224034  -0.0000110747  -0.0035984280   0.0020829601
       -0.0012711676  -0.0000312022   0.0000563831   0.0000409537  -0.0000747182
        0.0004435905   0.0004654804  -0.0006889133   0.0006672375   0.0006052134
        0.0414397793   0.1747357636   0.1273000082  -0.0003114002  -0.0001902261
        0.0001459104  -0.0000184829  -0.0000415511   0.0000264316  -0.0000281400
        0.0000090394  -0.0000176512  -0.0012602804  -0.0036685348   0.0004974953
        0.0005543029  -0.0038124961   0.0003950885   0.0000112312   0.0000049429
       -0.0000279230  -0.0001347952   0.0000062765  -0.0016339899  -0.0000466489
       -0.0000102369  -0.0000086643
        0.0005366402   0.0016797096   0.0005198014  -0.0002120573   0.0000324430
       -0.0000695515  -0.0019090898  -0.0000996885   0.0002369406   0.0010865874
        0.0084533149   0.0052145155  -0.0019008117  -0.0143227246  -0.0234669043
       -0.0401476161  -0.1198270302  -0.1643764909  -0.0006044451  -0.0002892553
        0.0006805810  -0.0002164475  -0.0003555564  -0.0000153607   0.0001991006
       -0.0003195483  -0.0000619015   0.0001091654   0.0001088716  -0.0000258048
       -0.0002714456   0.0000145949  -0.0000752164  -0.0030253294  -0.0070860516
       -0.0046756227   0.0000828744   0.0002225959   0.0001066094  -0.0001688978
       -0.0001709298  -0.0001020007   0.0032494819   0.0006524237  -0.0048450166
        0.0427672709   0.1273000082   0.1891002473   0.0003525812   0.0005353155
        0.0002298837  -0.0000940503   0.0001697047   0.0000624735  -0.0000556930
        0.0000158991   0.0000121523   0.0000403305   0.0009426048   0.0001441217
        0.0000705358   0.0007945684  -0.0001585879  -0.0000178964   0.0000040475
        0.0000510405   0.0002003784   0.0015401038   0.0015213956  -0.0000711668
        0.0000045794  -0.0000073047
        0.0001706854   0.0001417306   0.0000466381  -0.0014496281   0.0013972757
        0.0003512642   0.0002938929   0.0003377534  -0.0000243399   0.0000211210
        0.0002199650  -0.0000394092   0.0003344804  -0.0013180903   0.0003010992
       -0.0000714799  -0.0005568198  -0.0001717461   0.0062520502  -0.0084132554
       -0.0029916245  -0.1094589710   0.1068160625   0.0348450721  -0.0001186254
       -0.0013927020  -0.0028308745  -0.0182485854   0.0244874751   0.0078055592
       -0.0001882614  -0.0004990974  -0.0002908509  -0.0004950463  -0.0002793124
       -0.0000072184  -0.0038220406   0.0005457251  -0.0032023298   0.0000409187
       -0.0000670300  -0.0003584274  -0.0000088633   0.0001236372   0.0000550393
       -0.0001745023  -0.0003114002   0.0003525812   0.1267382601  -0.1208903557
       -0.0351548945   0.0002384871  -0.0005656336  -0.0001957128  -0.0001777553
       -0.0001783470   0.0003243452  -0.0000080393   0.0000169344   0.0000058499
       -0.0000547661  -0.0000260721  -0.0000115406  -0.0003849988   0.0001858739
        0.0000518736   0.0000173797   0.0000022404   0.0000407150   0.0005542877
        0.0002234427   0.0010989316
        0.0000646487   0.0001207454  -0.0000371212   0.0005577792  -0.0003529743
       -0.0000288921   0.0000091192  -0.0000698204  -0.0000270521  -0.0000663098
        0.0001893103   0.0000874517   0.0006065553   0.0004661916   0.0015541061
       -0.0002234886  -0.0001922392  -0.0000647201   0.0115821721  -0.0206934629
       -0.0082821314   0.1072908982  -0.2119647177  -0.0627067576  -0.0017874781
       -0.0015660186  -0.0051853645   0.0037760894  -0.0035209028  -0.0011914996
       -0.0006412477   0.0006032994   0.0002301179   0.0000390838  -0.0000205852
        0.0001329654   0.0008754098   0.0030378062  -0.0028348012  -0.0003245518
        0.0001043912  -0.0004352454   0.0003396550   0.0001854114   0.0000716360
       -0.0006623895  -0.0001902261   0.0005353155  -0.1208903557   0.2352285106
        0.0765626727   0.0005419844  -0.0012763118  -0.0004941290  -0.0001351145
       -0.0003138400   0.0006505617   0.0000949070   0.0000621402  -0.0000700995
        0.0000839326   0.0000207750   0.0000083852  -0.0000980853  -0.0000268159
        0.0000967637   0.0000060184  -0.0000528278   0.0000161456  -0.0010392324
        0.0002221613   0.0014116922
        0.0000473162   0.0001216204  -0.0000608962  -0.0001449777   0.0002091311
        0.0000386417   0.0000208060   0.0000879122  -0.0000046952  -0.0000874296
        0.0000655581  -0.0000368443   0.0013657381   0.0008417810  -0.0013382624
        0.0005549404  -0.0000869525   0.0001185626   0.0068300495  -0.0143736812
       -0.0042703014   0.0349921149  -0.0622772210  -0.0576628050  -0.0028492934
       -0.0051251558   0.0036352881  -0.0029848099   0.0044396544   0.0021183256
       -0.0003183705   0.0002065501  -0.0000986527  -0.0000152642  -0.0001569426
       -0.0000633683  -0.0029973422  -0.0030049789   0.0065500262  -0.0006073030
        0.0002275857  -0.0003762070   0.0000611310   0.0002021045  -0.0000267426
        0.0000596189   0.0001459104   0.0002298837  -0.0351548945   0.0765626727
        0.0548916985   0.0004131071  -0.0007219379  -0.0003926808   0.0003343534
        0.0006687598  -0.0011972821   0.0000359761   0.0000109127   0.0000129294
        0.0001016668  -0.0000132279   0.0000254205  -0.0000916101   0.0001935991
       -0.0001523065   0.0000090895   0.0000180717   0.0000302863   0.0004253873
        0.0017582738  -0.0019700180
        0.0001246561  -0.0001950117   0.0000113524  -0.0023063414  -0.0012298181
       -0.0012379163   0.0001364147  -0.0000789196  -0.0000585226  -0.0000610109
       -0.0000537781   0.0000111268   0.0008345631   0.0011276187   0.0017063246
       -0.0000214787   0.0001228357   0.0000161471   0.0056636971   0.0090128580
        0.0063898036  -0.0004373517   0.0033996742  -0.0004788590  -0.0897924588
       -0.0776252962  -0.0601502555  -0.0002383218   0.0004408179   0.0002092912
       -0.0160865436  -0.0216896124  -0.0164696781  -0.0003126699   0.0002039829
       -0.0000375550  -0.0036465203   0.0021847496  -0.0021240708   0.0000081778
       -0.0001316003  -0.0000560794  -0.0005245329   0.0002462768  -0.0002245786
        0.0000226874  -0.0000184829  -0.0000940503   0.0002384871   0.0005419844
        0.0004131071   0.1060098980   0.0850895886   0.0709832205   0.0003719339
       -0.0010360705   0.0003066673   0.0001510828   0.0000079898   0.0005203471
       -0.0002036716   0.0000159324   0.0000857645   0.0001852314  -0.0001060417
       -0.0000306991   0.0000369582  -0.0000436095  -0.0000314612  -0.0001528859
       -0.0001860682   0.0003405739
        0.0000208274  -0.0000799674   0.0000574867  -0.0003364096  -0.0001434356
       -0.0001079185  -0.0000061675  -0.0000004785   0.0000199630  -0.0000577284
       -0.0000365611   0.0001381946  -0.0017818810   0.0002416299   0.0008222766
       -0.0001095173   0.0000423092  -0.0000059231  -0.0096552091  -0.0203391517
       -0.0145602044   0.0038160856  -0.0023244319  -0.0042616253  -0.0785618429
       -0.1752166612  -0.1029921127   0.0005677590   0.0004018785   0.0004369234
       -0.0011074381   0.0000555348  -0.0004678961  -0.0001181720  -0.0000180472
       -0.0000221689   0.0015460365   0.0029857406  -0.0026437646  -0.0000808769
        0.0001379297   0.0000390291   0.0011341407   0.0000070996   0.0004360437
       -0.0000770641  -0.0000415511   0.0001697047  -0.0005656336  -0.0012763118
       -0.0007219379   0.0850895886   0.1950104238   0.1215605876   0.0002738370
        0.0002141461   0.0017414854   0.0002331190   0.0006198921  -0.0004104095
       -0.0000710249   0.0000563226  -0.0000345726   0.0000698983   0.0000483554
        0.0000615454  -0.0000316171  -0.0000092406   0.0000278378  -0.0001907095
       -0.0003354242   0.0007174556
        0.0000377810  -0.0000437462   0.0000156929  -0.0007123387  -0.0002947394
       -0.0005384501   0.0000383792   0.0002222626  -0.0000281741  -0.0002305801
        0.0001710424   0.0000809487   0.0000782012   0.0018527599  -0.0011729218
        0.0006209131  -0.0003445641   0.0000333208  -0.0045411017  -0.0084466311
       -0.0051815610  -0.0001867996  -0.0043430167   0.0050051613  -0.0611186328
       -0.1040336495  -0.1103939076   0.0003291359   0.0003826572   0.0001590013
       -0.0046439768  -0.0058918957  -0.0041274537  -0.0002051027  -0.0001014222
       -0.0001529971  -0.0024281499  -0.0023927036   0.0064003196  -0.0003549003
        0.0001577697  -0.0000152938   0.0002545672  -0.0000514821   0.0001663341
       -0.0000447613   0.0000264316   0.0000624735  -0.0001957128  -0.0004941290
       -0.0003926808   0.0709832205   0.1215605876   0.1137527890   0.0010276921
        0.0013729415  -0.0017461455   0.0007246804   0.0000624215  -0.0007136160
        0.0001432599  -0.0000162816   0.0000202414   0.0001022837  -0.0000361980
        0.0000041219   0.0000026502   0.0000080408  -0.0000188388   0.0003192921
        0.0006735444  -0.0012183642
       -0.0000856909   0.0000417789  -0.0000240097   0.0026051109  -0.0013781283
        0.0004714554  -0.0001142074  -0.0000893649  -0.0000375815  -0.0000162003
       -0.0001369538   0.0000627213  -0.0007471541   0.0013275962   0.0004225658
       -0.0003161945   0.0000770389  -0.0000938518  -0.0048766043   0.0005346020
       -0.0030932086  -0.0000824209  -0.0004992403  -0.0002390277  -0.0174698682
        0.0241580534   0.0084761468  -0.0001754442  -0.0013903447  -0.0027045421
       -0.1092849248   0.1053537110   0.0367501504   0.0003397031  -0.0000123602
        0.0001359209   0.0048873403  -0.0084444245  -0.0036437527  -0.0003272330
        0.0000741175  -0.0000609499   0.0000967251   0.0000044017   0.0000481554
        0.0000530368  -0.0000281400  -0.0000556930  -0.0001777553  -0.0001351145
        0.0003343534   0.0003719339   0.0002738370   0.0010276921   0.1258142582
       -0.1199877192  -0.0376391481  -0.0000122071   0.0001683450  -0.0000380404
        0.0000036752   0.0000607775  -0.0000204463  -0.0007346720   0.0005254350
        0.0000403768   0.0000111489   0.0000351593  -0.0000308640   0.0002376446
       -0.0005330630  -0.0000884225
        0.0000879120  -0.0001047431   0.0000373237   0.0007986093   0.0009991226
        0.0016443313   0.0001140500   0.0000189853   0.0000433082   0.0000488561
        0.0000590936  -0.0000203951  -0.0000357475  -0.0002002392  -0.0002262574
        0.0002398560  -0.0000074294   0.0000498818   0.0012945767   0.0029824620
       -0.0023419830  -0.0007482924   0.0004573043   0.0001160711   0.0036678402
       -0.0037274445  -0.0008653560  -0.0018346430  -0.0014013628  -0.0050840785
        0.1060377380  -0.2072826132  -0.0676672759  -0.0002867469   0.0000611461
       -0.0001118755   0.0124605791  -0.0207290268  -0.0085763671  -0.0000250134
       -0.0000263262  -0.0000181963   0.0000032714   0.0000245318   0.0000217285
       -0.0000283816   0.0000090394   0.0000158991  -0.0001783470  -0.0003138400
        0.0006687598  -0.0010360705   0.0002141461   0.0013729415  -0.1199877192
        0.2304703119   0.0810852827  -0.0000125839  -0.0000585875   0.0000178774
       -0.0000640932   0.0000067115   0.0000067251  -0.0010996412  -0.0001811068
        0.0000867383  -0.0000235081  -0.0000050315   0.0000513284   0.0006074989
       -0.0012651037  -0.0003064122
        0.0000178433   0.0000078651  -0.0000052307   0.0013862065   0.0010660540
       -0.0006101194   0.0000063035   0.0000236603  -0.0000342809  -0.0000025279
       -0.0000009704  -0.0000325397  -0.0001738749   0.0001728501   0.0002293840
       -0.0000918230  -0.0000411344   0.0000343524  -0.0028496703  -0.0024562990
        0.0056582754  -0.0003826175   0.0002244626  -0.0001434093  -0.0027774939
        0.0046956215   0.0016243891  -0.0030174240  -0.0049383146   0.0035405867
        0.0370508715  -0.0681225855  -0.0587546583  -0.0000471565  -0.0000002009
        0.0000197137   0.0081153320  -0.0140244195  -0.0043264465   0.0000362711
        0.0000163218   0.0000121285   0.0000382107   0.0000067890   0.0000015399
       -0.0000190716  -0.0000176512   0.0000121523   0.0003243452   0.0006505617
       -0.0011972821   0.0003066673   0.0017414854  -0.0017461455  -0.0376391481
        0.0810852827   0.0568523989  -0.0000140666   0.0000417059   0.0000527437
        0.0000060679   0.0000097146   0.0000166547  -0.0008219633   0.0005332020
       -0.0005954377   0.0000214685  -0.0000101843  -0.0000431838   0.0005272497
       -0.0006638169  -0.0005655853
        0.0003668283  -0.0004897683   0.0000219388   0.0006443369  -0.0000031154
        0.0001853226  -0.0005238528   0.0001222833  -0.0012713952  -0.1752251771
        0.1103885422   0.1182654318  -0.0003428359  -0.0010993043   0.0008244497
        0.0003548709   0.0035846518  -0.0016690609   0.0015161277  -0.0006579783
        0.0000641598  -0.0005421298  -0.0005087390  -0.0002724675   0.0007332213
        0.0009135895  -0.0010041028   0.0004244801  -0.0003418811  -0.0001004536
       -0.0007851000   0.0003382667  -0.0003202290  -0.0027567215   0.0019253523
       -0.0006280511  -0.0008042906   0.0003855207   0.0001554517  -0.0001350581
       -0.0001817694   0.0001059042   0.0004026702   0.0001477881  -0.0005597820
        0.0000441048  -0.0012602804   0.0000403305  -0.0000080393   0.0000949070
        0.0000359761   0.0001510828   0.0002331190   0.0007246804  -0.0000122071
       -0.0000125839  -0.0000140666   0.1901972759  -0.1212396013  -0.1266412957
       -0.0190219742   0.0108036410   0.0125100976  -0.0000963147  -0.0000169337
       -0.0000025231   0.0054007043  -0.0031763509  -0.0004694514   0.0000179978
        0.0000506444   0.0000191355
        0.0009998427  -0.0000266590   0.0005748865   0.0006334033  -0.0000004032
        0.0001865563  -0.0027388489   0.0012168550  -0.0011079755   0.1069027813
       -0.1182325122  -0.0853042372   0.0006130924   0.0014570112  -0.0012620635
        0.0153457797  -0.0174523324  -0.0113841013  -0.0010898852  -0.0006001427
       -0.0001589194  -0.0002315708  -0.0005288954  -0.0003843369  -0.0001624815
        0.0002521374   0.0003351528   0.0002647393  -0.0001995991  -0.0000907365
       -0.0000956196   0.0001101710   0.0000603077   0.0010558396  -0.0039445453
        0.0005961689  -0.0005267776   0.0001293756  -0.0001141345   0.0002374866
        0.0003429712  -0.0003002398   0.0001930854   0.0001588472   0.0008732315
        0.0013811936  -0.0036685348   0.0009426048   0.0000169344   0.0000621402
        0.0000109127   0.0000079898   0.0006198921   0.0000624215   0.0001683450
       -0.0000585875   0.0000417059  -0.1212396013   0.1323811245   0.0932428857
       -0.0014134862   0.0057637790   0.0055932394  -0.0000542137  -0.0000178907
       -0.0000342345  -0.0003524131   0.0021859072  -0.0023945575   0.0000843848
        0.0000498908   0.0000154629
       -0.0010619938   0.0010502711  -0.0005594233  -0.0003962471   0.0000412213
       -0.0001541000  -0.0015286403   0.0007869608  -0.0008005677   0.1146357172
       -0.0861715634  -0.1365619025   0.0001346614   0.0013461953   0.0010994974
       -0.0055094651   0.0015522498   0.0054239903  -0.0002769816   0.0004246848
        0.0000128196   0.0004041842   0.0002090668  -0.0000616619  -0.0004419175
        0.0001060056   0.0006624718  -0.0003990849   0.0001679605  -0.0000777229
        0.0001423050  -0.0002646567  -0.0000164540   0.0001585959   0.0010974311
       -0.0000407237   0.0002929597  -0.0003428285  -0.0000912344   0.0000658675
        0.0000512236  -0.0003505215  -0.0006147712   0.0002197262  -0.0005546598
       -0.0002831736   0.0004974953   0.0001441217   0.0000058499  -0.0000700995
        0.0000129294   0.0005203471  -0.0004104095  -0.0007136160  -0.0000380404
        0.0000178774   0.0000527437  -0.1266412957   0.0932428857   0.1477271022
        0.0016498488   0.0013004720   0.0039502344   0.0000177258  -0.0000533380
        0.0000195760   0.0191864272  -0.0147655929  -0.0191510763  -0.0000228784
       -0.0000332389   0.0000281775
       -0.0012961268  -0.0103471443   0.0018924455   0.0003636267   0.0000397915
        0.0001197316   0.0045630944  -0.0217935623   0.0091537203  -0.1761201438
       -0.0464568949  -0.0236463377  -0.0011345127   0.0009148047  -0.0008732879
       -0.0025833800  -0.0204304914   0.0052455223  -0.0005835059  -0.0002754211
       -0.0000812279  -0.0001037804  -0.0002875106  -0.0001016961   0.0000647554
        0.0003211377  -0.0001428517   0.0001591822  -0.0001187938  -0.0000679914
       -0.0000367721   0.0002037104   0.0000707035   0.0160645756   0.0227973134
       -0.0029010742  -0.0004083561  -0.0000023105   0.0000394205   0.0003931466
        0.0005265014  -0.0002402455   0.0001733587  -0.0005259365   0.0003343950
       -0.0012309863   0.0005543029   0.0000705358  -0.0000547661   0.0000839326
        0.0001016668  -0.0002036716  -0.0000710249   0.0001432599   0.0000036752
       -0.0000640932   0.0000060679  -0.0190219742  -0.0014134862   0.0016498488
        0.1861162808   0.0771747946   0.0176679395  -0.0000350685  -0.0000377157
       -0.0000024858  -0.0051031488  -0.0008191819  -0.0085039631   0.0000144974
        0.0000272782   0.0000659040
       -0.0002596254   0.0020079129  -0.0002357732   0.0002189835   0.0000082304
        0.0000746627  -0.0028905067   0.0011753956  -0.0037841548  -0.0630515018
       -0.0601360983  -0.0136666001  -0.0001827358  -0.0025088068   0.0008089062
       -0.0172667063  -0.0219371342   0.0012895329  -0.0002088707   0.0000461905
       -0.0001390963   0.0000268388  -0.0000627557  -0.0000539791   0.0000906175
        0.0000161760   0.0000670932   0.0000607237  -0.0000432880  -0.0000049836
        0.0000803044   0.0000086889   0.0000599395  -0.0029392874  -0.0157861711
        0.0043111211  -0.0001823801   0.0000330912  -0.0000470953  -0.0003474250
       -0.0000625659   0.0005326068   0.0000205035   0.0002030265  -0.0001265646
       -0.0007184559  -0.0038124961   0.0007945684  -0.0000260721   0.0000207750
       -0.0000132279   0.0000159324   0.0000563226  -0.0000162816   0.0000607775
        0.0000067115   0.0000097146   0.0108036410   0.0057637790   0.0013004720
        0.0771747946   0.0929733179   0.0094692343  -0.0000095769   0.0000294218
       -0.0000231475  -0.0004935509   0.0019597385  -0.0006061555   0.0000235781
        0.0000405377  -0.0000007924
       -0.0005501179  -0.0027289557   0.0016949184  -0.0000313293   0.0000056361
        0.0000163441   0.0048241225  -0.0087727287  -0.0068730689  -0.0194122252
       -0.0092390603  -0.0501021893  -0.0000885992   0.0012944425  -0.0008725329
        0.0040988833   0.0021562336   0.0042056363  -0.0001105454  -0.0000021840
       -0.0001625991  -0.0000251699  -0.0000298508  -0.0000608654  -0.0000474146
        0.0000567347  -0.0000415538  -0.0000426001  -0.0000068323  -0.0000446181
       -0.0000253739   0.0000309870  -0.0000144914   0.0042317832   0.0105120977
        0.0007530227  -0.0000174232  -0.0000455728   0.0000294015   0.0002253596
        0.0000887483  -0.0002785517   0.0003747451  -0.0000149399  -0.0003067825
       -0.0002953683   0.0003950885  -0.0001585879  -0.0000115406   0.0000083852
        0.0000254205   0.0000857645  -0.0000345726   0.0000202414  -0.0000204463
        0.0000067251   0.0000166547   0.0125100976   0.0055932394   0.0039502344
        0.0176679395   0.0094692343   0.0536466481  -0.0000053786  -0.0000219381
        0.0000113074  -0.0233180495  -0.0087260996  -0.0054630536  -0.0000171134
        0.0000051825   0.0000090651
        0.0000813866  -0.0000681640  -0.0000127624  -0.0841267862   0.1120992236
        0.0386931398   0.0001034239   0.0000164285   0.0000028972   0.0000941716
        0.0000171394  -0.0000692414   0.0000387138  -0.0001647179  -0.0000477514
        0.0001957294   0.0000161435   0.0000290893   0.0002155335   0.0000638960
        0.0000484942  -0.0011065551   0.0016066867   0.0001951857  -0.0003073272
        0.0000205031  -0.0001638041  -0.0046503654   0.0001042555  -0.0016867585
        0.0012845580   0.0010594267   0.0016929475  -0.0002629861   0.0000526667
       -0.0001169987  -0.0246130172   0.0304038409   0.0103299344   0.0000750348
       -0.0000629079   0.0000238784   0.0000126578   0.0000104348   0.0000127628
       -0.0000384552   0.0000112312  -0.0000178964  -0.0003849988  -0.0000980853
       -0.0000916101   0.0001852314   0.0000698983   0.0001022837  -0.0007346720
       -0.0010996412  -0.0008219633  -0.0000963147  -0.0000542137   0.0000177258
       -0.0000350685  -0.0000095769  -0.0000053786   0.1141678727  -0.1435652153
       -0.0479008533  -0.0000497009   0.0000094890   0.0000308124  -0.0000480662
       -0.0004387414  -0.0002441330
        0.0000248613   0.0000523968   0.0000218208   0.1336567590  -0.3091225792
       -0.1269871756   0.0000565735   0.0000608870   0.0000015975   0.0000146153
       -0.0000348288   0.0000212164   0.0000122990   0.0000092494   0.0001412791
       -0.0001007526  -0.0000376906   0.0000032714  -0.0001330770   0.0006183695
        0.0002240140  -0.0001163951  -0.0003267777  -0.0008876535   0.0007967820
       -0.0004218706  -0.0001833913   0.0011513723   0.0005078762  -0.0002867031
       -0.0024471169   0.0011897445   0.0006448942  -0.0000042940  -0.0000291872
        0.0000377551   0.0100890920  -0.0011641547   0.0027731436  -0.0000068956
        0.0000194378  -0.0000197732   0.0000201348   0.0000251555  -0.0000031371
       -0.0000002779   0.0000049429   0.0000040475   0.0001858739  -0.0000268159
        0.0001935991  -0.0001060417   0.0000483554  -0.0000361980   0.0005254350
       -0.0001811068   0.0005332020  -0.0000169337  -0.0000178907  -0.0000533380
       -0.0000377157   0.0000294218  -0.0000219381  -0.1435652153   0.3081237136
        0.1235353158  -0.0000209294  -0.0000219321  -0.0000003431   0.0000218465
        0.0006952840   0.0003444946
        0.0000288090  -0.0000006637   0.0000646665   0.0503488549  -0.1330708692
       -0.0649155796   0.0000605990   0.0000555244   0.0000115480   0.0000227045
        0.0000013512  -0.0000416347   0.0000417909   0.0000778872  -0.0001409149
        0.0000811023  -0.0000332329   0.0000051224  -0.0000780811   0.0002157120
        0.0002385554  -0.0006444445  -0.0003533011   0.0008730259   0.0002417433
       -0.0003886554   0.0001541129  -0.0011487425  -0.0006187034   0.0010452340
       -0.0002117533   0.0017050666  -0.0005461636  -0.0000814268  -0.0000219211
        0.0000430354  -0.0007590483   0.0085215845   0.0026232811  -0.0000362883
        0.0000421377   0.0000484653  -0.0000283088   0.0000253974   0.0000238306
        0.0000010495  -0.0000279230   0.0000510405   0.0000518736   0.0000967637
       -0.0001523065  -0.0000306991   0.0000615454   0.0000041219   0.0000403768
        0.0000867383  -0.0005954377  -0.0000025231  -0.0000342345   0.0000195760
       -0.0000024858  -0.0000231475   0.0000113074  -0.0479008533   0.1235353158
        0.0610601040   0.0000231789  -0.0000581195  -0.0000761757  -0.0000174277
        0.0002057472   0.0001911856
       -0.0000524033  -0.0000447667   0.0001081943   0.0001611969   0.0000434184
       -0.0000065893  -0.0019576816   0.0009957364   0.0004987733  -0.0514737484
        0.0064844538  -0.0724783976  -0.0001140486  -0.0011935522   0.0007705188
       -0.0002314487   0.0005066529  -0.0002748695   0.0002841881  -0.0001131042
        0.0002791966  -0.0000630614  -0.0001861450  -0.0000659900  -0.0000139557
        0.0001486005   0.0001581892  -0.0000443983  -0.0000560626  -0.0001178644
       -0.0000729269   0.0001201601  -0.0000604233  -0.0016280647   0.0014541383
       -0.0013128396  -0.0002560317  -0.0000080964  -0.0000198867  -0.0001308873
       -0.0001550047   0.0001706692  -0.0000189489  -0.0000184536   0.0000519591
        0.0009181176  -0.0001347952   0.0002003784   0.0000173797   0.0000060184
        0.0000090895   0.0000369582  -0.0000316171   0.0000026502   0.0000111489
       -0.0000235081   0.0000214685   0.0054007043  -0.0003524131   0.0191864272
       -0.0051031488  -0.0004935509  -0.0233180495  -0.0000497009  -0.0000209294
        0.0000231789   0.0543779007  -0.0069376566   0.0761576056   0.0000028608
        0.0000104769   0.0000166112
        0.0010337444  -0.0005733101   0.0000764425   0.0001662082  -0.0000160969
        0.0000940127  -0.0017100626   0.0007245517  -0.0004524221   0.0056374736
       -0.0389959498   0.0111461485   0.0010025870  -0.0036668483   0.0019602749
        0.0049484857  -0.0032367504   0.0226070229  -0.0000150465   0.0000571436
       -0.0000779038  -0.0000122898  -0.0000084480  -0.0000666256   0.0000290758
        0.0001160340  -0.0001178688  -0.0000274945  -0.0000519548  -0.0000395052
        0.0000898824   0.0000123525   0.0000879770   0.0006034062  -0.0030096744
        0.0016549337  -0.0001582310   0.0000025392  -0.0000164111  -0.0006188768
       -0.0003336308   0.0009462364   0.0000497509  -0.0001066728  -0.0000850808
       -0.0000985737   0.0000062765   0.0015401038   0.0000022404  -0.0000528278
        0.0000180717  -0.0000436095  -0.0000092406   0.0000080408   0.0000351593
       -0.0000050315  -0.0000101843  -0.0031763509   0.0021859072  -0.0147655929
       -0.0008191819   0.0019597385  -0.0087260996   0.0000094890  -0.0000219321
       -0.0000581195  -0.0069376566   0.0450118446  -0.0157255251   0.0000098712
        0.0000119806   0.0000020741
        0.0005993810  -0.0009922672   0.0005428582  -0.0001790489  -0.0000018524
       -0.0000678249   0.0021453419  -0.0008722907   0.0010328557  -0.0664019608
        0.0156554327  -0.3486523857  -0.0004451221   0.0013133320  -0.0005147414
       -0.0010941752   0.0033695194  -0.0068093243   0.0000731123   0.0001457750
        0.0000947765  -0.0000175870   0.0000557598   0.0000525627  -0.0002869768
       -0.0004192395   0.0008540854  -0.0000395083   0.0001009737   0.0000101474
        0.0000071696  -0.0000661056  -0.0000787696  -0.0021888919   0.0017785988
       -0.0008737526   0.0001817343  -0.0000002886   0.0000127069   0.0002779793
       -0.0000212328  -0.0000557596  -0.0000564679   0.0002419647   0.0003814272
        0.0002475769  -0.0016339899   0.0015213956   0.0000407150   0.0000161456
        0.0000302863  -0.0000314612   0.0000278378  -0.0000188388  -0.0000308640
        0.0000513284  -0.0000431838  -0.0004694514  -0.0023945575  -0.0191510763
       -0.0085039631  -0.0006061555  -0.0054630536   0.0000308124  -0.0000003431
       -0.0000761757   0.0761576056  -0.0157255251   0.3772890861  -0.0000159498
       -0.0000228203  -0.0000173015
       -0.0000594113   0.0000461592  -0.0000051585   0.0012095894  -0.0010481426
        0.0005334210  -0.0000467355   0.0000014356  -0.0000235222  -0.0000261883
       -0.0000286484   0.0000597517  -0.0005956062  -0.0010516900  -0.0008220900
       -0.0001135070  -0.0000219830  -0.0000324676  -0.0047727912   0.0018068374
       -0.0025894088  -0.0151962022  -0.0210147678  -0.0152509253  -0.0001759907
        0.0004612695   0.0002200423  -0.0990820344  -0.0868518498  -0.0639458771
       -0.0008460952   0.0032729789  -0.0003740901   0.0002059944  -0.0000609465
        0.0000483206   0.0070203652   0.0101971015   0.0067212483   0.0001011710
       -0.0000481721   0.0000250923  -0.0004386409  -0.0000615875  -0.0001055641
        0.0000375194  -0.0000466489  -0.0000711668   0.0005542877  -0.0010392324
        0.0004253873  -0.0001528859  -0.0001907095   0.0003192921   0.0002376446
        0.0006074989   0.0005272497   0.0000179978   0.0000843848  -0.0000228784
        0.0000144974   0.0000235781  -0.0000171134  -0.0000480662   0.0000218465
       -0.0000174277   0.0000028608   0.0000098712  -0.0000159498   0.1121522275
        0.0949314171   0.0744138347
       -0.0000577306   0.0000154439  -0.0000307924  -0.0006421784   0.0008344772
        0.0018621243  -0.0000860821  -0.0000770142  -0.0000077442  -0.0000394496
       -0.0000452064   0.0000621973   0.0001388897   0.0000138663  -0.0000603513
       -0.0000907146   0.0000393586  -0.0000479195   0.0012385321   0.0028715743
       -0.0024877370  -0.0008177443   0.0005343204   0.0000246776   0.0006987871
        0.0003113210   0.0004431386  -0.0860148991  -0.1791801346  -0.1006175026
        0.0037570367  -0.0022316422  -0.0039124256   0.0002380542   0.0000189972
        0.0000413388  -0.0123336886  -0.0207762485  -0.0156087019  -0.0000176078
        0.0000129106  -0.0000163392  -0.0000346488  -0.0000585796   0.0000190013
       -0.0000219424  -0.0000102369   0.0000045794   0.0002234427   0.0002221613
        0.0017582738  -0.0001860682  -0.0003354242   0.0006735444  -0.0005330630
       -0.0012651037  -0.0006638169   0.0000506444   0.0000498908  -0.0000332389
        0.0000272782   0.0000405377   0.0000051825  -0.0004387414   0.0006952840
        0.0002057472   0.0000104769   0.0000119806  -0.0000228203   0.0949314171
        0.1983074662   0.1184095847
       -0.0000520726   0.0000415288  -0.0000202939   0.0005841263   0.0017302060
       -0.0018811977  -0.0000767627  -0.0000290229  -0.0000193887  -0.0000530041
       -0.0000078018   0.0000017640  -0.0001435721  -0.0003978706  -0.0000550202
       -0.0000966298  -0.0000080099  -0.0000421218  -0.0029324715  -0.0024557247
        0.0062269645  -0.0046214869  -0.0054674305  -0.0041820842   0.0002676604
        0.0003355435   0.0001353637  -0.0636360884  -0.1006500585  -0.1038101513
       -0.0001431389  -0.0040226478   0.0048058856   0.0001929728  -0.0000221163
        0.0000729863  -0.0049445231  -0.0097028958  -0.0042749677   0.0000513946
        0.0000226373   0.0000148672  -0.0000387510   0.0000487679  -0.0000920429
        0.0000199115  -0.0000086643  -0.0000073047   0.0010989316   0.0014116922
       -0.0019700180   0.0003405739   0.0007174556  -0.0012183642  -0.0000884225
       -0.0003064122  -0.0005655853   0.0000191355   0.0000154629   0.0000281775
        0.0000659040  -0.0000007924   0.0000090651  -0.0002441330   0.0003444946
        0.0001911856   0.0000166112   0.0000020741  -0.0000173015   0.0744138347
        0.1184095847   0.1066695826
