           1           3  0.215226725609603     
           4           6  0.969676119625352     
           5           6  0.980694780992483     
           5           7   1.00697686867540     
           7           8   1.39390711031506     
           7           9   1.41599737279569     
           8          10   1.47041740816266     
           9          10  0.105567166850257     
           8          11  0.105459393018287     
           9          11   1.44130932763323     
           1          12   1.55811905867719     
           3          12   1.46579451516683     
           6          12  0.876309572030372     
           2          13   1.07560027339834     
          10          13   1.35517272723057     
          11          13   1.37676032138321     
           5          14  0.960811884462227     
           5          15  0.970820048163633     
           6          16  0.958460144285111     
           8          17  0.968488880030119     
           9          18  0.966009772200071     
          11          19  0.965557968172441     
           4          20  0.896765711157773     
           4          21  0.795133861100022     
           2          22  0.840863421769929     
           4          23  0.897167684812094     
          10          24  0.968526389230746     
