$hessian                                                                        
        0.4433931611   0.0692271924  -0.0039754767  -0.1769382627   0.0054624824
       -0.0030876904  -0.0150772019  -0.0216789653  -0.0002061980  -0.0682415676
        0.0227149791  -0.0043832779  -0.0675195525  -0.0255244384   0.0735600112
       -0.0717209673  -0.0545526990  -0.0627339472  -0.0170644979  -0.0009984490
       -0.0012273060  -0.0151429882  -0.0010341769   0.0012705206  -0.0001629888
        0.0001117270  -0.0003389362  -0.0007986919  -0.0026171056   0.0013214879
        0.0007793492   0.0034553427  -0.0005778219  -0.0049825415   0.0220744884
       -0.0030867701  -0.0068097628  -0.0162654014   0.0026015553   0.0002865127
       -0.0003749764   0.0008638494
        0.0692271924   0.4601273628   0.0203846350  -0.0054092867  -0.0636295869
        0.0010647800  -0.0203966035  -0.0034007438  -0.0016055182   0.0320256519
       -0.1419534633   0.0229798210  -0.0252676133  -0.0606181802   0.0572864243
       -0.0539711972  -0.1243658873  -0.1032090068   0.0072980039   0.0016913996
        0.0001881387   0.0154595973   0.0014976041  -0.0003717323  -0.0002276142
       -0.0010159643   0.0002125008  -0.0001425489  -0.0038950771   0.0006708480
        0.0022594447  -0.0116659077   0.0055581024   0.0034758825  -0.0099761930
        0.0018054619  -0.0241701046  -0.0434200533  -0.0052086031  -0.0001608043
        0.0006246905   0.0002441485
       -0.0039754767   0.0203846350   0.5381979207   0.0030409240   0.0010644406
       -0.0680229508   0.0056825093  -0.0004625852   0.0019223509  -0.0041484297
        0.0207328682  -0.0716202410   0.0723482201   0.0570810408  -0.2320147822
       -0.0616464562  -0.1020116575  -0.1669238535  -0.0249533370   0.0001787810
       -0.0011476540   0.0197638716  -0.0005946607  -0.0001432574  -0.0003110925
        0.0004116835  -0.0002802480   0.0001877924   0.0001716709   0.0001302602
       -0.0075382390   0.0276444176  -0.0089649936   0.0037293697  -0.0114582460
        0.0021854357  -0.0021926963  -0.0127867718   0.0060537143   0.0000130402
       -0.0003556165   0.0006282988
       -0.1769382627  -0.0054092867   0.0030409240   0.4433225884  -0.0692211363
        0.0039659455  -0.0682688958  -0.0227637916   0.0044015477  -0.0150489037
        0.0216867752   0.0002063315  -0.0170756849   0.0010059295   0.0012193799
       -0.0151442242   0.0010423377  -0.0012784746  -0.0674399568   0.0254688808
       -0.0734755690  -0.0717169295   0.0545982856   0.0626982572   0.0007773462
       -0.0034513453   0.0005790995  -0.0049983945  -0.0220834202   0.0030947840
       -0.0001639718  -0.0001109524   0.0003391661  -0.0007971497   0.0026149035
       -0.0013202693  -0.0067946367   0.0162482137  -0.0026072247   0.0002870757
        0.0003746066  -0.0008638980
        0.0054624824  -0.0636295869   0.0010644406  -0.0692211363   0.4602425734
        0.0204171729  -0.0320666693  -0.1419292353   0.0230107654   0.0204027863
       -0.0034212599  -0.0015965620  -0.0073051507   0.0016956401   0.0001866669
       -0.0154394089   0.0015038921  -0.0003754206   0.0252112565  -0.0605875581
        0.0572418522   0.0540167154  -0.1245185469  -0.1032402445  -0.0022619491
       -0.0116514714   0.0055602003  -0.0034794747  -0.0099625044   0.0018076900
        0.0002279098  -0.0010191617   0.0002128625   0.0001407097  -0.0038945492
        0.0006707234   0.0241514051  -0.0434545604  -0.0052045406   0.0001605236
        0.0006263286   0.0002443934
       -0.0030876904   0.0010647800  -0.0680229508   0.0039659455   0.0204171729
        0.5381726588   0.0041675124   0.0207738440  -0.0716375413  -0.0056717710
       -0.0004617501   0.0019203878   0.0249427372   0.0001664793  -0.0011367952
       -0.0197827727  -0.0005854894  -0.0001521125  -0.0722649248   0.0570366133
       -0.2321196889   0.0616107057  -0.1020411729  -0.1667699992   0.0075506095
        0.0276448169  -0.0089769202  -0.0037319025  -0.0114479398   0.0021867103
        0.0003120441   0.0004131583  -0.0002806636  -0.0001867331   0.0001683094
        0.0001295492   0.0021895761  -0.0127924986   0.0060574247  -0.0000133360
       -0.0003563233   0.0006299409
       -0.0150772019  -0.0203966035   0.0056825093  -0.0682688958  -0.0320666693
        0.0041675124   0.5287936787   0.0463094232   0.0310195784  -0.0425843378
        0.0088180671   0.0047304518  -0.0034938568  -0.0004791669  -0.0000576061
       -0.0028441734   0.0002547524   0.0004541915   0.0023645565   0.0064134422
       -0.0009385848   0.0033947810   0.0082691759  -0.0008619144  -0.0461351305
       -0.0062610982   0.0185247692  -0.1966407268  -0.0585719760  -0.0980611168
        0.0000948565  -0.0001718708   0.0007663114  -0.0057011444  -0.0026771032
       -0.0019505031  -0.1495118201   0.0464161519   0.0342596378  -0.0043905851
        0.0041434752   0.0022647633
       -0.0216789653  -0.0034007438  -0.0004625852  -0.0227637916  -0.1419292353
        0.0207738440   0.0463094232   0.3901094588   0.0052277049  -0.0087951012
       -0.0033186050   0.0050366646  -0.0002502386  -0.0013769473   0.0000007333
       -0.0016184486  -0.0009346207   0.0004209719  -0.0038511987  -0.0115099841
        0.0045625420  -0.0048971986  -0.0179321272   0.0026607420  -0.0065798411
       -0.0433604972   0.0349413293  -0.0562089234  -0.0603705426  -0.0342369535
        0.0000239473   0.0011974229  -0.0002276571  -0.0033084801  -0.0019880923
       -0.0001133490   0.0810768681  -0.1007879918  -0.0398516950   0.0025419487
       -0.0043974945   0.0012677079
       -0.0002061980  -0.0016055182   0.0019223509   0.0044015477   0.0230107654
       -0.0716375413   0.0310195784   0.0052277049   0.5265254529  -0.0047156434
        0.0050396601   0.0048940472   0.0003860862  -0.0004173742   0.0000568302
       -0.0007089716  -0.0003361313  -0.0003190742   0.0059334682   0.0269760055
       -0.0066503960  -0.0043307354  -0.0179177275   0.0027646550   0.0176837346
        0.0348586031  -0.2558853166  -0.0927564511  -0.0347739693  -0.1031246814
       -0.0016692460  -0.0004991357   0.0005804005  -0.0018164967  -0.0007803416
        0.0007659195   0.0180187023  -0.0182617452  -0.0876619333   0.0287606249
       -0.0205207960  -0.0122307134
       -0.0682415676   0.0320256519  -0.0041484297  -0.0150489037   0.0204027863
       -0.0056717710  -0.0425843378  -0.0087951012  -0.0047156434   0.5287141321
       -0.0463703630  -0.0310224381   0.0023649688  -0.0064285358   0.0009408024
        0.0033916316  -0.0082704238   0.0008593689  -0.0034876801   0.0004800642
        0.0000565775  -0.0028484548  -0.0002545011  -0.0004553383   0.0000955284
        0.0001711833  -0.0007663370  -0.0056970785   0.0026800445   0.0019515475
       -0.0461397288   0.0062787278  -0.0185744562  -0.1965159695   0.0586148508
        0.0980872776  -0.1496004778  -0.0463866277  -0.0342760407  -0.0044020622
       -0.0041477561  -0.0022651195
        0.0227149791  -0.1419534633   0.0207328682   0.0216867752  -0.0034212599
       -0.0004617501   0.0088180671  -0.0033186050   0.0050396601  -0.0463703630
        0.3901432411   0.0052381318   0.0038468885  -0.0115196441   0.0045582979
        0.0048853710  -0.0179282957   0.0026532423   0.0002505854  -0.0013756286
        0.0000013902   0.0016200253  -0.0009382590   0.0004227019  -0.0000234485
        0.0011967597  -0.0002269613   0.0033093423  -0.0019916107  -0.0001148197
        0.0065971936  -0.0433806950   0.0350011870   0.0562530997  -0.0604190155
       -0.0342999305  -0.0810474682  -0.1007008317  -0.0398149276  -0.0025410475
       -0.0043926924   0.0012709097
       -0.0043832779   0.0229798210  -0.0716202410   0.0002063315  -0.0015965620
        0.0019203878   0.0047304518   0.0050366646   0.0048940472  -0.0310224381
        0.0052381318   0.5265266026  -0.0059142744   0.0269686597  -0.0066342213
        0.0043226364  -0.0179315211   0.0027599008  -0.0003872519  -0.0004174540
        0.0000559321   0.0007086771  -0.0003372506  -0.0003184674   0.0016690380
       -0.0004988727   0.0005809089   0.0018180291  -0.0007824979   0.0007657058
       -0.0177348999   0.0349161842  -0.2558541497   0.0927809935  -0.0348355959
       -0.1031993845  -0.0180208088  -0.0182378197  -0.0876541792  -0.0287732065
       -0.0205018872  -0.0122228420
       -0.0675195525  -0.0252676133   0.0723482201  -0.0170756849  -0.0073051507
        0.0249427372  -0.0034938568  -0.0002502386   0.0003860862   0.0023649688
        0.0038468885  -0.0059142744   0.0851102606   0.0258240012  -0.0824423082
        0.0044441372   0.0020660933  -0.0094359141   0.0003450714  -0.0001931133
        0.0012208737  -0.0044519190  -0.0004555633   0.0008468155  -0.0000576315
       -0.0001595249  -0.0000281228  -0.0002302856  -0.0004983662   0.0001220363
        0.0001161937   0.0019264823  -0.0009550398   0.0004551770   0.0003966979
       -0.0008618420   0.0000582957   0.0003385950  -0.0001770291  -0.0000651740
       -0.0002691880  -0.0000522386
       -0.0255244384  -0.0606181802   0.0570810408   0.0010059295   0.0016956401
        0.0001664793  -0.0004791669  -0.0013769473  -0.0004173742  -0.0064285358
       -0.0115196441   0.0269686597   0.0258240012   0.0714969583  -0.0681287347
        0.0052884246   0.0049885860  -0.0181490303   0.0001922932   0.0007081581
       -0.0001014759   0.0004920836  -0.0000287519  -0.0000137936   0.0000696223
       -0.0000045402  -0.0000797360  -0.0000307556  -0.0002027990   0.0000318939
        0.0010422415  -0.0055499919   0.0021564269  -0.0004691014   0.0009701481
        0.0007623520  -0.0008554795  -0.0005186808  -0.0001520860  -0.0001271183
       -0.0000399551  -0.0001246218
        0.0735600112   0.0572864243  -0.2320147822   0.0012193799   0.0001866669
       -0.0011367952  -0.0000576061   0.0000007333   0.0000568302   0.0009408024
        0.0045582979  -0.0066342213  -0.0824423082  -0.0681287347   0.2645379760
        0.0074506938   0.0042297551  -0.0286018791  -0.0012218708  -0.0001014369
        0.0019887158   0.0007502320   0.0002447076   0.0003304472  -0.0000859172
       -0.0001793198   0.0000443360   0.0000678722   0.0000619441   0.0000284291
       -0.0005445988   0.0022743849   0.0000350037  -0.0001307159  -0.0003703458
        0.0010694590   0.0004277012  -0.0001452228   0.0002458612   0.0000663243
        0.0000821459   0.0000506196
       -0.0717209673  -0.0539711972  -0.0616464562  -0.0151442242  -0.0154394089
       -0.0197827727  -0.0028441734  -0.0016184486  -0.0007089716   0.0033916316
        0.0048853710   0.0043226364   0.0044441372   0.0052884246   0.0074506938
        0.0868298266   0.0611486684   0.0714187183  -0.0044565301  -0.0004908099
       -0.0007524612   0.0007413922  -0.0005113533  -0.0007967639  -0.0001193110
        0.0000577449   0.0000027203  -0.0002932063  -0.0008038138   0.0002099481
        0.0006290573  -0.0002398937   0.0002627336  -0.0004808842   0.0004162670
       -0.0000697704  -0.0009113505   0.0013312409   0.0000453025  -0.0000653981
       -0.0000527916   0.0000444430
       -0.0545526990  -0.1243658873  -0.1020116575   0.0010423377   0.0015038921
       -0.0005854894   0.0002547524  -0.0009346207  -0.0003361313  -0.0082704238
       -0.0179282957  -0.0179315211   0.0020660933   0.0049885860   0.0042297551
        0.0611486684   0.1464418752   0.1160835530   0.0004582389  -0.0000277937
        0.0002454461   0.0005118354   0.0005920962   0.0003895423  -0.0000030770
       -0.0001598873   0.0000432747   0.0001081039  -0.0001688056   0.0000956237
       -0.0007146898   0.0004195667  -0.0008554578   0.0005351520  -0.0019265434
       -0.0000265725  -0.0025611018  -0.0084269252   0.0003451538  -0.0000231907
       -0.0000072572   0.0003144807
       -0.0627339472  -0.1032090068  -0.1669238535  -0.0012784746  -0.0003754206
       -0.0001521125   0.0004541915   0.0004209719  -0.0003190742   0.0008593689
        0.0026532423   0.0027599008  -0.0094359141  -0.0181490303  -0.0286018791
        0.0714187183   0.1160835530   0.1892954935  -0.0008492721  -0.0000137942
        0.0003307323   0.0007960400   0.0003886908   0.0015197552  -0.0000203654
        0.0001161480   0.0000398607   0.0000062344   0.0000125604  -0.0000137073
        0.0001011171   0.0011704926   0.0013401404  -0.0000207654   0.0000037396
        0.0000061881   0.0005168828   0.0007016250   0.0005667828   0.0001861859
        0.0001962282   0.0001517727
       -0.0170644979   0.0072980039  -0.0249533370  -0.0674399568   0.0252112565
       -0.0722649248   0.0023645565  -0.0038511987   0.0059334682  -0.0034876801
        0.0002505854  -0.0003872519   0.0003450714   0.0001922932  -0.0012218708
       -0.0044565301   0.0004582389  -0.0008492721   0.0850225174  -0.0257587990
        0.0823492593   0.0044393083  -0.0020631158   0.0094406603   0.0001154122
       -0.0019294361   0.0009566200   0.0004545476  -0.0003957276   0.0008625273
       -0.0000576309   0.0001606898   0.0000280500  -0.0002296717   0.0004966571
       -0.0001220161   0.0000591351  -0.0003390170   0.0001763036  -0.0000645810
        0.0002695694   0.0000517840
       -0.0009984490   0.0016913996   0.0001787810   0.0254688808  -0.0605875581
        0.0570366133   0.0064134422  -0.0115099841   0.0269760055   0.0004800642
       -0.0013756286  -0.0004174540  -0.0001931133   0.0007081581  -0.0001014369
       -0.0004908099  -0.0000277937  -0.0000137942  -0.0257587990   0.0714556920
       -0.0680811624  -0.0052844295   0.0049853997  -0.0181718599  -0.0010449854
       -0.0055499876   0.0021580212   0.0004688354   0.0009708247   0.0007615765
       -0.0000694110  -0.0000029464  -0.0000798407   0.0000306824  -0.0002032158
        0.0000317677   0.0008506480  -0.0005143000  -0.0001521951   0.0001274441
       -0.0000400599  -0.0001250220
       -0.0012273060   0.0001881387  -0.0011476540  -0.0734755690   0.0572418522
       -0.2321196889  -0.0009385848   0.0045625420  -0.0066503960   0.0000565775
        0.0000013902   0.0000559321   0.0012208737  -0.0001014759   0.0019887158
       -0.0007524612   0.0002454461   0.0003307323   0.0823492593  -0.0680811624
        0.2646620740  -0.0074324748   0.0042166217  -0.0285931176   0.0005466841
        0.0022754094   0.0000337282   0.0001304713  -0.0003699782   0.0010682159
        0.0000858439  -0.0001780749   0.0000442010  -0.0000679450   0.0000617151
        0.0000282621  -0.0004285870  -0.0001452228   0.0002477097  -0.0000667821
        0.0000827987   0.0000512855
       -0.0151429882   0.0154595973   0.0197638716  -0.0717169295   0.0540167154
        0.0616107057   0.0033947810  -0.0048971986  -0.0043307354  -0.0028484548
        0.0016200253   0.0007086771  -0.0044519190   0.0004920836   0.0007502320
        0.0007413922   0.0005118354   0.0007960400   0.0044393083  -0.0052844295
       -0.0074324748   0.0868252087  -0.0612065231  -0.0713714895   0.0006283889
        0.0002412076  -0.0002632789  -0.0004811108  -0.0004159439   0.0000697059
       -0.0001193357  -0.0000569467  -0.0000027454  -0.0002930866   0.0008048512
       -0.0002097303  -0.0009098658  -0.0013383012  -0.0000445725  -0.0000653887
        0.0000530275  -0.0000442056
       -0.0010341769   0.0014976041  -0.0005946607   0.0545982856  -0.1245185469
       -0.1020411729   0.0082691759  -0.0179321272  -0.0179177275  -0.0002545011
       -0.0009382590  -0.0003372506  -0.0004555633  -0.0000287519   0.0002447076
       -0.0005113533   0.0005920962   0.0003886908  -0.0020631158   0.0049853997
        0.0042166217  -0.0612065231   0.1466122644   0.1161202942   0.0007142599
        0.0004216850  -0.0008541444  -0.0005354255  -0.0019231000  -0.0000262268
        0.0000028890  -0.0001595961   0.0000430002  -0.0001079452  -0.0001692973
        0.0000956035   0.0025609298  -0.0084325845   0.0003475943   0.0000230639
       -0.0000067864   0.0003146708
        0.0012705206  -0.0003717323  -0.0001432574   0.0626982572  -0.1032402445
       -0.1667699992  -0.0008619144   0.0026607420   0.0027646550  -0.0004553383
        0.0004227019  -0.0003184674   0.0008468155  -0.0000137936   0.0003304472
       -0.0007967639   0.0003895423   0.0015197552   0.0094406603  -0.0181718599
       -0.0285931176  -0.0713714895   0.1161202942   0.1891215130  -0.0001007632
        0.0011675011   0.0013386680   0.0000204547   0.0000044272   0.0000054997
        0.0000205933   0.0001174520   0.0000396158  -0.0000064643   0.0000127252
       -0.0000141916  -0.0005184312   0.0007056269   0.0005672624  -0.0001861369
        0.0001966175   0.0001516167
       -0.0001629888  -0.0002276142  -0.0003110925   0.0007773462  -0.0022619491
        0.0075506095  -0.0461351305  -0.0065798411   0.0176837346   0.0000955284
       -0.0000234485   0.0016690380  -0.0000576315   0.0000696223  -0.0000859172
       -0.0001193110  -0.0000030770  -0.0000203654   0.0001154122  -0.0010449854
        0.0005466841   0.0006283889   0.0007142599  -0.0001007632   0.0557171534
        0.0019167430  -0.0309949183   0.0008612032   0.0024259341  -0.0267698714
       -0.0002811004   0.0003029539  -0.0002701259   0.0002348587   0.0000640282
       -0.0003349380  -0.0070137103   0.0025719396   0.0285743186  -0.0046600185
        0.0020754342   0.0028636072
        0.0001117270  -0.0010159643   0.0004116835  -0.0034513453  -0.0116514714
        0.0276448169  -0.0062610982  -0.0433604972   0.0348586031   0.0001711833
        0.0011967597  -0.0004988727  -0.0001595249  -0.0000045402  -0.0001793198
        0.0000577449  -0.0001598873   0.0001161480  -0.0019294361  -0.0055499876
        0.0022754094   0.0002412076   0.0004216850   0.0011675011   0.0019167430
        0.0595019294  -0.0348631268  -0.0000787848   0.0022070354  -0.0087052404
       -0.0003029939  -0.0000917313   0.0000367474  -0.0000007026  -0.0001297677
        0.0000639377   0.0056158396  -0.0007744626  -0.0201607615   0.0040694403
       -0.0005891000  -0.0021675258
       -0.0003389362   0.0002125008  -0.0002802480   0.0005790995   0.0055602003
       -0.0089769202   0.0185247692   0.0349413293  -0.2558853166  -0.0007663370
       -0.0002269613   0.0005809089  -0.0000281228  -0.0000797360   0.0000443360
        0.0000027203   0.0000432747   0.0000398607   0.0009566200   0.0021580212
        0.0000337282  -0.0002632789  -0.0008541444   0.0013386680  -0.0309949183
       -0.0348631268   0.3015620382  -0.0018077311   0.0016681501  -0.0218738691
        0.0002703253   0.0000353888   0.0001409527  -0.0001120816   0.0000036228
        0.0002324228   0.0103276563  -0.0078057428  -0.0163203821   0.0036502151
       -0.0007927767  -0.0006361794
       -0.0007986919  -0.0001425489   0.0001877924  -0.0049983945  -0.0034794747
       -0.0037319025  -0.1966407268  -0.0562089234  -0.0927564511  -0.0056970785
        0.0033093423   0.0018180291  -0.0002302856  -0.0000307556   0.0000678722
       -0.0002932063   0.0001081039   0.0000062344   0.0004545476   0.0004688354
        0.0001304713  -0.0004811108  -0.0005354255   0.0000204547   0.0008612032
       -0.0000787848  -0.0018077311   0.2367450815   0.0638439776   0.1080568031
        0.0002346183  -0.0000000505   0.0001119502  -0.0016425050  -0.0008177369
       -0.0003068803  -0.0276939272  -0.0054096619  -0.0112216316   0.0001804758
       -0.0010268972  -0.0005750108
       -0.0026171056  -0.0038950771   0.0001716709  -0.0220834202  -0.0099625044
       -0.0114479398  -0.0585719760  -0.0603705426  -0.0347739693   0.0026800445
       -0.0019916107  -0.0007824979  -0.0004983662  -0.0002027990   0.0000619441
       -0.0008038138  -0.0001688056   0.0000125604  -0.0003957276   0.0009708247
       -0.0003699782  -0.0004159439  -0.0019231000   0.0000044272   0.0024259341
        0.0022070354   0.0016681501   0.0638439776   0.0702696373   0.0374404748
       -0.0000638658  -0.0001283074   0.0000035700   0.0008192404   0.0004520941
        0.0001199384   0.0157191630   0.0038126053   0.0074170682  -0.0000381404
        0.0009305500   0.0004745812
        0.0013214879   0.0006708480   0.0001302602   0.0030947840   0.0018076900
        0.0021867103  -0.0980611168  -0.0342369535  -0.1031246814   0.0019515475
       -0.0001148197   0.0007657058   0.0001220363   0.0000318939   0.0000284291
        0.0002099481   0.0000956237  -0.0000137073   0.0008625273   0.0007615765
        0.0010682159   0.0000697059  -0.0000262268   0.0000054997  -0.0267698714
       -0.0087052404  -0.0218738691   0.1080568031   0.0374404748   0.1154930945
        0.0003347928   0.0000624230   0.0002325236   0.0003073968   0.0001198349
        0.0003059676   0.0071551630   0.0019174431   0.0036802253   0.0013447954
        0.0001754326   0.0011156259
        0.0007793492   0.0022594447  -0.0075382390  -0.0001639718   0.0002279098
        0.0003120441   0.0000948565   0.0000239473  -0.0016692460  -0.0461397288
        0.0065971936  -0.0177348999   0.0001161937   0.0010422415  -0.0005445988
        0.0006290573  -0.0007146898   0.0001011171  -0.0000576309  -0.0000694110
        0.0000858439  -0.0001193357   0.0000028890   0.0000205933  -0.0002811004
       -0.0003029939   0.0002703253   0.0002346183  -0.0000638658   0.0003347928
        0.0557351345  -0.0019312033   0.0310586585   0.0008693579  -0.0024307231
        0.0267581471  -0.0070314484  -0.0025685702  -0.0285904316  -0.0046653512
       -0.0020721689  -0.0028641069
        0.0034553427  -0.0116659077   0.0276444176  -0.0001109524  -0.0010191617
        0.0004131583  -0.0001718708   0.0011974229  -0.0004991357   0.0062787278
       -0.0433806950   0.0349161842   0.0019264823  -0.0055499919   0.0022743849
       -0.0002398937   0.0004195667   0.0011704926   0.0001606898  -0.0000029464
       -0.0001780749  -0.0000569467  -0.0001595961   0.0001174520   0.0003029539
       -0.0000917313   0.0000353888  -0.0000000505  -0.0001283074   0.0000624230
       -0.0019312033   0.0595376113  -0.0349346489   0.0000760899   0.0022097575
       -0.0087151475  -0.0056219848  -0.0007823031  -0.0201399497  -0.0040673842
       -0.0005837178  -0.0021669446
       -0.0005778219   0.0055581024  -0.0089649936   0.0003391661   0.0002128625
       -0.0002806636   0.0007663114  -0.0002276571   0.0005804005  -0.0185744562
        0.0350011870  -0.2558541497  -0.0009550398   0.0021564269   0.0000350037
        0.0002627336  -0.0008554578   0.0013401404   0.0000280500  -0.0000798407
        0.0000442010  -0.0000027454   0.0000430002   0.0000396158  -0.0002701259
        0.0000367474   0.0001409527   0.0001119502   0.0000035700   0.0002325236
        0.0310586585  -0.0349346489   0.3015204081   0.0018015181   0.0016736274
       -0.0218865818  -0.0103380926  -0.0077983133  -0.0163117125  -0.0036501061
       -0.0007896058  -0.0006351446
       -0.0049825415   0.0034758825   0.0037293697  -0.0007971497   0.0001407097
       -0.0001867331  -0.0057011444  -0.0033084801  -0.0018164967  -0.1965159695
        0.0562530997   0.0927809935   0.0004551770  -0.0004691014  -0.0001307159
       -0.0004808842   0.0005351520  -0.0000207654  -0.0002296717   0.0000306824
       -0.0000679450  -0.0002930866  -0.0001079452  -0.0000064643   0.0002348587
       -0.0000007026  -0.0001120816  -0.0016425050   0.0008192404   0.0003073968
        0.0008693579   0.0000760899   0.0018015181   0.2366032931  -0.0638976366
       -0.1080897248  -0.0277006611   0.0054253164   0.0112357770   0.0001809271
        0.0010276929   0.0005758717
        0.0220744884  -0.0099761930  -0.0114582460   0.0026149035  -0.0038945492
        0.0001683094  -0.0026771032  -0.0019880923  -0.0007803416   0.0586148508
       -0.0604190155  -0.0348355959   0.0003966979   0.0009701481  -0.0003703458
        0.0004162670  -0.0019265434   0.0000037396   0.0004966571  -0.0002032158
        0.0000617151   0.0008048512  -0.0001692973   0.0000127252   0.0000640282
       -0.0001297677   0.0000036228  -0.0008177369   0.0004520941   0.0001198349
       -0.0024307231   0.0022097575   0.0016736274  -0.0638976366   0.0703248549
        0.0375111430  -0.0156983688   0.0038194265   0.0074150179   0.0000388245
        0.0009303931   0.0004747939
       -0.0030867701   0.0018054619   0.0021854357  -0.0013202693   0.0006707234
        0.0001295492  -0.0019505031  -0.0001133490   0.0007659195   0.0980872776
       -0.0342999305  -0.1031993845  -0.0008618420   0.0007623520   0.0010694590
       -0.0000697704  -0.0000265725   0.0000061881  -0.0001220161   0.0000317677
        0.0000282621  -0.0002097303   0.0000956035  -0.0000141916  -0.0003349380
        0.0000639377   0.0002324228  -0.0003068803   0.0001199384   0.0003059676
        0.0267581471  -0.0087151475  -0.0218865818  -0.1080897248   0.0375111430
        0.1155784331  -0.0071484587   0.0019179630   0.0036815110  -0.0013445216
        0.0001761089   0.0011170097
       -0.0068097628  -0.0241701046  -0.0021926963  -0.0067946367   0.0241514051
        0.0021895761  -0.1495118201   0.0810768681   0.0180187023  -0.1496004778
       -0.0810474682  -0.0180208088   0.0000582957  -0.0008554795   0.0004277012
       -0.0009113505  -0.0025611018   0.0005168828   0.0000591351   0.0008506480
       -0.0004285870  -0.0009098658   0.0025609298  -0.0005184312  -0.0070137103
        0.0056158396   0.0103276563  -0.0276939272   0.0157191630   0.0071551630
       -0.0070314484  -0.0056219848  -0.0103380926  -0.0277006611  -0.0156983688
       -0.0071484587   0.4280455220  -0.0000258876   0.0000570245  -0.0441852921
        0.0000055417  -0.0000456316
       -0.0162654014  -0.0434200533  -0.0127867718   0.0162482137  -0.0434545604
       -0.0127924986   0.0464161519  -0.1007879918  -0.0182617452  -0.0463866277
       -0.1007008317  -0.0182378197   0.0003385950  -0.0005186808  -0.0001452228
        0.0013312409  -0.0084269252   0.0007016250  -0.0003390170  -0.0005143000
       -0.0001452228  -0.0013383012  -0.0084325845   0.0007056269   0.0025719396
       -0.0007744626  -0.0078057428  -0.0054096619   0.0038126053   0.0019174431
       -0.0025685702  -0.0007823031  -0.0077983133   0.0054253164   0.0038194265
        0.0019179630  -0.0000258876   0.3240181358   0.1112604902   0.0000020096
       -0.0238374740  -0.0385298112
        0.0026015553  -0.0052086031   0.0060537143  -0.0026072247  -0.0052045406
        0.0060574247   0.0342596378  -0.0398516950  -0.0876619333  -0.0342760407
       -0.0398149276  -0.0876541792  -0.0001770291  -0.0001520860   0.0002458612
        0.0000453025   0.0003451538   0.0005667828   0.0001763036  -0.0001521951
        0.0002477097  -0.0000445725   0.0003475943   0.0005672624   0.0285743186
       -0.0201607615  -0.0163203821  -0.0112216316   0.0074170682   0.0036802253
       -0.0285904316  -0.0201399497  -0.0163117125   0.0112357770   0.0074150179
        0.0036815110   0.0000570245   0.1112604902   0.5636370530  -0.0000329891
        0.0038994344  -0.3767893373
        0.0002865127  -0.0001608043   0.0000130402   0.0002870757   0.0001605236
       -0.0000133360  -0.0043905851   0.0025419487   0.0287606249  -0.0044020622
       -0.0025410475  -0.0287732065  -0.0000651740  -0.0001271183   0.0000663243
       -0.0000653981  -0.0000231907   0.0001861859  -0.0000645810   0.0001274441
       -0.0000667821  -0.0000653887   0.0000230639  -0.0001861369  -0.0046600185
        0.0040694403   0.0036502151   0.0001804758  -0.0000381404   0.0013447954
       -0.0046653512  -0.0040673842  -0.0036501061   0.0001809271   0.0000388245
       -0.0013445216  -0.0441852921   0.0000020096  -0.0000329891   0.0616288596
       -0.0000055692   0.0000458925
       -0.0003749764   0.0006246905  -0.0003556165   0.0003746066   0.0006263286
       -0.0003563233   0.0041434752  -0.0043974945  -0.0205207960  -0.0041477561
       -0.0043926924  -0.0205018872  -0.0002691880  -0.0000399551   0.0000821459
       -0.0000527916  -0.0000072572   0.0001962282   0.0002695694  -0.0000400599
        0.0000827987   0.0000530275  -0.0000067864   0.0001966175   0.0020754342
       -0.0005891000  -0.0007927767  -0.0010268972   0.0009305500   0.0001754326
       -0.0020721689  -0.0005837178  -0.0007896058   0.0010276929   0.0009303931
        0.0001761089   0.0000055417  -0.0238374740   0.0038994344  -0.0000055692
        0.0307825753   0.0385082395
        0.0008638494   0.0002441485   0.0006282988  -0.0008638980   0.0002443934
        0.0006299409   0.0022647633   0.0012677079  -0.0122307134  -0.0022651195
        0.0012709097  -0.0122228420  -0.0000522386  -0.0001246218   0.0000506196
        0.0000444430   0.0003144807   0.0001517727   0.0000517840  -0.0001250220
        0.0000512855  -0.0000442056   0.0003146708   0.0001516167   0.0028636072
       -0.0021675258  -0.0006361794  -0.0005750108   0.0004745812   0.0011156259
       -0.0028641069  -0.0021669446  -0.0006351446   0.0005758717   0.0004747939
        0.0011170097  -0.0000456316  -0.0385298112  -0.3767893373   0.0000458925
        0.0385082395   0.3986180471
