           1           2   1.00583562431487     
           2           3  0.988855590931691     
           1           4  0.988841634194245     
           1           5  0.984247339168680     
           1           6  0.982927380461983     
           2           7  0.984244425184516     
           2           8  0.982921771188842     
           3           9  0.976314458320336     
           3          10  0.979633978983134     
           4          11  0.976318169185925     
           4          12  0.979638747875603     
           3          13   1.01570616710564     
           4          13   1.01571007874188     
          13          14  0.954017112977880     
