           1           2   1.40206957697298     
           2           3   1.41719581947485     
           3           4   1.27233513177218     
           4           5   1.38636783899327     
           1           6   1.45172078960493     
           5           6   1.42329200569461     
           6           7  0.971333504322250     
           5           8  0.968208780051731     
           4           9   1.14688316212040     
           9          10  0.942498358423682     
           9          11  0.939793950079616     
           2          12  0.965537137987257     
           1          13  0.971874484627923     
           3          14   1.03477150510433     
          14          15  0.974130223193555     
          15          16  0.978285155969804     
          15          17  0.977185795085687     
          15          18  0.977051473712603     
