           1           2   1.37776538277503     
           2           3   1.43895724835756     
           3           4   1.38260052183813     
           2           5  0.103760081488548     
           4           5   1.36319158707372     
           1           6   1.35660351527812     
           3           6  0.110453705376049     
           5           6   1.46395370458560     
           5           7  0.965040235371916     
           6           8  0.967798248474451     
           4           9   1.05790693391243     
           9          10  0.845153291156436     
           3          11  0.968237319373985     
           2          12  0.964897312984599     
           1          13   1.04375820499434     
          13          14  0.972720533799444     
          14          15  0.978039981524408     
          14          16  0.976913411627783     
          14          17  0.976911860883444     
