           1           3  0.219877732732888     
           4           6  0.952494588298146     
           5           6  0.979940227731449     
           5           7   1.00810613524792     
           7           8   1.37318570586518     
           7           9   1.43519343713075     
           8          10   1.41749620269455     
           9          11   1.40737637759755     
           1          12   1.47241243024923     
           3          12   1.53457509139946     
           6          12  0.900406971025261     
           2          13   1.07070535375473     
          10          13   1.27532845681335     
          11          13   1.41437775410487     
           5          14  0.957564252806709     
           5          15  0.970625832528823     
           6          16  0.957450652862497     
           8          17  0.962732167122957     
           9          18  0.966204039980287     
          11          19  0.966379595180904     
           4          20  0.895094967215479     
           4          21  0.838302271946066     
           2          22  0.839486942007084     
           4          23  0.895651386070395     
          10          24   1.04430865769752     
          24          25  0.966755426619690     
          25          26  0.976835132619812     
          25          27  0.978129087208402     
          25          28  0.977491400956749     
