$hessian                                                                        
        0.1317874220   0.1468275473   0.0884940997  -0.0008565141  -0.0000730634
       -0.0002043786   0.0172318003   0.0254064102   0.0111882165  -0.0088451159
       -0.0059508297  -0.0046198254  -0.0005738184   0.0006171497   0.0000817269
       -0.0010761160  -0.0007752945  -0.0018409751  -0.0252970480  -0.0340526657
       -0.0227420647   0.0009613181   0.0003609307   0.0006241460  -0.0004766472
       -0.0002681480   0.0000506797  -0.0003367530   0.0002025452  -0.0000973968
        0.0005173977  -0.0007749210   0.0001030821   0.0000144101   0.0001166934
       -0.0000978777  -0.1143514154  -0.1293395666  -0.0695373457   0.0008644872
        0.0002694806   0.0001213665   0.0004257602   0.0001188962  -0.0006574829
        0.0001360310  -0.0003526663   0.0000424368   0.0005619247  -0.0004027165
        0.0006103724   0.0001799421  -0.0000393237   0.0000086383   0.0001214649
       -0.0000341328   0.0000322652  -0.0000793573  -0.0001098555  -0.0000081742
        0.0004256719  -0.0009417129  -0.0013050088  -0.0015050290   0.0003164336
       -0.0005070674   0.0000798176  -0.0000874364  -0.0000818464   0.0000569573
       -0.0000359122  -0.0000994083   0.0000694512  -0.0000245534   0.0000205200
       -0.0000360419  -0.0009732881   0.0004213019
        0.1468275473   0.5149809083   0.2559951881  -0.0007037923  -0.0000818723
       -0.0001372854   0.0030215115  -0.0842214927  -0.0482764281  -0.0099447942
       -0.0015575779  -0.0043330011  -0.0003592000   0.0005271003   0.0001216728
        0.0010138671   0.0004306912  -0.0023949393  -0.0255007694  -0.0124941591
       -0.0154939204   0.0004060175   0.0001094329   0.0010780975  -0.0002435616
       -0.0003401243   0.0001142165  -0.0003580684   0.0003631347  -0.0000090548
        0.0003951778  -0.0006247103  -0.0000169956   0.0000786427   0.0001816042
       -0.0001571870  -0.1235031625  -0.4184784776  -0.1879005279   0.0008651439
        0.0002540374   0.0000875560  -0.0004278934   0.0003584418   0.0006663759
        0.0002310896  -0.0004348655   0.0001618411  -0.0018966641  -0.0000508762
       -0.0017632659  -0.0001367198   0.0001350993  -0.0000611252   0.0002285562
       -0.0000838334   0.0000260044  -0.0000455318  -0.0001197196  -0.0000136971
        0.0005141044   0.0001217428  -0.0010049395   0.0093870656   0.0017667528
        0.0027172642  -0.0000047279  -0.0000508121  -0.0001453942   0.0000672103
       -0.0000227204  -0.0000402439   0.0000434706   0.0000458448  -0.0000020176
        0.0000454809  -0.0007135493   0.0007818063
        0.0884940997   0.2559951881   0.1608880552  -0.0004114623  -0.0000339882
       -0.0000722714   0.0006752002  -0.0424327865   0.0004322452  -0.0064688304
       -0.0026827305  -0.0015310005  -0.0002584598   0.0003367827   0.0001556424
       -0.0003785751  -0.0000862916  -0.0009226848  -0.0192689778  -0.0192352516
        0.0019532000  -0.0003167546   0.0000750654   0.0013436982  -0.0002203354
       -0.0001567409   0.0001716319  -0.0001972113   0.0001765338   0.0000433964
        0.0003409882  -0.0004428535  -0.0000848884  -0.0000354465   0.0001026041
       -0.0001082590  -0.0670704445  -0.1911079445  -0.1640644416   0.0005175355
        0.0001076040   0.0000335645  -0.0009174467   0.0007767367   0.0000851713
       -0.0003743976  -0.0007931915   0.0000122445   0.0019807847  -0.0000719884
        0.0000465138   0.0000009901   0.0000882562  -0.0000813332   0.0000619771
       -0.0000638792   0.0000182887  -0.0000150399  -0.0000709055  -0.0000266758
        0.0001298528  -0.0004675018  -0.0008596207   0.0034258260   0.0002660079
        0.0021284951   0.0000218799  -0.0000374699  -0.0000976055   0.0000531141
       -0.0000072735  -0.0000363133   0.0001003916  -0.0000012130  -0.0000159029
        0.0001307422  -0.0002327689   0.0005888500
       -0.0008565141  -0.0007037923  -0.0004114623   0.3840648455   0.1134426822
        0.0683524264  -0.0011307883   0.0006697593  -0.0001478196  -0.0007397625
        0.0001540860   0.0007753625   0.0133038990  -0.0110600008   0.0005560711
        0.0002984644  -0.0004230636   0.0008317928  -0.0025494160  -0.0000950945
       -0.0001917567  -0.0020027938   0.0107165090  -0.0023854570   0.0113156495
       -0.0054043953   0.0028840595  -0.0067676240  -0.0018775270  -0.0037045492
       -0.0505247397  -0.0025073384  -0.0111943065  -0.0377116987  -0.0009635988
       -0.0094046399   0.0028626445   0.0003035788   0.0009839094  -0.2477654333
        0.0107700618  -0.0604764945  -0.0003397760  -0.0003371675  -0.0003244253
       -0.0003371485   0.0002669321  -0.0002452503   0.0002922430   0.0000617847
       -0.0001740963  -0.0012763694  -0.0007179827  -0.0000830736  -0.0026078863
        0.0004229156  -0.0009070911   0.0027838796  -0.0011666751   0.0011958733
        0.0008875560  -0.0004072808  -0.0007586223   0.0003906585  -0.0001586038
       -0.0000863122   0.0003559324   0.0018825506   0.0006324029  -0.0005948625
       -0.0011754593   0.0030213562  -0.0614881744  -0.1116324710   0.0114715216
        0.0001372152  -0.0000604093  -0.0002094190
       -0.0000730634  -0.0000818723  -0.0000339882   0.1134426822   0.4754019039
       -0.0731401497  -0.0000306794   0.0000141175  -0.0000166279  -0.0000432786
        0.0000799444   0.0000893638  -0.0023849806   0.0014446764  -0.0008500727
        0.0001986943   0.0001158984  -0.0001234709  -0.0002318375   0.0000460695
       -0.0000227510   0.0001033942   0.0012333918  -0.0002352561  -0.0006133623
       -0.0055937368   0.0019181407   0.0004488499  -0.0042286206   0.0024298958
       -0.0385259969  -0.0097229801  -0.0076446522   0.0309394841   0.0020086817
        0.0086489115   0.0002647143   0.0000263089   0.0000968691  -0.0165691200
       -0.0744608725   0.0044584346   0.0000070730  -0.0000656908  -0.0000249222
       -0.0001175796   0.0000470360  -0.0000566466   0.0000692608  -0.0000340117
       -0.0000585457  -0.0016253053  -0.0005831102  -0.0003603172   0.0011827582
       -0.0000115060   0.0002878758   0.0013800412   0.0016716861  -0.0004275216
        0.0000581207  -0.0000103930  -0.0000667854  -0.0000312549  -0.0000258147
       -0.0000168612  -0.0002747034   0.0006567672  -0.0004986992   0.0004449031
       -0.0002852406   0.0003147651  -0.0879985653  -0.3876285345   0.0653435874
       -0.0000202490  -0.0000140982  -0.0000105760
       -0.0002043786  -0.0001372854  -0.0000722714   0.0683524264  -0.0731401497
        0.0590442633  -0.0002518886   0.0001694075   0.0000054343  -0.0001908440
        0.0000006845   0.0003100367   0.0039753433  -0.0030106049   0.0000463674
        0.0004292116  -0.0003712743  -0.0008818272  -0.0003819518   0.0000477570
       -0.0000430331  -0.0006706754   0.0024467566  -0.0007372312   0.0017581064
        0.0007364577   0.0054072482  -0.0035634566   0.0017403233   0.0057263607
       -0.0058639433   0.0012851505   0.0011602872  -0.0167901906   0.0002888374
       -0.0010293287   0.0006738346   0.0000430413   0.0001157521  -0.0528938546
        0.0124368149  -0.0488041920  -0.0002182144  -0.0001504456  -0.0001207010
       -0.0001062448   0.0001137032  -0.0000801030   0.0000593816   0.0000040924
       -0.0000576776   0.0001099766  -0.0001612077  -0.0003592876  -0.0009777107
        0.0002281417   0.0001233837   0.0009982429  -0.0010378514  -0.0015865970
        0.0002630499  -0.0000909247  -0.0002917102   0.0000989184  -0.0000602778
       -0.0000155986  -0.0000326685   0.0002561116  -0.0001643867   0.0002975972
       -0.0004972300  -0.0004430187   0.0051582163   0.0589180853  -0.0172529000
       -0.0000282834  -0.0000581135   0.0000007303
        0.0172318003   0.0030215115   0.0006752002  -0.0011307883  -0.0000306794
       -0.0002518886   0.2856624320  -0.2294339252  -0.0517420652  -0.0323442532
        0.0057064872  -0.0065979718  -0.0008179385   0.0009439262   0.0001368542
       -0.0036944284  -0.0000656241  -0.0027445439  -0.0580983933   0.0316746519
       -0.0033793755   0.0000460060  -0.0000270064   0.0021126532  -0.0007202574
       -0.0006176644   0.0002017004  -0.0006501283   0.0004443442  -0.0000606655
        0.0007957186  -0.0012013645   0.0001141447   0.0000559222   0.0001592437
       -0.0002169300  -0.2035733107   0.1842671070   0.0575993291   0.0012069243
        0.0003381286   0.0001683134   0.0001093810   0.0002761652  -0.0001431356
        0.0003086318  -0.0005754203  -0.0001555221  -0.0069869660  -0.0004383990
       -0.0020120323   0.0003102885   0.0000611916  -0.0000069726   0.0001189390
       -0.0000098833   0.0000428793  -0.0001129526  -0.0001398278  -0.0000152763
       -0.0003775357   0.0029494100  -0.0009740225   0.0041654436   0.0018424608
        0.0052107612   0.0000882462  -0.0001306269  -0.0001123048   0.0000809829
       -0.0000621547  -0.0001448908   0.0001043769  -0.0000581695   0.0000426156
       -0.0017781409   0.0011061173   0.0022531462
        0.0254064102  -0.0842214927  -0.0424327865   0.0006697593   0.0000141175
        0.0001694075  -0.2294339252   0.4166407947   0.1338491938  -0.0280358218
        0.0053019465  -0.0074825157   0.0003421090  -0.0003356372   0.0000450085
        0.0030129781   0.0006300066   0.0033190244   0.0320614077  -0.0111022432
       -0.0081698259   0.0002388064  -0.0002568932  -0.0016473143   0.0004615274
        0.0004700512  -0.0000664829   0.0001320235  -0.0001694717   0.0003973732
       -0.0004306250   0.0005223517  -0.0000408844   0.0001719694   0.0000213209
        0.0002566385   0.1776781229  -0.3292169982  -0.0876826099  -0.0007089153
       -0.0000237027  -0.0001876048  -0.0007827347  -0.0000503089   0.0003163364
        0.0000661466   0.0002145875  -0.0006443946   0.0012291384   0.0002738885
        0.0001204125  -0.0003112845  -0.0001103390  -0.0000822535   0.0001015814
        0.0000930020  -0.0002229477   0.0000848860   0.0000383563  -0.0000020836
        0.0000659486   0.0011918545  -0.0004704927   0.0190795064  -0.0004429198
        0.0098709767  -0.0000361332   0.0000361291  -0.0000204172  -0.0000157931
        0.0000051806   0.0000606090  -0.0000276009   0.0000573924  -0.0000446810
       -0.0010194876   0.0004190266   0.0007923142
        0.0111882165  -0.0482764281   0.0004322452  -0.0001478196  -0.0000166279
        0.0000054343  -0.0517420652   0.1338491938   0.0799033264  -0.0233978661
        0.0013149816   0.0001427109  -0.0000656765   0.0000892947   0.0000975242
       -0.0023590491  -0.0000652472   0.0003292433  -0.0006154823  -0.0090576480
        0.0146025669  -0.0003100924  -0.0000235937   0.0006538115   0.0000286429
       -0.0000475370   0.0000743636  -0.0001210227   0.0001501600   0.0001867185
        0.0000789844  -0.0001007651  -0.0000663888   0.0000301829   0.0000065752
        0.0000486523   0.0539796054  -0.0844349595  -0.0924256263   0.0001477593
        0.0000342943  -0.0000009289  -0.0001962160   0.0000632601  -0.0000994890
       -0.0006623331  -0.0000655549  -0.0001755286   0.0024515298  -0.0001365254
        0.0001805432  -0.0000858510   0.0000031944  -0.0000311043  -0.0000518903
       -0.0000093091  -0.0000719964  -0.0000063637  -0.0000197014  -0.0000351284
       -0.0011679401   0.0014876036  -0.0006778507   0.0125813212   0.0049758742
       -0.0041575849  -0.0000018241  -0.0000182312  -0.0000498903   0.0000206600
        0.0000054195  -0.0000142540   0.0000885954   0.0000162383  -0.0000461942
        0.0003359943   0.0002760387   0.0011948243
       -0.0088451159  -0.0099447942  -0.0064688304  -0.0007397625  -0.0000432786
       -0.0001908440  -0.0323442532  -0.0280358218  -0.0233978661   0.5281100665
        0.0866651709   0.0098975764  -0.0005552690   0.0007727702   0.0001530064
        0.0018661345   0.0121391650   0.0093566727  -0.0623895657  -0.0062435440
       -0.0031580744  -0.0010290480   0.0006067303   0.0001907915   0.0003122523
       -0.0006066692   0.0003471575  -0.0018262508   0.0011913909   0.0014163256
        0.0001686118  -0.0012343532   0.0001599924   0.0009884566   0.0002629142
        0.0006497214  -0.0153757929  -0.0076636663  -0.0094702235   0.0007392415
        0.0008132307  -0.0000612988  -0.0014531989  -0.0000969666   0.0030688012
        0.0000949587  -0.0001901234  -0.0006027872   0.0013378315   0.0069967533
        0.0034808187   0.0000307123   0.0000883512  -0.0000872473  -0.0001545755
        0.0000845497  -0.0002288147  -0.0000088773  -0.0000697910   0.0000016394
       -0.1760645443  -0.1293053251   0.0834890587  -0.1849831234   0.0664485948
       -0.0107531469   0.0000278291  -0.0000869183  -0.0001323222   0.0000874518
       -0.0000401654  -0.0000939627   0.0001253801  -0.0000118505   0.0000117055
       -0.0481195489   0.0075036463  -0.0575778492
       -0.0059508297  -0.0015575779  -0.0026827305   0.0001540860   0.0000799444
        0.0000006845   0.0057064872   0.0053019465   0.0013149816   0.0866651709
        0.4623663932  -0.0572933651   0.0000395085   0.0001457356  -0.0000120365
        0.0032627766  -0.0052433983  -0.0101851846  -0.0043418195  -0.1555782967
       -0.0407109660  -0.0026441422  -0.0002374131  -0.0002924644   0.0003788604
       -0.0002550792   0.0000396115  -0.0011452120   0.0004300379   0.0011133839
       -0.0003882003  -0.0002554456  -0.0001015333   0.0006813463   0.0000440688
        0.0003908993  -0.0063780024  -0.0121632661  -0.0097381866  -0.0001544477
        0.0004206885  -0.0001675383   0.0009595331   0.0010211356  -0.0017368700
       -0.0001109859   0.0007843898   0.0007893818  -0.0040602145  -0.0293210332
       -0.0162511677  -0.0002000770   0.0002022716   0.0000086670  -0.0000059747
        0.0000984879  -0.0002786139   0.0001105938   0.0000678620   0.0000290478
       -0.1324257931  -0.1552341483   0.0770131495   0.0519079799  -0.0631020775
        0.0080100855  -0.0000790436   0.0000162929  -0.0000480535   0.0000322388
       -0.0000072812   0.0000216674   0.0000186759   0.0000063242  -0.0000025999
        0.0079674850  -0.0480305620   0.0507697503
       -0.0046198254  -0.0043330011  -0.0015310005   0.0007753625   0.0000893638
        0.0003100367  -0.0065979718  -0.0074825157   0.0001427109   0.0098975764
       -0.0572933651   0.6111672744   0.0004358160  -0.0005065523   0.0001508886
        0.0007672769  -0.0265962750  -0.0230527250  -0.0002011980  -0.0458534892
       -0.0982517244  -0.0016507981  -0.0005232450   0.0004190295   0.0001182360
        0.0002928230   0.0002356578   0.0006043347  -0.0001474014  -0.0004910636
       -0.0002421879   0.0007388062  -0.0003073830  -0.0002522450  -0.0001742981
       -0.0002098384  -0.0072777888  -0.0067492844  -0.0056552075  -0.0006437317
       -0.0004245064  -0.0001113485   0.0039394431  -0.0005120126  -0.0065263195
       -0.0004809975  -0.0009637617   0.0014265539   0.0011224383   0.0065702955
        0.0046902320  -0.0000822661  -0.0000612851  -0.0000666740   0.0001661670
       -0.0002086630  -0.0000135750   0.0001012381   0.0000733817  -0.0000358429
        0.0861217868   0.0765752500  -0.0927443100  -0.0184554502   0.0123090468
       -0.0467560370   0.0000009747   0.0000226686  -0.0000057718  -0.0000355774
       -0.0000286931   0.0000116871  -0.0000315753  -0.0000242414  -0.0000851954
       -0.0634790371   0.0552109549  -0.3427100545
       -0.0005738184  -0.0003592000  -0.0002584598   0.0133038990  -0.0023849806
        0.0039753433  -0.0008179385   0.0003421090  -0.0000656765  -0.0005552690
        0.0000395085   0.0004358160   0.6329376890   0.1042143266   0.1689641760
       -0.0006255588   0.0010511758  -0.0003354761  -0.0008593070  -0.0000733625
       -0.0002912692  -0.0025984123  -0.0045559017  -0.0016778961  -0.0392332885
        0.0345368662  -0.0156391147  -0.0035324504   0.0022587439  -0.0004323085
       -0.1562216457   0.0986854058  -0.0390531836   0.0024819403  -0.0066469168
        0.0000175244   0.0018268291   0.0002350688   0.0004615203  -0.0043254396
        0.0012746227  -0.0019979792   0.0000233572  -0.0000277431  -0.0000293421
       -0.0006042883   0.0002378983  -0.0002030935   0.0002489806   0.0001557270
       -0.0001924962   0.0013190713   0.0012281329   0.0006998205  -0.0002656394
        0.0003516913   0.0000422532   0.0003709381  -0.0003883628   0.0003165041
        0.0006277368  -0.0002821406  -0.0004305751   0.0003716180  -0.0001161046
       -0.0000193547  -0.1304248805  -0.1454222409   0.0499908913  -0.3120976632
       -0.0830197349  -0.1642591704  -0.0009449858  -0.0012574129   0.0001369931
        0.0001685260  -0.0000771753  -0.0001554467
        0.0006171497   0.0005271003   0.0003367827  -0.0110600008   0.0014446764
       -0.0030106049   0.0009439262  -0.0003356372   0.0000892947   0.0007727702
        0.0001457356  -0.0005065523   0.1042143266   0.6165107952  -0.1732020881
       -0.0006075386   0.0002950837  -0.0003434532   0.0010239056   0.0000247524
        0.0002599237  -0.0035809620  -0.0010260165   0.0016137485   0.0126877048
       -0.0001341738   0.0024725643   0.0077748004  -0.0001059418   0.0009372481
        0.0996794788  -0.2233037177   0.0479894681  -0.0110978460   0.0020817904
       -0.0015359917  -0.0020974391  -0.0003845229  -0.0005658669   0.0308380843
       -0.0577621496   0.0181020714   0.0001294563   0.0001600345   0.0001433531
        0.0000719245  -0.0001963848   0.0000642648  -0.0002260280  -0.0001436439
        0.0001160112  -0.0007914414   0.0014479031  -0.0012758297   0.0003415800
       -0.0003379551  -0.0000113529   0.0005033958  -0.0019282213   0.0003672748
       -0.0009068813   0.0002588027   0.0005922544  -0.0005087531   0.0000961326
       -0.0000008844  -0.1517420592  -0.2746173653   0.1296587980  -0.0787575287
       -0.0643423019  -0.0226256284   0.0019814173   0.0015865872   0.0001624353
       -0.0002034424   0.0000386376   0.0001727593
        0.0000817269   0.0001216728   0.0001556424   0.0005560711  -0.0008500727
        0.0000463674   0.0001368542   0.0000450085   0.0000975242   0.0001530064
       -0.0000120365   0.0001508886   0.1689641760  -0.1732020881   0.1808789888
       -0.0002702664   0.0003284620  -0.0000498627   0.0000463079  -0.0000044418
       -0.0000851899  -0.0025744075   0.0004832770   0.0036329731  -0.0095985536
        0.0099381037   0.0002185065   0.0004981680   0.0000615727   0.0001159299
       -0.0598088229   0.0757246803  -0.0526684066  -0.0014638873   0.0017865434
        0.0035915244  -0.0001873955  -0.0001492251  -0.0001863264  -0.0034301308
        0.0072762785   0.0008387073   0.0001348919   0.0000480523   0.0000019925
       -0.0000289971  -0.0000293666  -0.0000484287  -0.0000505743  -0.0000255156
       -0.0000362373   0.0012387241  -0.0004146210  -0.0012582118   0.0002685229
       -0.0002202846  -0.0007976408  -0.0000783384   0.0001086098  -0.0002754416
       -0.0000671031   0.0000434970  -0.0000752896  -0.0001313775   0.0000089928
       -0.0000617476   0.0451630404   0.1038458975  -0.0530019082  -0.1391294244
       -0.0246963639  -0.0812561272  -0.0002761022  -0.0002848998   0.0000545491
       -0.0001461088   0.0000682672   0.0000172243
       -0.0010761160   0.0010138671  -0.0003785751   0.0002984644   0.0001986943
        0.0004292116  -0.0036944284   0.0030129781  -0.0023590491   0.0018661345
        0.0032627766   0.0007672769  -0.0006255588  -0.0006075386  -0.0002702664
        0.4550681252  -0.0043968510   0.0411600830  -0.0854341401  -0.0077248646
        0.0555280780  -0.1929939260  -0.0178101573  -0.0296261265  -0.0255433814
        0.0051628531  -0.0079067384  -0.0190059857  -0.0092444568  -0.0045341923
        0.0011897962   0.0034151546  -0.0018525818   0.0006156027  -0.0024380671
       -0.0009312887  -0.0187321529  -0.0044642713   0.0192572418  -0.0010328762
       -0.0008401063  -0.0003294816  -0.0448030479  -0.0279080545  -0.0209694110
       -0.0689028638   0.0599565387  -0.0455843251   0.0043234158   0.0001721818
       -0.0038528153   0.0003920412  -0.0011014807   0.0012337880   0.0007816044
        0.0017022093   0.0006854994  -0.0006492631  -0.0000066875  -0.0001365418
       -0.0006012041  -0.0008430360   0.0001019633  -0.0010993668   0.0001894598
       -0.0000490562  -0.0000402384  -0.0000933767   0.0000806129  -0.0001586782
        0.0001881954  -0.0000027206  -0.0000097718  -0.0000240489   0.0000979366
       -0.0001321849  -0.0007719116  -0.0005585217
       -0.0007752945   0.0004306912  -0.0000862916  -0.0004230636   0.0001158984
       -0.0003712743  -0.0000656241   0.0006300066  -0.0000652472   0.0121391650
       -0.0052433983  -0.0265962750   0.0010511758   0.0002950837   0.0003284620
       -0.0043968510   0.5424649335  -0.0010197441  -0.0055675063  -0.0613026088
        0.0165299183  -0.0149706452  -0.0678130256  -0.0012459061   0.0207268906
        0.0013011992   0.0046078437  -0.0260139627  -0.0061230826  -0.0047647149
        0.0022595019  -0.0030162183   0.0020020943  -0.0022078581  -0.0036312118
        0.0020174686  -0.0008690328  -0.0000827603   0.0013339658   0.0002827765
       -0.0004621980   0.0002233429  -0.0304455270  -0.2138440962  -0.1001956135
        0.0602706263  -0.1792869730   0.0941447535  -0.0109336231  -0.0022968737
        0.0193961534   0.0012757917   0.0010241223  -0.0000753579  -0.0014867249
        0.0008456437  -0.0012313366  -0.0014798414  -0.0003542781  -0.0002964018
        0.0007561172   0.0013035054  -0.0013063311  -0.0005630933  -0.0017735339
       -0.0013451451  -0.0000010183   0.0000851524  -0.0000121124   0.0002680734
       -0.0002775524   0.0000408025   0.0001202978   0.0000286751   0.0000082629
        0.0010492502  -0.0030171006  -0.0020213163
       -0.0018409751  -0.0023949393  -0.0009226848   0.0008317928  -0.0001234709
       -0.0008818272  -0.0027445439   0.0033190244   0.0003292433   0.0093566727
       -0.0101851846  -0.0230527250  -0.0003354761  -0.0003434532  -0.0000498627
        0.0411600830  -0.0010197441   0.4579513744   0.0515596623   0.0137656191
       -0.1449532278  -0.0402168421  -0.0022340077  -0.0635867009  -0.0098831122
       -0.0005477903  -0.0024492949  -0.0005648333   0.0003438028   0.0007621526
       -0.0027441412   0.0026861253   0.0050578405  -0.0017001261   0.0013483248
        0.0059823532   0.0100360851  -0.0000843490   0.0042058294  -0.0006757966
        0.0000840051   0.0001940069  -0.0211076872  -0.1012278157  -0.1022871286
       -0.0445400211   0.0952420525  -0.1113677048   0.0098024698   0.0045181665
       -0.0193226615   0.0006955632  -0.0009009700  -0.0019515394   0.0013123614
       -0.0001317416  -0.0017755069   0.0000554349   0.0001042500   0.0002098994
        0.0013234085   0.0014029056   0.0007717784  -0.0008581948  -0.0010789528
       -0.0012283191   0.0000131940   0.0000037449   0.0000454518  -0.0000962152
        0.0000676240  -0.0000920103   0.0000286274  -0.0000542993  -0.0001256160
        0.0011326098  -0.0025589264  -0.0014631198
       -0.0252970480  -0.0255007694  -0.0192689778  -0.0025494160  -0.0002318375
       -0.0003819518  -0.0580983933   0.0320614077  -0.0006154823  -0.0623895657
       -0.0043418195  -0.0002011980  -0.0008593070   0.0010239056   0.0000463079
       -0.0854341401  -0.0055675063   0.0515596623   0.3884111749  -0.0477893246
       -0.0066325960  -0.0289676269  -0.0034731598   0.0240945375  -0.0005034474
       -0.0018469803   0.0008694520  -0.0011678584   0.0022969863  -0.0000605003
        0.0009874262  -0.0018899406  -0.0010697172  -0.0008356934  -0.0001884041
       -0.0020968955  -0.0723920380   0.0036246136  -0.0014005768   0.0026961975
        0.0001230990   0.0004941157   0.0014474030   0.0010194472  -0.0002447198
        0.0038757948  -0.0007491479  -0.0036143423  -0.0563929588   0.0528390918
       -0.0401014586  -0.0000913552   0.0001372962   0.0006152556   0.0000209526
       -0.0001033733   0.0006555646  -0.0002951333  -0.0002773934  -0.0001239018
        0.0009729876  -0.0139376139  -0.0088170250  -0.0034508577   0.0166128862
        0.0080836729   0.0000495581  -0.0001121225  -0.0001552931   0.0001184565
        0.0000142893  -0.0000732020   0.0001944871   0.0000987656   0.0000938278
       -0.0000495990  -0.0038423952  -0.0016545578
       -0.0340526657  -0.0124941591  -0.0192352516  -0.0000950945   0.0000460695
        0.0000477570   0.0316746519  -0.0111022432  -0.0090576480  -0.0062435440
       -0.1555782967  -0.0458534892  -0.0000733625   0.0000247524  -0.0000044418
       -0.0077248646  -0.0613026088   0.0137656191  -0.0477893246   0.5283611694
       -0.0420007624  -0.0024798315   0.0008195222   0.0035186952   0.0004134261
       -0.0001621685   0.0004733746  -0.0004022057  -0.0003663630  -0.0011222532
        0.0000167084  -0.0001400586  -0.0001367137  -0.0003133284  -0.0002715310
       -0.0007149438  -0.0080609745  -0.0561894399   0.0062962938   0.0001590431
       -0.0001130712   0.0000487173   0.0112339814  -0.0013453780  -0.0213912348
       -0.0119529180  -0.0034928845   0.0217340259   0.0601814294  -0.1903544009
        0.1089464322   0.0005446745  -0.0001298575   0.0000313322  -0.0001520842
       -0.0000816646   0.0004428735  -0.0000753072  -0.0000274793   0.0000256438
       -0.0031089750  -0.0187647653  -0.0071041514   0.0186659106  -0.0195066832
       -0.0073669327   0.0000416198  -0.0000289908   0.0000342083  -0.0000273060
       -0.0000192505  -0.0000341912  -0.0000145460  -0.0000356319   0.0000237994
       -0.0003651128   0.0022554132  -0.0013667584
       -0.0227420647  -0.0154939204   0.0019532000  -0.0001917567  -0.0000227510
       -0.0000430331  -0.0033793755  -0.0081698259   0.0146025669  -0.0031580744
       -0.0407109660  -0.0982517244  -0.0002912692   0.0002599237  -0.0000851899
        0.0555280780   0.0165299183  -0.1449532278  -0.0066325960  -0.0420007624
        0.4396747363   0.0130358495   0.0004407028   0.0033378253  -0.0020402815
        0.0010623107  -0.0008101792  -0.0002707705  -0.0015014935  -0.0009020875
        0.0008965022   0.0000925714   0.0004204990  -0.0001929619  -0.0000342955
       -0.0000498232  -0.0113073628   0.0063803563  -0.0660301175   0.0000942982
       -0.0002581686   0.0001037825   0.0075228189  -0.0023143835  -0.0159600422
        0.0100788468   0.0045890121  -0.0204078886  -0.0435804998   0.1025387629
       -0.1093749289  -0.0000214936   0.0000011516   0.0001273963  -0.0000167804
        0.0000103340   0.0001489799  -0.0000894965  -0.0000625688   0.0000265667
       -0.0031099515   0.0048884711   0.0060667553   0.0095371230  -0.0052747677
        0.0029089255   0.0000120938  -0.0000297424   0.0000065546   0.0000246143
        0.0000085978  -0.0000415934   0.0000503577  -0.0000168698  -0.0000443342
        0.0002441526  -0.0209115970  -0.0124236182
        0.0009613181   0.0004060175  -0.0003167546  -0.0020027938   0.0001033942
       -0.0006706754   0.0000460060   0.0002388064  -0.0003100924  -0.0010290480
       -0.0026441422  -0.0016507981  -0.0025984123  -0.0035809620  -0.0025744075
       -0.1929939260  -0.0149706452  -0.0402168421  -0.0289676269  -0.0024798315
        0.0130358495   0.5898343961   0.0231844274   0.1014778075  -0.1529803342
        0.1307826719  -0.0537880112  -0.1274319230  -0.1271597984   0.0043896131
       -0.0392095884   0.0188746780  -0.0124238877  -0.0280044224  -0.0274562680
       -0.0017200434  -0.0029897290  -0.0002769466   0.0025570620   0.0048353014
        0.0022528153   0.0021369941  -0.0102892262  -0.0060981768  -0.0024979108
       -0.0151821753   0.0026553390  -0.0045519064   0.0011590877  -0.0002284803
       -0.0007192170   0.0062921525  -0.0097234774   0.0029133715   0.0050208310
        0.0142540357  -0.0018359482  -0.0051123602  -0.0013021644  -0.0029224023
        0.0018850620   0.0014155463  -0.0001648320  -0.0006018780   0.0001888770
       -0.0000081064  -0.0000402379   0.0001413334  -0.0000226166  -0.0011967853
        0.0011248401  -0.0001410997   0.0003445822   0.0002947222   0.0000065626
        0.0002517299   0.0000033885   0.0000182915
        0.0003609307   0.0001094329   0.0000750654   0.0107165090   0.0012333918
        0.0024467566  -0.0000270064  -0.0002568932  -0.0000235937   0.0006067303
       -0.0002374131  -0.0005232450  -0.0045559017  -0.0010260165   0.0004832770
       -0.0178101573  -0.0678130256  -0.0022340077  -0.0034731598   0.0008195222
        0.0004407028   0.0231844274   0.6453676156  -0.0945951441   0.0655317143
       -0.2320235605   0.0519773228  -0.0599301193  -0.2808629578   0.0338409847
        0.0673175603   0.0377834416   0.0094599375  -0.0791961089   0.0077140059
       -0.0223122975  -0.0011968649   0.0003732106   0.0003906245  -0.0035210764
       -0.0559696407   0.0098361109  -0.0252358849  -0.0052353098  -0.0062271790
        0.0223915253   0.0001794606   0.0064795023  -0.0007738077  -0.0002448880
        0.0001925658   0.0122532260  -0.0259962100   0.0087356726  -0.0068757362
       -0.0250332775   0.0020399157  -0.0003956753   0.0016212712   0.0009955093
        0.0015739802  -0.0002659191  -0.0011180571   0.0003961601   0.0000791705
        0.0000487781  -0.0006343728  -0.0007661596   0.0004768210   0.0000052004
        0.0004373716  -0.0004673735  -0.0008100801  -0.0000908273  -0.0001849238
        0.0000979877   0.0001042042  -0.0002337255
        0.0006241460   0.0010780975   0.0013436982  -0.0023854570  -0.0002352561
       -0.0007372312   0.0021126532  -0.0016473143   0.0006538115   0.0001907915
       -0.0002924644   0.0004190295  -0.0016778961   0.0016137485   0.0036329731
       -0.0296261265  -0.0012459061  -0.0635867009   0.0240945375   0.0035186952
        0.0033378253   0.1014778075  -0.0945951441   0.1871250571  -0.0420323405
        0.0709856678  -0.0676936600  -0.0111912597   0.0130528321  -0.0503705634
       -0.0216081384  -0.0040828505  -0.0081501574   0.0091149444  -0.0085346283
        0.0044778732  -0.0010146936  -0.0001058420  -0.0049429843   0.0027369749
        0.0112202505  -0.0056031245  -0.0151922014  -0.0030334339  -0.0022404549
       -0.0161891393   0.0000317149  -0.0033938206   0.0002804759   0.0000760135
        0.0006552334  -0.0006215340   0.0022385436  -0.0008854986   0.0030723677
        0.0091299748  -0.0017206525  -0.0029194593   0.0007279533   0.0059240470
        0.0002894983  -0.0001129308  -0.0001446609   0.0000573899   0.0002012075
       -0.0001346027  -0.0000994607  -0.0003231671   0.0003037965  -0.0001142799
        0.0002299612   0.0017866254   0.0001999000   0.0001351676   0.0002329150
        0.0004204996  -0.0000308902  -0.0002887731
       -0.0004766472  -0.0002435616  -0.0002203354   0.0113156495  -0.0006133623
        0.0017581064  -0.0007202574   0.0004615274   0.0000286429   0.0003122523
        0.0003788604   0.0001182360  -0.0392332885   0.0126877048  -0.0095985536
       -0.0255433814   0.0207268906  -0.0098831122  -0.0005034474   0.0004134261
       -0.0020402815  -0.1529803342   0.0655317143  -0.0420323405   0.6311727224
        0.0149939828   0.1309413104   0.0434588862   0.0347057057   0.0053646706
       -0.3015799408  -0.0001167124  -0.0649991580  -0.0388835070   0.0145047957
       -0.0124876347   0.0012433585   0.0000062125   0.0004719892  -0.0322361617
       -0.0652827493   0.0051804257   0.0001784114   0.0016452848   0.0002263902
       -0.0055107557   0.0001999533  -0.0017368739   0.0000384572   0.0001395804
       -0.0002326998  -0.0887985503  -0.0976335107   0.0025703931   0.0000697350
       -0.0030527031  -0.0012733250  -0.0001562708   0.0007478016  -0.0000821433
       -0.0002764143   0.0001224927   0.0003006732   0.0000752547  -0.0000524020
       -0.0000277999   0.0002169472  -0.0030068272   0.0000891657   0.0003595806
        0.0033484056  -0.0018985602  -0.0015276028  -0.0006239514  -0.0004519833
       -0.0000146952   0.0000114413  -0.0000852022
       -0.0002681480  -0.0003401243  -0.0001567409  -0.0054043953  -0.0055937368
        0.0007364577  -0.0006176644   0.0004700512  -0.0000475370  -0.0006066692
       -0.0002550792   0.0002928230   0.0345368662  -0.0001341738   0.0099381037
        0.0051628531   0.0013011992  -0.0005477903  -0.0018469803  -0.0001621685
        0.0010623107   0.1307826719  -0.2320235605   0.0709856678   0.0149939828
        0.6436071223  -0.0986245078  -0.0138531459  -0.0636677820   0.0090650893
       -0.0669366439  -0.0942247449  -0.0073014688   0.0229941647  -0.0061127359
        0.0067666711   0.0012037477   0.0000646962   0.0004040325  -0.0222748550
        0.0143792067  -0.0093313779  -0.0013616947   0.0005779503  -0.0004350555
       -0.0013463239   0.0003209964  -0.0002605378  -0.0003569866   0.0003931544
        0.0002899656  -0.0974655395  -0.2514282385   0.0149994243  -0.0025440517
       -0.0044774675   0.0015688327   0.0005749361   0.0006432457  -0.0000190383
        0.0005151181  -0.0006131011  -0.0003004289   0.0002727003  -0.0001378532
        0.0000139807   0.0021077350   0.0018964447  -0.0001449607   0.0028473233
       -0.0040309836   0.0012032155  -0.0012883570  -0.0004066040  -0.0000758191
        0.0001793559  -0.0000457133  -0.0000813115
        0.0000506797   0.0001142165   0.0001716319   0.0028840595   0.0019181407
        0.0054072482   0.0002017004  -0.0000664829   0.0000743636   0.0003471575
        0.0000396115   0.0002356578  -0.0156391147   0.0024725643   0.0002185065
       -0.0079067384   0.0046078437  -0.0024492949   0.0008694520   0.0004733746
       -0.0008101792  -0.0537880112   0.0519773228  -0.0676936600   0.1309413104
       -0.0986245078   0.1558874276   0.0149085498   0.0227566259   0.0017188079
       -0.0520445961   0.0112614443  -0.0597542770  -0.0150155444   0.0049118638
       -0.0071873677  -0.0002268507  -0.0002323000  -0.0001070120  -0.0032401890
       -0.0209219819   0.0005407855   0.0003978764   0.0006930067   0.0004899921
       -0.0019523529   0.0003259026   0.0001888446  -0.0001678064  -0.0002279033
        0.0001440481   0.0029122814   0.0159130687  -0.0334984885  -0.0013499111
        0.0014263612   0.0060216953  -0.0000979479   0.0000435315  -0.0001588091
       -0.0000468560   0.0003702136  -0.0001996188  -0.0000374833   0.0000587162
       -0.0000687544   0.0000414022  -0.0015232749  -0.0005264886  -0.0015435359
        0.0020581971   0.0005962228  -0.0004449235   0.0000610805   0.0006114092
       -0.0000526077   0.0001133646   0.0001473092
       -0.0003367530  -0.0003580684  -0.0001972113  -0.0067676240   0.0004488499
       -0.0035634566  -0.0006501283   0.0001320235  -0.0001210227  -0.0018262508
       -0.0011452120   0.0006043347  -0.0035324504   0.0077748004   0.0004981680
       -0.0190059857  -0.0260139627  -0.0005648333  -0.0011678584  -0.0004022057
       -0.0002707705  -0.1274319230  -0.0599301193  -0.0111912597   0.0434588862
       -0.0138531459   0.0149085498   0.6154152700   0.0229705722   0.1329963051
       -0.0325123460  -0.0357929395  -0.0013670488  -0.3064544951  -0.0638875245
       -0.0543853925   0.0008810672   0.0003223755   0.0007421954  -0.0349061948
        0.0702431068  -0.0235073485  -0.0039133683  -0.0013280431  -0.0007608989
        0.0005419949  -0.0018612129   0.0009331316  -0.0000480823  -0.0000032958
        0.0000676356  -0.0007213637   0.0030556260  -0.0024147559  -0.1105605212
        0.1039707664  -0.0471471826  -0.0139547866  -0.0037730348  -0.0027153503
        0.0018288719   0.0003882020  -0.0009790951   0.0003181489  -0.0001652738
       -0.0000074704   0.0001987480  -0.0005713464  -0.0011740276   0.0009889753
        0.0001060085  -0.0002909637   0.0002632691  -0.0002733847   0.0000646295
       -0.0001050997  -0.0000535618  -0.0001568612
        0.0002025452   0.0003631347   0.0001765338  -0.0018775270  -0.0042286206
        0.0017403233   0.0004443442  -0.0001694717   0.0001501600   0.0011913909
        0.0004300379  -0.0001474014   0.0022587439  -0.0001059418   0.0000615727
       -0.0092444568  -0.0061230826   0.0003438028   0.0022969863  -0.0003663630
       -0.0015014935  -0.1271597984  -0.2808629578   0.0130528321   0.0347057057
       -0.0636677820   0.0227566259   0.0229705722   0.6393907286  -0.1084939371
       -0.0312433958  -0.0191232243  -0.0048120700   0.0054452094  -0.0908414769
        0.0118812950  -0.0008042955  -0.0002300118  -0.0004702487   0.0221145231
        0.0346254592  -0.0019954446  -0.0000055410   0.0000813951   0.0000649277
        0.0019263720   0.0010336750   0.0002597091  -0.0000582921  -0.0002106673
        0.0002405863   0.0025558223  -0.0029485471   0.0026581704   0.1027515364
       -0.2023247477   0.0693466167  -0.0269539204  -0.0055273052  -0.0058239860
       -0.0014182678   0.0003317902  -0.0000289098  -0.0003336253   0.0000045054
       -0.0000881476   0.0001597187   0.0005582807  -0.0002516145  -0.0001610856
        0.0000797378   0.0003727527   0.0004579831  -0.0001279917   0.0001819078
       -0.0002212479  -0.0000405531   0.0003254370
       -0.0000973968  -0.0000090548   0.0000433964  -0.0037045492   0.0024298958
        0.0057263607  -0.0000606655   0.0003973732   0.0001867185   0.0014163256
        0.0011133839  -0.0004910636  -0.0004323085   0.0009372481   0.0001159299
       -0.0045341923  -0.0047647149   0.0007621526  -0.0000605003  -0.0011222532
       -0.0009020875   0.0043896131   0.0338409847  -0.0503705634   0.0053646706
        0.0090650893   0.0017188079   0.1329963051  -0.1084939371   0.1638044264
       -0.0022945964  -0.0050883973  -0.0031088222  -0.0708237439  -0.0056209314
       -0.0583758110   0.0005093543  -0.0002829498   0.0001586722  -0.0123555876
        0.0095517352  -0.0070776163  -0.0020876526  -0.0008257239  -0.0004167821
       -0.0000511385  -0.0008613875   0.0001362894  -0.0000168144   0.0000679330
        0.0000904549  -0.0024488988   0.0027428683   0.0055520190  -0.0456763087
        0.0677862746  -0.0580907624   0.0018490636   0.0000780904   0.0002547685
       -0.0018796208  -0.0007452685   0.0008269931  -0.0003771332  -0.0000234056
       -0.0001186633  -0.0000161763  -0.0001729891  -0.0001385969   0.0001862143
       -0.0000446936  -0.0001528406  -0.0001314074   0.0000039625   0.0001458497
        0.0003371446   0.0000408676  -0.0002792298
        0.0005173977   0.0003951778   0.0003409882  -0.0505247397  -0.0385259969
       -0.0058639433   0.0007957186  -0.0004306250   0.0000789844   0.0001686118
       -0.0003882003  -0.0002421879  -0.1562216457   0.0996794788  -0.0598088229
        0.0011897962   0.0022595019  -0.0027441412   0.0009874262   0.0000167084
        0.0008965022  -0.0392095884   0.0673175603  -0.0216081384  -0.3015799408
       -0.0669366439  -0.0520445961  -0.0325123460  -0.0312433958  -0.0022945964
        0.6629087825   0.0043119110   0.1333580205   0.0432735865  -0.0062057840
        0.0131444258  -0.0016463076  -0.0002200780  -0.0005562331  -0.0926998109
       -0.0430414666  -0.0020755381   0.0001800882  -0.0001907937   0.0001498921
       -0.0006675015  -0.0002825426   0.0001449000  -0.0002636898  -0.0002117691
        0.0002019608  -0.0146133338  -0.0046912755  -0.0029353328   0.0000593195
       -0.0010375982   0.0002349439  -0.0010186519   0.0028248298  -0.0029669043
       -0.0001719466   0.0001875624  -0.0000578754  -0.0002542991   0.0000559718
       -0.0000454355   0.0102388690  -0.0065356228   0.0080501648  -0.0251414297
        0.0220594603  -0.0017748883  -0.0035904932   0.0007496151  -0.0016794497
       -0.0002038713   0.0000840145   0.0000973008
       -0.0007749210  -0.0006247103  -0.0004428535  -0.0025073384  -0.0097229801
        0.0012851505  -0.0012013645   0.0005223517  -0.0001007651  -0.0012343532
       -0.0002554456   0.0007388062   0.0986854058  -0.2233037177   0.0757246803
        0.0034151546  -0.0030162183   0.0026861253  -0.0018899406  -0.0001400586
        0.0000925714   0.0188746780   0.0377834416  -0.0040828505  -0.0001167124
       -0.0942247449   0.0112614443  -0.0357929395  -0.0191232243  -0.0050883973
        0.0043119110   0.6342162334  -0.0961766912   0.0400785248  -0.0570534611
        0.0204440278   0.0027759872   0.0003417735   0.0007594924  -0.1186291926
       -0.2303108839   0.0048140238  -0.0001170001  -0.0004921551  -0.0001435069
        0.0010054304   0.0002543278   0.0003249103   0.0003432856   0.0000444950
       -0.0002563865  -0.0283297198  -0.0072569167  -0.0055143694  -0.0008982588
        0.0007931610  -0.0005328967   0.0021000496  -0.0016616071   0.0023741520
        0.0014316064  -0.0004027924  -0.0009071532   0.0005773045  -0.0001568818
       -0.0000025814   0.0128816134  -0.0306684264  -0.0016474934   0.0061504413
        0.0062620044  -0.0057617937  -0.0013998596  -0.0017550025   0.0004021928
        0.0002602077  -0.0000485618  -0.0002498386
        0.0001030821  -0.0000169956  -0.0000848884  -0.0111943065  -0.0076446522
        0.0011602872   0.0001141447  -0.0000408844  -0.0000663888   0.0001599924
       -0.0001015333  -0.0003073830  -0.0390531836   0.0479894681  -0.0526684066
       -0.0018525818   0.0020020943   0.0050578405  -0.0010697172  -0.0001367137
        0.0004204990  -0.0124238877   0.0094599375  -0.0081501574  -0.0649991580
       -0.0073014688  -0.0597542770  -0.0013670488  -0.0048120700  -0.0031088222
        0.1333580205  -0.0961766912   0.1751870713   0.0047135075   0.0080853840
       -0.0033534493  -0.0004279827  -0.0000274220   0.0002448856   0.0112726498
        0.0250970898  -0.0547671706   0.0005133799   0.0003271978   0.0001580356
        0.0001405507   0.0000007248   0.0001883962  -0.0000623614   0.0000053035
       -0.0000245946   0.0014760294   0.0002180704   0.0011313309   0.0000417978
       -0.0002817058   0.0005294888  -0.0026867695   0.0026484036   0.0067305789
       -0.0002035493   0.0000817005   0.0001621330  -0.0000332878   0.0000196780
        0.0000379718  -0.0040178882   0.0103802252  -0.0044906111  -0.0113160139
        0.0095594256  -0.0055511344  -0.0011610695   0.0007056900   0.0012366851
       -0.0000243489  -0.0000402560   0.0000820795
        0.0000144101   0.0000786427  -0.0000354465  -0.0377116987   0.0309394841
       -0.0167901906   0.0000559222   0.0001719694   0.0000301829   0.0009884566
        0.0006813463  -0.0002522450   0.0024819403  -0.0110978460  -0.0014638873
        0.0006156027  -0.0022078581  -0.0017001261  -0.0008356934  -0.0003133284
       -0.0001929619  -0.0280044224  -0.0791961089   0.0091149444  -0.0388835070
        0.0229941647  -0.0150155444  -0.3064544951   0.0054452094  -0.0708237439
        0.0432735865   0.0400785248   0.0047135075   0.6314639605   0.0229106567
        0.1308800808  -0.0001101628  -0.0002202927  -0.0000159351  -0.1589779752
        0.0632639809  -0.0404252555  -0.0012519654  -0.0001118469   0.0000259631
        0.0001806045  -0.0000250789   0.0000354920  -0.0000593607   0.0000639482
       -0.0002039619  -0.0003191316   0.0004258569  -0.0001511275  -0.0187475392
        0.0003648520  -0.0036945027  -0.0868036916  -0.0956445379   0.0048382165
       -0.0015304342   0.0000304445   0.0005703079  -0.0002344751  -0.0000234820
       -0.0001142191   0.0004059112   0.0000387970   0.0011402666  -0.0017731021
       -0.0004920587   0.0005060712   0.0023483996   0.0019133774  -0.0009991624
       -0.0001311398  -0.0000688165   0.0000232769
        0.0001166934   0.0001816042   0.0001026041  -0.0009635988   0.0020086817
        0.0002888374   0.0001592437   0.0000213209   0.0000065752   0.0002629142
        0.0000440688  -0.0001742981  -0.0066469168   0.0020817904   0.0017865434
       -0.0024380671  -0.0036312118   0.0013483248  -0.0001884041  -0.0002715310
       -0.0000342955  -0.0274562680   0.0077140059  -0.0085346283   0.0145047957
       -0.0061127359   0.0049118638  -0.0638875245  -0.0908414769  -0.0056209314
       -0.0062057840  -0.0570534611   0.0080853840   0.0229106567   0.6480121244
       -0.1024587198  -0.0003574175  -0.0001313431  -0.0000450446   0.1416392389
       -0.2512616886   0.0763274777  -0.0005709395  -0.0000815951  -0.0001577366
        0.0002437895  -0.0001673352   0.0001164858   0.0000064744  -0.0000010730
       -0.0000639969   0.0004922669   0.0007685442  -0.0000663844   0.0237323591
        0.0006358712   0.0053903390  -0.0951160748  -0.2523883075   0.0203806614
       -0.0002171491  -0.0000125485   0.0002936372  -0.0001443548  -0.0000215373
       -0.0000270537   0.0007411716  -0.0018093369  -0.0005450191   0.0006407400
        0.0003667397  -0.0005566209  -0.0011858601   0.0019599879  -0.0008173062
       -0.0000719850  -0.0000095575   0.0000633017
       -0.0000978777  -0.0001571870  -0.0001082590  -0.0094046399   0.0086489115
       -0.0010293287  -0.0002169300   0.0002566385   0.0000486523   0.0006497214
        0.0003908993  -0.0002098384   0.0000175244  -0.0015359917   0.0035915244
       -0.0009312887   0.0020174686   0.0059823532  -0.0020968955  -0.0007149438
       -0.0000498232  -0.0017200434  -0.0223122975   0.0044778732  -0.0124876347
        0.0067666711  -0.0071873677  -0.0543853925   0.0118812950  -0.0583758110
        0.0131444258   0.0204440278  -0.0033534493   0.1308800808  -0.1024587198
        0.1586508968   0.0003241931  -0.0000253671   0.0005307820  -0.0582594962
        0.0576281805  -0.0681234798   0.0009457804   0.0003694812   0.0002909346
        0.0001486028  -0.0000964766   0.0000872672  -0.0000149703   0.0000116058
       -0.0000078095  -0.0001197465  -0.0001009476  -0.0002576183  -0.0097516709
       -0.0002536494  -0.0028076071   0.0049413006   0.0200419199  -0.0341996851
       -0.0006605143  -0.0000950690   0.0002924599  -0.0000210900  -0.0000240121
       -0.0000336113  -0.0001377999   0.0000702126   0.0018157248  -0.0003050077
       -0.0005202353   0.0000472629  -0.0003552415  -0.0001888861  -0.0000814572
       -0.0000853897  -0.0000435291   0.0000094143
       -0.1143514154  -0.1235031625  -0.0670704445   0.0028626445   0.0002647143
        0.0006738346  -0.2035733107   0.1776781229   0.0539796054  -0.0153757929
       -0.0063780024  -0.0072777888   0.0018268291  -0.0020974391  -0.0001873955
       -0.0187321529  -0.0008690328   0.0100360851  -0.0723920380  -0.0080609745
       -0.0113073628  -0.0029897290  -0.0011968649  -0.0010146936   0.0012433585
        0.0012037477  -0.0002268507   0.0008810672  -0.0008042955   0.0005093543
       -0.0016463076   0.0027759872  -0.0004279827  -0.0001101628  -0.0003574175
        0.0003241931   0.4210046042  -0.0446390721   0.0215594480  -0.0029007984
       -0.0009194353  -0.0004264982   0.0000558648   0.0001339864   0.0004528338
        0.0007587841   0.0005391624  -0.0006279271  -0.0071222264   0.0036696228
       -0.0020562204  -0.0004863043  -0.0001731376   0.0000179840  -0.0003117554
        0.0001852332  -0.0001999772   0.0003312162   0.0003810696  -0.0000014343
       -0.0028349604  -0.0008055192   0.0000038522   0.0157950985   0.0028776627
        0.0050547293  -0.0001408130   0.0002317868   0.0002809573  -0.0001897361
        0.0000404261   0.0002793734  -0.0002417660   0.0000135515  -0.0000798441
       -0.0013601980  -0.0001907202  -0.0022678307
       -0.1293395666  -0.4184784776  -0.1911079445   0.0003035788   0.0000263089
        0.0000430413   0.1842671070  -0.3292169982  -0.0844349595  -0.0076636663
       -0.0121632661  -0.0067492844   0.0002350688  -0.0003845229  -0.0001492251
       -0.0044642713  -0.0000827603  -0.0000843490   0.0036246136  -0.0561894399
        0.0063803563  -0.0002769466   0.0003732106  -0.0001058420   0.0000062125
        0.0000646962  -0.0002323000   0.0003223755  -0.0002300118  -0.0002829498
       -0.0002200780   0.0003417735  -0.0000274220  -0.0002202927  -0.0001313431
       -0.0000253671  -0.0446390721   0.8337970861   0.2855160623  -0.0002763672
       -0.0002364884   0.0000343393   0.0019974416  -0.0006605397  -0.0013004982
       -0.0007552264   0.0001763146   0.0009281871   0.0200309411   0.0011320618
        0.0075912610   0.0002508695  -0.0000151258   0.0001616681  -0.0002326301
       -0.0000632834   0.0001358622  -0.0000080749   0.0000634479   0.0000122115
       -0.0017751857  -0.0037000575  -0.0019241335  -0.0199140515  -0.0124237999
       -0.0124398983   0.0000170409   0.0000587015   0.0001498522  -0.0000578434
        0.0000154883   0.0000213719  -0.0000615931  -0.0000313218   0.0000121372
       -0.0011503835  -0.0020416529  -0.0021221768
       -0.0695373457  -0.1879005279  -0.1640644416   0.0009839094   0.0000968691
        0.0001157521   0.0575993291  -0.0876826099  -0.0924256263  -0.0094702235
       -0.0097381866  -0.0056552075   0.0004615203  -0.0005658669  -0.0001863264
        0.0192572418   0.0013339658   0.0042058294  -0.0014005768   0.0062962938
       -0.0660301175   0.0025570620   0.0003906245  -0.0049429843   0.0004719892
        0.0004040325  -0.0001070120   0.0007421954  -0.0004702487   0.0001586722
       -0.0005562331   0.0007594924   0.0002448856  -0.0000159351  -0.0000450446
        0.0005307820   0.0215594480   0.2855160623   0.3349177430  -0.0010947922
       -0.0001704336  -0.0001502248   0.0013279464  -0.0008877368  -0.0000599921
        0.0011579913   0.0011480892   0.0001841295  -0.0151089770   0.0012810817
       -0.0020996208   0.0000548460  -0.0001321089  -0.0000860947  -0.0000981840
        0.0000759207  -0.0001266797   0.0001330925   0.0001553286   0.0000476189
       -0.0009262639  -0.0013906000  -0.0006396567  -0.0064795688  -0.0065661237
       -0.0024037298  -0.0000298117   0.0000589057   0.0001537866  -0.0000788633
        0.0000086005   0.0000702992  -0.0000324241  -0.0000410440  -0.0000088243
       -0.0014773720  -0.0019347353  -0.0016429601
        0.0008644872   0.0008651439   0.0005175355  -0.2477654333  -0.0165691200
       -0.0528938546   0.0012069243  -0.0007089153   0.0001477593   0.0007392415
       -0.0001544477  -0.0006437317  -0.0043254396   0.0308380843  -0.0034301308
       -0.0010328762   0.0002827765  -0.0006757966   0.0026961975   0.0001590431
        0.0000942982   0.0048353014  -0.0035210764   0.0027369749  -0.0322361617
       -0.0222748550  -0.0032401890  -0.0349061948   0.0221145231  -0.0123555876
       -0.0926998109  -0.1186291926   0.0112726498  -0.1589779752   0.1416392389
       -0.0582594962  -0.0029007984  -0.0002763672  -0.0010947922   0.5877031364
       -0.0148615249   0.1253502426   0.0005854841   0.0004697396   0.0004995871
        0.0006509401  -0.0003138336   0.0004281624  -0.0002214859  -0.0000150302
        0.0000611463  -0.0039242408  -0.0005162892  -0.0027881839  -0.0033114727
       -0.0013878732  -0.0022750265   0.0048974156  -0.0109504561   0.0036487781
       -0.0009464007   0.0002952732   0.0004950597  -0.0003765554   0.0001346601
        0.0000109128  -0.0025876804   0.0017405697  -0.0019048383   0.0010965746
        0.0026449872  -0.0030600911  -0.0188504837  -0.0110412478  -0.0028298433
       -0.0002126929   0.0000361896   0.0001884551
        0.0002694806   0.0002540374   0.0001076040   0.0107700618  -0.0744608725
        0.0124368149   0.0003381286  -0.0000237027   0.0000342943   0.0008132307
        0.0004206885  -0.0004245064   0.0012746227  -0.0577621496   0.0072762785
       -0.0008401063  -0.0004621980   0.0000840051   0.0001230990  -0.0001130712
       -0.0002581686   0.0022528153  -0.0559696407   0.0112202505  -0.0652827493
        0.0143792067  -0.0209219819   0.0702431068   0.0346254592   0.0095517352
       -0.0430414666  -0.2303108839   0.0250970898   0.0632639809  -0.2512616886
        0.0576281805  -0.0009194353  -0.0002364884  -0.0001704336  -0.0148615249
        0.6488837051  -0.1075122475  -0.0002747253   0.0003465872   0.0000956619
        0.0001415746  -0.0000545464  -0.0000244616  -0.0001202451   0.0000461949
       -0.0000838910   0.0004286399   0.0012926554   0.0013982983  -0.0018968973
        0.0012569916   0.0009882513   0.0128052170  -0.0267818121   0.0084538727
       -0.0010241882   0.0001193243   0.0008080550  -0.0002542308   0.0000630935
        0.0000290383   0.0035699258  -0.0018835484   0.0025697523  -0.0036532426
       -0.0001501690   0.0005811129  -0.0340505384  -0.0022709971  -0.0090563934
       -0.0000745336   0.0000538246   0.0000917885
        0.0001213665   0.0000875560   0.0000335645  -0.0604764945   0.0044584346
       -0.0488041920   0.0001683134  -0.0001876048  -0.0000009289  -0.0000612988
       -0.0001675383  -0.0001113485  -0.0019979792   0.0181020714   0.0008387073
       -0.0003294816   0.0002233429   0.0001940069   0.0004941157   0.0000487173
        0.0001037825   0.0021369941   0.0098361109  -0.0056031245   0.0051804257
       -0.0093313779   0.0005407855  -0.0235073485  -0.0019954446  -0.0070776163
       -0.0020755381   0.0048140238  -0.0547671706  -0.0404252555   0.0763274777
       -0.0681234798  -0.0004264982   0.0000343393  -0.0001502248   0.1253502426
       -0.1075122475   0.1692166456   0.0002074970   0.0001503172   0.0000683648
        0.0001330442  -0.0001006737   0.0001344383  -0.0000083676  -0.0000425967
        0.0000151940  -0.0030299531   0.0011790286   0.0070188017  -0.0022573732
        0.0008352791   0.0058651848  -0.0015563187   0.0026397084  -0.0000156634
        0.0001192627   0.0001213210  -0.0000572859   0.0000489076   0.0000203284
        0.0000408533  -0.0020415023   0.0020874160   0.0011408478   0.0012994062
        0.0010423072  -0.0006431937   0.0029639372  -0.0026616370   0.0000812359
       -0.0000301036  -0.0000086593   0.0000618156
        0.0004257602  -0.0004278934  -0.0009174467  -0.0003397760   0.0000070730
       -0.0002182144   0.0001093810  -0.0007827347  -0.0001962160  -0.0014531989
        0.0009595331   0.0039394431   0.0000233572   0.0001294563   0.0001348919
       -0.0448030479  -0.0304455270  -0.0211076872   0.0014474030   0.0112339814
        0.0075228189  -0.0102892262  -0.0252358849  -0.0151922014   0.0001784114
       -0.0013616947   0.0003978764  -0.0039133683  -0.0000055410  -0.0020876526
        0.0001800882  -0.0001170001   0.0005133799  -0.0012519654  -0.0005709395
        0.0009457804   0.0000558648   0.0019974416   0.0013279464   0.0005854841
       -0.0002747253   0.0002074970   0.0565798185   0.0340789847   0.0205934741
        0.0022403750   0.0094999049   0.0045367482   0.0004481551   0.0001027414
       -0.0002070138  -0.0000793933   0.0005516924  -0.0005382677  -0.0000225428
        0.0001563861  -0.0002904867  -0.0003537620  -0.0000427323   0.0000233562
       -0.0001172577  -0.0002503800  -0.0000038377   0.0003728531   0.0002633206
        0.0002518231  -0.0000142668  -0.0000019766  -0.0000800762   0.0000822050
       -0.0000305858   0.0000032905   0.0000385108   0.0000230108  -0.0000082147
       -0.0001298619   0.0005440888   0.0004489892
        0.0001188962   0.0003584418   0.0007767367  -0.0003371675  -0.0000656908
       -0.0001504456   0.0002761652  -0.0000503089   0.0000632601  -0.0000969666
        0.0010211356  -0.0005120126  -0.0000277431   0.0001600345   0.0000480523
       -0.0279080545  -0.2138440962  -0.1012278157   0.0010194472  -0.0013453780
       -0.0023143835  -0.0060981768  -0.0052353098  -0.0030334339   0.0016452848
        0.0005779503   0.0006930067  -0.0013280431   0.0000813951  -0.0008257239
       -0.0001907937  -0.0004921551   0.0003271978  -0.0001118469  -0.0000815951
        0.0003694812   0.0001339864  -0.0006605397  -0.0008877368   0.0004697396
        0.0003465872   0.0001503172   0.0340789847   0.2450408592   0.1176239769
       -0.0017231635  -0.0269480872  -0.0112098387  -0.0000299370   0.0005382227
        0.0003184803   0.0001780504   0.0001445772  -0.0001792981   0.0001354052
        0.0002133875  -0.0001394624  -0.0001105528  -0.0000381951  -0.0000061347
        0.0001474579   0.0002472646   0.0000996635  -0.0004493339   0.0000915245
        0.0000271459   0.0000183408   0.0000055108  -0.0000451190   0.0000589655
       -0.0000071884  -0.0000045625   0.0000486743   0.0000159709  -0.0000390758
        0.0000823811  -0.0000743176   0.0000777243
       -0.0006574829   0.0006663759   0.0000851713  -0.0003244253  -0.0000249222
       -0.0001207010  -0.0001431356   0.0003163364  -0.0000994890   0.0030688012
       -0.0017368700  -0.0065263195  -0.0000293421   0.0001433531   0.0000019925
       -0.0209694110  -0.1001956135  -0.1022871286  -0.0002447198  -0.0213912348
       -0.0159600422  -0.0024979108  -0.0062271790  -0.0022404549   0.0002263902
       -0.0004350555   0.0004899921  -0.0007608989   0.0000649277  -0.0004167821
        0.0001498921  -0.0001435069   0.0001580356   0.0000259631  -0.0001577366
        0.0002909346   0.0004528338  -0.0013004982  -0.0000599921   0.0004995871
        0.0000956619   0.0000683648   0.0205934741   0.1176239769   0.1196968792
        0.0014348855   0.0136464615   0.0082638965  -0.0004142925  -0.0004396987
       -0.0001052872  -0.0004072381   0.0005180094  -0.0002727639  -0.0000266014
       -0.0000046319  -0.0000295809  -0.0000757487  -0.0000162550  -0.0000034129
        0.0000857765   0.0004272434  -0.0002257894  -0.0003199108  -0.0004400183
       -0.0003670942  -0.0000432098  -0.0000024083  -0.0000384788   0.0000618396
        0.0000047946   0.0000267455   0.0000728127   0.0000301761   0.0000074703
        0.0002420720  -0.0010216879  -0.0003361656
        0.0001360310   0.0002310896  -0.0003743976  -0.0003371485  -0.0001175796
       -0.0001062448   0.0003086318   0.0000661466  -0.0006623331   0.0000949587
       -0.0001109859  -0.0004809975  -0.0006042883   0.0000719245  -0.0000289971
       -0.0689028638   0.0602706263  -0.0445400211   0.0038757948  -0.0119529180
        0.0100788468  -0.0151821753   0.0223915253  -0.0161891393  -0.0055107557
       -0.0013463239  -0.0019523529   0.0005419949   0.0019263720  -0.0000511385
       -0.0006675015   0.0010054304   0.0001405507   0.0001806045   0.0002437895
        0.0001486028   0.0007587841  -0.0007552264   0.0011579913   0.0006509401
        0.0001415746   0.0001330442   0.0022403750  -0.0017231635   0.0014348855
        0.0832546285  -0.0684884173   0.0485674824  -0.0010688998  -0.0002047852
        0.0031960028   0.0000452706  -0.0003803669  -0.0000691876  -0.0002914928
       -0.0011762076  -0.0000450726   0.0000848039  -0.0000177561   0.0000486430
        0.0002610040  -0.0000360299  -0.0006956181   0.0002024084   0.0000149227
        0.0003212276   0.0000252192  -0.0000896684  -0.0000091468  -0.0000468219
        0.0000875265  -0.0000400253  -0.0000133010  -0.0000056985  -0.0000066545
       -0.0000362011  -0.0000458014   0.0000240497
       -0.0003526663  -0.0004348655  -0.0007931915   0.0002669321   0.0000470360
        0.0001137032  -0.0005754203   0.0002145875  -0.0000655549  -0.0001901234
        0.0007843898  -0.0009637617   0.0002378983  -0.0001963848  -0.0000293666
        0.0599565387  -0.1792869730   0.0952420525  -0.0007491479  -0.0034928845
        0.0045890121   0.0026553390   0.0001794606   0.0000317149   0.0001999533
        0.0003209964   0.0003259026  -0.0018612129   0.0010336750  -0.0008613875
       -0.0002825426   0.0002543278   0.0000007248  -0.0000250789  -0.0001673352
       -0.0000964766   0.0005391624   0.0001763146   0.0011480892  -0.0003138336
       -0.0000545464  -0.0001006737   0.0094999049  -0.0269480872   0.0136464615
       -0.0684884173   0.2063197178  -0.1127411923  -0.0004295045   0.0006506304
        0.0009261362  -0.0001518439   0.0002006057  -0.0000956082  -0.0002807037
       -0.0000452014   0.0000401870  -0.0000068593   0.0000345182   0.0000072841
        0.0000368821   0.0002642347  -0.0001096013   0.0004262644   0.0001087428
        0.0001137273  -0.0000409523   0.0000512181   0.0000038837  -0.0000413806
       -0.0000158337   0.0000132120  -0.0000367882   0.0000158431  -0.0000062906
        0.0000076003  -0.0000141865  -0.0003389861
        0.0000424368   0.0001618411   0.0000122445  -0.0002452503  -0.0000566466
       -0.0000801030  -0.0001555221  -0.0006443946  -0.0001755286  -0.0006027872
        0.0007893818   0.0014265539  -0.0002030935   0.0000642648  -0.0000484287
       -0.0455843251   0.0941447535  -0.1113677048  -0.0036143423   0.0217340259
       -0.0204078886  -0.0045519064   0.0064795023  -0.0033938206  -0.0017368739
       -0.0002605378   0.0001888446   0.0009331316   0.0002597091   0.0001362894
        0.0001449000   0.0003249103   0.0001883962   0.0000354920   0.0001164858
        0.0000872672  -0.0006279271   0.0009281871   0.0001841295   0.0004281624
       -0.0000244616   0.0001344383   0.0045367482  -0.0112098387   0.0082638965
        0.0485674824  -0.1127411923   0.1306481384   0.0028353187   0.0008714153
       -0.0050467586   0.0000334364  -0.0000039176  -0.0000817818  -0.0002127837
       -0.0004991396   0.0000588316   0.0000378471  -0.0000129023  -0.0000012820
       -0.0006069177  -0.0005945348  -0.0006810022   0.0004504642   0.0001793742
       -0.0003260239  -0.0000010089  -0.0000377293  -0.0000083283   0.0000178456
        0.0000320267  -0.0000352494   0.0000399322   0.0000069887   0.0000003074
        0.0000395404  -0.0000075716   0.0003245630
        0.0005619247  -0.0018966641   0.0019807847   0.0002922430   0.0000692608
        0.0000593816  -0.0069869660   0.0012291384   0.0024515298   0.0013378315
       -0.0040602145   0.0011224383   0.0002489806  -0.0002260280  -0.0000505743
        0.0043234158  -0.0109336231   0.0098024698  -0.0563929588   0.0601814294
       -0.0435804998   0.0011590877  -0.0007738077   0.0002804759   0.0000384572
       -0.0003569866  -0.0001678064  -0.0000480823  -0.0000582921  -0.0000168144
       -0.0002636898   0.0003432856  -0.0000623614  -0.0000593607   0.0000064744
       -0.0000149703  -0.0071222264   0.0200309411  -0.0151089770  -0.0002214859
       -0.0001202451  -0.0000083676   0.0004481551  -0.0000299370  -0.0004142925
       -0.0010688998  -0.0004295045   0.0028353187   0.0644066947  -0.0636688416
        0.0411339265  -0.0001625541   0.0005155302   0.0002250558   0.0000073650
        0.0000788060  -0.0000187481   0.0000492086   0.0000421530  -0.0000124923
       -0.0000301001  -0.0010666728  -0.0005087866  -0.0012852498   0.0008863668
       -0.0001371897  -0.0000650017   0.0000940088   0.0000312184  -0.0000254428
        0.0000072091   0.0000559984  -0.0000095293   0.0000063323  -0.0000117058
        0.0008681837   0.0001298811   0.0001349885
       -0.0004027165  -0.0000508762  -0.0000719884   0.0000617847  -0.0000340117
        0.0000040924  -0.0004383990   0.0002738885  -0.0001365254   0.0069967533
       -0.0293210332   0.0065702955   0.0001557270  -0.0001436439  -0.0000255156
        0.0001721818  -0.0022968737   0.0045181665   0.0528390918  -0.1903544009
        0.1025387629  -0.0002284803  -0.0002448880   0.0000760135   0.0001395804
        0.0003931544  -0.0002279033  -0.0000032958  -0.0002106673   0.0000679330
       -0.0002117691   0.0000444950   0.0000053035   0.0000639482  -0.0000010730
        0.0000116058   0.0036696228   0.0011320618   0.0012810817  -0.0000150302
        0.0000461949  -0.0000425967   0.0001027414   0.0005382227  -0.0004396987
       -0.0002047852   0.0006506304   0.0008714153  -0.0636688416   0.2258906733
       -0.1138089185   0.0001389662   0.0000642532  -0.0001427400   0.0000391350
        0.0000260879  -0.0000395080   0.0000397828   0.0000075020   0.0000102351
        0.0012473401  -0.0029433488  -0.0011201057  -0.0006488590  -0.0035935393
       -0.0012453151   0.0000289639   0.0000355856   0.0000334505   0.0000055872
       -0.0000021337   0.0000347113  -0.0000097653   0.0000090892   0.0000014755
        0.0001307354   0.0000846505   0.0012762729
        0.0006103724  -0.0017632659   0.0000465138  -0.0001740963  -0.0000585457
       -0.0000576776  -0.0020120323   0.0001204125   0.0001805432   0.0034808187
       -0.0162511677   0.0046902320  -0.0001924962   0.0001160112  -0.0000362373
       -0.0038528153   0.0193961534  -0.0193226615  -0.0401014586   0.1089464322
       -0.1093749289  -0.0007192170   0.0001925658   0.0006552334  -0.0002326998
        0.0002899656   0.0001440481   0.0000676356   0.0002405863   0.0000904549
        0.0002019608  -0.0002563865  -0.0000245946  -0.0002039619  -0.0000639969
       -0.0000078095  -0.0020562204   0.0075912610  -0.0020996208   0.0000611463
       -0.0000838910   0.0000151940  -0.0002070138   0.0003184803  -0.0001052872
        0.0031960028   0.0009261362  -0.0050467586   0.0411339265  -0.1138089185
        0.1297634656   0.0004083792  -0.0005213376   0.0000225507  -0.0000583561
       -0.0001888679   0.0000102346  -0.0000392843  -0.0000285137   0.0000019677
        0.0003643672  -0.0014829407  -0.0003069391  -0.0000552703  -0.0017679201
       -0.0006141810   0.0000474160  -0.0000412800   0.0000216525  -0.0000194451
       -0.0000056570  -0.0000314941   0.0000285332  -0.0000060274   0.0000133790
        0.0003238087  -0.0018092878   0.0013727210
        0.0001799421  -0.0001367198   0.0000009901  -0.0012763694  -0.0016253053
        0.0001099766   0.0003102885  -0.0003112845  -0.0000858510   0.0000307123
       -0.0002000770  -0.0000822661   0.0013190713  -0.0007914414   0.0012387241
        0.0003920412   0.0012757917   0.0006955632  -0.0000913552   0.0005446745
       -0.0000214936   0.0062921525   0.0122532260  -0.0006215340  -0.0887985503
       -0.0974655395   0.0029122814  -0.0007213637   0.0025558223  -0.0024488988
       -0.0146133338  -0.0283297198   0.0014760294  -0.0003191316   0.0004922669
       -0.0001197465  -0.0004863043   0.0002508695   0.0000548460  -0.0039242408
        0.0004286399  -0.0030299531  -0.0000793933   0.0001780504  -0.0004072381
        0.0000452706  -0.0001518439   0.0000334364  -0.0001625541   0.0001389662
        0.0004083792   0.1021469990   0.1094241799   0.0002286469   0.0002575501
        0.0007585152  -0.0001937964  -0.0001601488   0.0000612859   0.0002894739
       -0.0000079812  -0.0000128817  -0.0000076012  -0.0000548810   0.0000080001
       -0.0000124138  -0.0005318255   0.0007472990  -0.0006891190   0.0006221472
        0.0001236046   0.0002119257  -0.0003795295  -0.0002140386   0.0000164178
        0.0000107879  -0.0000023405   0.0000432209
       -0.0000393237   0.0001350993   0.0000882562  -0.0007179827  -0.0005831102
       -0.0001612077   0.0000611916  -0.0001103390   0.0000031944   0.0000883512
        0.0002022716  -0.0000612851   0.0012281329   0.0014479031  -0.0004146210
       -0.0011014807   0.0010241223  -0.0009009700   0.0001372962  -0.0001298575
        0.0000011516  -0.0097234774  -0.0259962100   0.0022385436  -0.0976335107
       -0.2514282385   0.0159130687   0.0030556260  -0.0029485471   0.0027428683
       -0.0046912755  -0.0072569167   0.0002180704   0.0004258569   0.0007685442
       -0.0001009476  -0.0001731376  -0.0000151258  -0.0001321089  -0.0005162892
        0.0012926554   0.0011790286   0.0005516924   0.0001445772   0.0005180094
       -0.0003803669   0.0002006057  -0.0000039176   0.0005155302   0.0000642532
       -0.0005213376   0.1094241799   0.2845359260  -0.0206982547  -0.0004350433
       -0.0015674708   0.0003061000  -0.0000067158  -0.0000983297  -0.0002287321
       -0.0001340758   0.0000364443   0.0001169898  -0.0001357746   0.0000228606
       -0.0000105233  -0.0002648237   0.0002321203  -0.0002649081   0.0003741012
        0.0000290495   0.0002708500   0.0000967592   0.0000340932  -0.0000823057
       -0.0000054401  -0.0000363807  -0.0000150114
        0.0000086383  -0.0000611252  -0.0000813332  -0.0000830736  -0.0003603172
       -0.0003592876  -0.0000069726  -0.0000822535  -0.0000311043  -0.0000872473
        0.0000086670  -0.0000666740   0.0006998205  -0.0012758297  -0.0012582118
        0.0012337880  -0.0000753579  -0.0019515394   0.0006152556   0.0000313322
        0.0001273963   0.0029133715   0.0087356726  -0.0008854986   0.0025703931
        0.0149994243  -0.0334984885  -0.0024147559   0.0026581704   0.0055520190
       -0.0029353328  -0.0055143694   0.0011313309  -0.0001511275  -0.0000663844
       -0.0002576183   0.0000179840   0.0001616681  -0.0000860947  -0.0027881839
        0.0013982983   0.0070188017  -0.0005382677  -0.0001792981  -0.0002727639
       -0.0000691876  -0.0000956082  -0.0000817818   0.0002250558  -0.0001427400
        0.0000225507   0.0002286469  -0.0206982547   0.0268700059   0.0000488369
        0.0005693567   0.0003683176   0.0003126187  -0.0002233819  -0.0012452465
        0.0000219459  -0.0000445558   0.0000237419   0.0000882566   0.0000065224
        0.0000402494   0.0001449259   0.0003615319  -0.0007293844  -0.0000679608
        0.0000932213  -0.0000276910  -0.0000196365  -0.0001556658  -0.0003136621
        0.0000322083  -0.0000487234  -0.0000080334
        0.0001214649   0.0002285562   0.0000619771  -0.0026078863   0.0011827582
       -0.0009777107   0.0001189390   0.0001015814  -0.0000518903  -0.0001545755
       -0.0000059747   0.0001661670  -0.0002656394   0.0003415800   0.0002685229
        0.0007816044  -0.0014867249   0.0013123614   0.0000209526  -0.0001520842
       -0.0000167804   0.0050208310  -0.0068757362   0.0030723677   0.0000697350
       -0.0025440517  -0.0013499111  -0.1105605212   0.1027515364  -0.0456763087
        0.0000593195  -0.0008982588   0.0000417978  -0.0187475392   0.0237323591
       -0.0097516709  -0.0003117554  -0.0002326301  -0.0000981840  -0.0033114727
       -0.0018968973  -0.0022573732  -0.0000225428   0.0001354052  -0.0000266014
       -0.0002914928  -0.0002807037  -0.0002127837   0.0000073650   0.0000391350
       -0.0000583561   0.0002575501  -0.0004350433   0.0000488369   0.1291553422
       -0.1144713879   0.0542083412   0.0003855989   0.0007848238   0.0006060304
        0.0001761128  -0.0000464699   0.0004858400  -0.0002024816  -0.0000616048
        0.0001127302   0.0000017876  -0.0000476704  -0.0000152453   0.0001143912
       -0.0000214253   0.0000537253   0.0001706058   0.0001298155   0.0000442337
        0.0000143069   0.0000291125   0.0000098840
       -0.0000341328  -0.0000838334  -0.0000638792   0.0004229156  -0.0000115060
        0.0002281417  -0.0000098833   0.0000930020  -0.0000093091   0.0000845497
        0.0000984879  -0.0002086630   0.0003516913  -0.0003379551  -0.0002202846
        0.0017022093   0.0008456437  -0.0001317416  -0.0001033733  -0.0000816646
        0.0000103340   0.0142540357  -0.0250332775   0.0091299748  -0.0030527031
       -0.0044774675   0.0014263612   0.1039707664  -0.2023247477   0.0677862746
       -0.0010375982   0.0007931610  -0.0002817058   0.0003648520   0.0006358712
       -0.0002536494   0.0001852332  -0.0000632834   0.0000759207  -0.0013878732
        0.0012569916   0.0008352791   0.0001563861   0.0002133875  -0.0000046319
       -0.0011762076  -0.0000452014  -0.0004991396   0.0000788060   0.0000260879
       -0.0001888679   0.0007585152  -0.0015674708   0.0005693567  -0.1144713879
        0.2285913490  -0.0781558622  -0.0005227482   0.0009171035  -0.0008665542
       -0.0003659754   0.0002430812   0.0009029819  -0.0000097678   0.0000645010
        0.0000342285  -0.0000319295   0.0001263516  -0.0000463325  -0.0000724068
        0.0000409057   0.0000207680  -0.0001006641   0.0000417435  -0.0000492566
        0.0000466906   0.0000387391  -0.0000397438
        0.0000322652   0.0000260044   0.0000182887  -0.0009070911   0.0002878758
        0.0001233837   0.0000428793  -0.0002229477  -0.0000719964  -0.0002288147
       -0.0002786139  -0.0000135750   0.0000422532  -0.0000113529  -0.0007976408
        0.0006854994  -0.0012313366  -0.0017755069   0.0006555646   0.0004428735
        0.0001489799  -0.0018359482   0.0020399157  -0.0017206525  -0.0012733250
        0.0015688327   0.0060216953  -0.0471471826   0.0693466167  -0.0580907624
        0.0002349439  -0.0005328967   0.0005294888  -0.0036945027   0.0053903390
       -0.0028076071  -0.0001999772   0.0001358622  -0.0001266797  -0.0022750265
        0.0009882513   0.0058651848  -0.0002904867  -0.0001394624  -0.0000295809
       -0.0000450726   0.0000401870   0.0000588316  -0.0000187481  -0.0000395080
        0.0000102346  -0.0001937964   0.0003061000   0.0003683176   0.0542083412
       -0.0781558622   0.0558990938   0.0008565557  -0.0004661499  -0.0021671663
        0.0009586055   0.0003498642  -0.0009898846   0.0001908727   0.0000620350
        0.0000124867   0.0000831587   0.0000336852  -0.0002439407   0.0000220418
        0.0000255091  -0.0001722071   0.0000864065   0.0000121820  -0.0000487488
        0.0000105840   0.0000219964  -0.0000000364
       -0.0000793573  -0.0000455318  -0.0000150399   0.0027838796   0.0013800412
        0.0009982429  -0.0001129526   0.0000848860  -0.0000063637  -0.0000088773
        0.0001105938   0.0001012381   0.0003709381   0.0005033958  -0.0000783384
       -0.0006492631  -0.0014798414   0.0000554349  -0.0002951333  -0.0000753072
       -0.0000894965  -0.0051123602  -0.0003956753  -0.0029194593  -0.0001562708
        0.0005749361  -0.0000979479  -0.0139547866  -0.0269539204   0.0018490636
       -0.0010186519   0.0021000496  -0.0026867695  -0.0868036916  -0.0951160748
        0.0049413006   0.0003312162  -0.0000080749   0.0001330925   0.0048974156
        0.0128052170  -0.0015563187  -0.0003537620  -0.0001105528  -0.0000757487
        0.0000848039  -0.0000068593   0.0000378471   0.0000492086   0.0000397828
       -0.0000392843  -0.0001601488  -0.0000067158   0.0003126187   0.0003855989
       -0.0005227482   0.0008565557   0.1008626494   0.1078055574  -0.0017902803
       -0.0000031296  -0.0001855479  -0.0000921288   0.0000006404  -0.0000517609
       -0.0000260040  -0.0000649587   0.0002802598   0.0000616537   0.0000960075
        0.0000667921   0.0000279484  -0.0011016302  -0.0007609906   0.0001156925
        0.0000126157  -0.0000319103  -0.0000175088
       -0.0001098555  -0.0001197196  -0.0000709055  -0.0011666751   0.0016716861
       -0.0010378514  -0.0001398278   0.0000383563  -0.0000197014  -0.0000697910
        0.0000678620   0.0000733817  -0.0003883628  -0.0019282213   0.0001086098
       -0.0000066875  -0.0003542781   0.0001042500  -0.0002773934  -0.0000274793
       -0.0000625688  -0.0013021644   0.0016212712   0.0007279533   0.0007478016
        0.0006432457   0.0000435315  -0.0037730348  -0.0055273052   0.0000780904
        0.0028248298  -0.0016616071   0.0026484036  -0.0956445379  -0.2523883075
        0.0200419199   0.0003810696   0.0000634479   0.0001553286  -0.0109504561
       -0.0267818121   0.0026397084  -0.0000427323  -0.0000381951  -0.0000162550
       -0.0000177561   0.0000345182  -0.0000129023   0.0000421530   0.0000075020
       -0.0000285137   0.0000612859  -0.0000983297  -0.0002233819   0.0007848238
        0.0009171035  -0.0004661499   0.1078055574   0.2841552402  -0.0248140931
        0.0000407213  -0.0000571120  -0.0000521955   0.0000748047  -0.0000157323
       -0.0000056391   0.0002592012  -0.0002705728   0.0000080203  -0.0002905374
        0.0000085832   0.0000659809   0.0011283490   0.0000492898   0.0001526376
        0.0000292147  -0.0000094339  -0.0000376583
       -0.0000081742  -0.0000136971  -0.0000266758   0.0011958733  -0.0004275216
       -0.0015865970  -0.0000152763  -0.0000020836  -0.0000351284   0.0000016394
        0.0000290478  -0.0000358429   0.0003165041   0.0003672748  -0.0002754416
       -0.0001365418  -0.0002964018   0.0002098994  -0.0001239018   0.0000256438
        0.0000265667  -0.0029224023   0.0009955093   0.0059240470  -0.0000821433
       -0.0000190383  -0.0001588091  -0.0027153503  -0.0058239860   0.0002547685
       -0.0029669043   0.0023741520   0.0067305789   0.0048382165   0.0203806614
       -0.0341996851  -0.0000014343   0.0000122115   0.0000476189   0.0036487781
        0.0084538727  -0.0000156634   0.0000233562  -0.0000061347  -0.0000034129
        0.0000486430   0.0000072841  -0.0000012820  -0.0000124923   0.0000102351
        0.0000019677   0.0002894739  -0.0002287321  -0.0012452465   0.0006060304
       -0.0008665542  -0.0021671663  -0.0017902803  -0.0248140931   0.0272748088
       -0.0000238802  -0.0000555653   0.0000735777   0.0000235693  -0.0000050076
        0.0000024529   0.0000406320   0.0000815310  -0.0003439885   0.0000128889
        0.0000507356   0.0001124646  -0.0002648220  -0.0002420747  -0.0005898448
        0.0000179981   0.0000127309   0.0000260332
        0.0004256719   0.0005141044   0.0001298528   0.0008875560   0.0000581207
        0.0002630499  -0.0003775357   0.0000659486  -0.0011679401  -0.1760645443
       -0.1324257931   0.0861217868   0.0006277368  -0.0009068813  -0.0000671031
       -0.0006012041   0.0007561172   0.0013234085   0.0009729876  -0.0031089750
       -0.0031099515   0.0018850620   0.0015739802   0.0002894983  -0.0002764143
        0.0005151181  -0.0000468560   0.0018288719  -0.0014182678  -0.0018796208
       -0.0001719466   0.0014316064  -0.0002035493  -0.0015304342  -0.0002171491
       -0.0006605143  -0.0028349604  -0.0017751857  -0.0009262639  -0.0009464007
       -0.0010241882   0.0001192627  -0.0001172577   0.0001474579   0.0000857765
        0.0002610040   0.0000368821  -0.0006069177  -0.0000301001   0.0012473401
        0.0003643672  -0.0000079812  -0.0001340758   0.0000219459   0.0001761128
       -0.0003659754   0.0009586055  -0.0000031296   0.0000407213  -0.0000238802
        0.1902640278   0.1456406839  -0.0911584457  -0.0190675478  -0.0134545689
        0.0091453902  -0.0000095461   0.0000630784   0.0001296573  -0.0001111514
        0.0000181381   0.0000782942  -0.0001172728   0.0000100779  -0.0000209025
        0.0049383961   0.0027116848   0.0008410492
       -0.0009417129   0.0001217428  -0.0004675018  -0.0004072808  -0.0000103930
       -0.0000909247   0.0029494100   0.0011918545   0.0014876036  -0.1293053251
       -0.1552341483   0.0765752500  -0.0002821406   0.0002588027   0.0000434970
       -0.0008430360   0.0013035054   0.0014029056  -0.0139376139  -0.0187647653
        0.0048884711   0.0014155463  -0.0002659191  -0.0001129308   0.0001224927
       -0.0006131011   0.0003702136   0.0003882020   0.0003317902  -0.0007452685
        0.0001875624  -0.0004027924   0.0000817005   0.0000304445  -0.0000125485
       -0.0000950690  -0.0008055192  -0.0037000575  -0.0013906000   0.0002952732
        0.0001193243   0.0001213210  -0.0002503800   0.0002472646   0.0004272434
       -0.0000360299   0.0002642347  -0.0005945348  -0.0010666728  -0.0029433488
       -0.0014829407  -0.0000128817   0.0000364443  -0.0000445558  -0.0000464699
        0.0002430812   0.0003498642  -0.0001855479  -0.0000571120  -0.0000555653
        0.1456406839   0.1730695958  -0.0819275451   0.0010398838   0.0073710179
       -0.0046677430   0.0000207773  -0.0000423818  -0.0000377814   0.0000049852
        0.0000067724  -0.0000551297   0.0000258377  -0.0000127764   0.0000131198
       -0.0040004881  -0.0025060865   0.0060069008
       -0.0013050088  -0.0010049395  -0.0008596207  -0.0007586223  -0.0000667854
       -0.0002917102  -0.0009740225  -0.0004704927  -0.0006778507   0.0834890587
        0.0770131495  -0.0927443100  -0.0004305751   0.0005922544  -0.0000752896
        0.0001019633  -0.0013063311   0.0007717784  -0.0088170250  -0.0071041514
        0.0060667553  -0.0001648320  -0.0011180571  -0.0001446609   0.0003006732
       -0.0003004289  -0.0001996188  -0.0009790951  -0.0000289098   0.0008269931
       -0.0000578754  -0.0009071532   0.0001621330   0.0005703079   0.0002936372
        0.0002924599   0.0000038522  -0.0019241335  -0.0006396567   0.0004950597
        0.0008080550  -0.0000572859  -0.0000038377   0.0000996635  -0.0002257894
       -0.0006956181  -0.0001096013  -0.0006810022  -0.0005087866  -0.0011201057
       -0.0003069391  -0.0000076012   0.0001169898   0.0000237419   0.0004858400
        0.0009029819  -0.0009898846  -0.0000921288  -0.0000521955   0.0000735777
       -0.0911584457  -0.0819275451   0.1006468202   0.0013998290  -0.0010905975
        0.0029044706   0.0000040284  -0.0000210307  -0.0000355253   0.0000447101
        0.0000202913  -0.0000196979   0.0000587422   0.0000356810   0.0000618494
        0.0189994093   0.0186697549  -0.0138817376
       -0.0015050290   0.0093870656   0.0034258260   0.0003906585  -0.0000312549
        0.0000989184   0.0041654436   0.0190795064   0.0125813212  -0.1849831234
        0.0519079799  -0.0184554502   0.0003716180  -0.0005087531  -0.0001313775
       -0.0010993668  -0.0005630933  -0.0008581948  -0.0034508577   0.0186659106
        0.0095371230  -0.0006018780   0.0003961601   0.0000573899   0.0000752547
        0.0002727003  -0.0000374833   0.0003181489  -0.0003336253  -0.0003771332
       -0.0002542991   0.0005773045  -0.0000332878  -0.0002344751  -0.0001443548
       -0.0000210900   0.0157950985  -0.0199140515  -0.0064795688  -0.0003765554
       -0.0002542308   0.0000489076   0.0003728531  -0.0004493339  -0.0003199108
        0.0002024084   0.0004262644   0.0004504642  -0.0012852498  -0.0006488590
       -0.0000552703  -0.0000548810  -0.0001357746   0.0000882566  -0.0002024816
       -0.0000097678   0.0001908727   0.0000006404   0.0000748047   0.0000235693
       -0.0190675478   0.0010398838   0.0013998290   0.1959902093  -0.0814032224
        0.0066885212  -0.0000208882   0.0000479462   0.0001077111  -0.0000417376
        0.0000376301   0.0000819216  -0.0000271302   0.0000369048  -0.0000187505
       -0.0044768325   0.0024462600  -0.0079931144
        0.0003164336   0.0017667528   0.0002660079  -0.0001586038  -0.0000258147
       -0.0000602778   0.0018424608  -0.0004429198   0.0049758742   0.0664485948
       -0.0631020775   0.0123090468  -0.0001161046   0.0000961326   0.0000089928
        0.0001894598  -0.0017735339  -0.0010789528   0.0166128862  -0.0195066832
       -0.0052747677   0.0001888770   0.0000791705   0.0002012075  -0.0000524020
       -0.0001378532   0.0000587162  -0.0001652738   0.0000045054  -0.0000234056
        0.0000559718  -0.0001568818   0.0000196780  -0.0000234820  -0.0000215373
       -0.0000240121   0.0028776627  -0.0124237999  -0.0065661237   0.0001346601
        0.0000630935   0.0000203284   0.0002633206   0.0000915245  -0.0004400183
        0.0000149227   0.0001087428   0.0001793742   0.0008863668  -0.0035935393
       -0.0017679201   0.0000080001   0.0000228606   0.0000065224  -0.0000616048
        0.0000645010   0.0000620350  -0.0000517609  -0.0000157323  -0.0000050076
       -0.0134545689   0.0073710179  -0.0010905975  -0.0814032224   0.0917907288
       -0.0034824633  -0.0000009897  -0.0000102177  -0.0000034741  -0.0000027097
        0.0000023553  -0.0000100899   0.0000057346  -0.0000050852   0.0000132123
        0.0056453709  -0.0002457101   0.0017061146
       -0.0005070674   0.0027172642   0.0021284951  -0.0000863122  -0.0000168612
       -0.0000155986   0.0052107612   0.0098709767  -0.0041575849  -0.0107531469
        0.0080100855  -0.0467560370  -0.0000193547  -0.0000008844  -0.0000617476
       -0.0000490562  -0.0013451451  -0.0012283191   0.0080836729  -0.0073669327
        0.0029089255  -0.0000081064   0.0000487781  -0.0001346027  -0.0000277999
        0.0000139807  -0.0000687544  -0.0000074704  -0.0000881476  -0.0001186633
       -0.0000454355  -0.0000025814   0.0000379718  -0.0001142191  -0.0000270537
       -0.0000336113   0.0050547293  -0.0124398983  -0.0024037298   0.0000109128
        0.0000290383   0.0000408533   0.0002518231   0.0000271459  -0.0003670942
        0.0003212276   0.0001137273  -0.0003260239  -0.0001371897  -0.0012453151
       -0.0006141810  -0.0000124138  -0.0000105233   0.0000402494   0.0001127302
        0.0000342285   0.0000124867  -0.0000260040  -0.0000056391   0.0000024529
        0.0091453902  -0.0046677430   0.0029044706   0.0066885212  -0.0034824633
        0.0524916580  -0.0000008336   0.0000038736   0.0000394881  -0.0000103128
        0.0000137003   0.0000199465   0.0000504604   0.0000146250  -0.0000207997
       -0.0231255062   0.0098017642  -0.0043202501
        0.0000798176  -0.0000047279   0.0000218799   0.0003559324  -0.0002747034
       -0.0000326685   0.0000882462  -0.0000361332  -0.0000018241   0.0000278291
       -0.0000790436   0.0000009747  -0.1304248805  -0.1517420592   0.0451630404
       -0.0000402384  -0.0000010183   0.0000131940   0.0000495581   0.0000416198
        0.0000120938  -0.0000402379  -0.0006343728  -0.0000994607   0.0002169472
        0.0021077350   0.0000414022   0.0001987480   0.0001597187  -0.0000161763
        0.0102388690   0.0128816134  -0.0040178882   0.0004059112   0.0007411716
       -0.0001377999  -0.0001408130   0.0000170409  -0.0000298117  -0.0025876804
        0.0035699258  -0.0020415023  -0.0000142668   0.0000183408  -0.0000432098
        0.0000252192  -0.0000409523  -0.0000010089  -0.0000650017   0.0000289639
        0.0000474160  -0.0005318255  -0.0002648237   0.0001449259   0.0000017876
       -0.0000319295   0.0000831587  -0.0000649587   0.0002592012   0.0000406320
       -0.0000095461   0.0000207773   0.0000040284  -0.0000208882  -0.0000009897
       -0.0000008336   0.1343298230   0.1541699917  -0.0501494390  -0.0121818927
       -0.0207325784   0.0108466176   0.0001236752  -0.0001998322   0.0001343107
       -0.0000201342   0.0000270638   0.0000179485
       -0.0000874364  -0.0000508121  -0.0000374699   0.0018825506   0.0006567672
        0.0002561116  -0.0001306269   0.0000361291  -0.0000182312  -0.0000869183
        0.0000162929   0.0000226686  -0.1454222409  -0.2746173653   0.1038458975
       -0.0000933767   0.0000851524   0.0000037449  -0.0001121225  -0.0000289908
       -0.0000297424   0.0001413334  -0.0007661596  -0.0003231671  -0.0030068272
        0.0018964447  -0.0015232749  -0.0005713464   0.0005582807  -0.0001729891
       -0.0065356228  -0.0306684264   0.0103802252   0.0000387970  -0.0018093369
        0.0000702126   0.0002317868   0.0000587015   0.0000589057   0.0017405697
       -0.0018835484   0.0020874160  -0.0000019766   0.0000055108  -0.0000024083
       -0.0000896684   0.0000512181  -0.0000377293   0.0000940088   0.0000355856
       -0.0000412800   0.0007472990   0.0002321203   0.0003615319  -0.0000476704
        0.0001263516   0.0000336852   0.0002802598  -0.0002705728   0.0000815310
        0.0000630784  -0.0000423818  -0.0000210307   0.0000479462  -0.0000102177
        0.0000038736   0.1541699917   0.3118495023  -0.1171515717  -0.0033606340
       -0.0054400010   0.0021003044   0.0000596106   0.0000077632   0.0000797133
        0.0000492356  -0.0000280077  -0.0000269270
       -0.0000818464  -0.0001453942  -0.0000976055   0.0006324029  -0.0004986992
       -0.0001643867  -0.0001123048  -0.0000204172  -0.0000498903  -0.0001323222
       -0.0000480535  -0.0000057718   0.0499908913   0.1296587980  -0.0530019082
        0.0000806129  -0.0000121124   0.0000454518  -0.0001552931   0.0000342083
        0.0000065546  -0.0000226166   0.0004768210   0.0003037965   0.0000891657
       -0.0001449607  -0.0005264886  -0.0011740276  -0.0002516145  -0.0001385969
        0.0080501648  -0.0016474934  -0.0044906111   0.0011402666  -0.0005450191
        0.0018157248   0.0002809573   0.0001498522   0.0001537866  -0.0019048383
        0.0025697523   0.0011408478  -0.0000800762  -0.0000451190  -0.0000384788
       -0.0000091468   0.0000038837  -0.0000083283   0.0000312184   0.0000334505
        0.0000216525  -0.0006891190  -0.0002649081  -0.0007293844  -0.0000152453
       -0.0000463325  -0.0002439407   0.0000616537   0.0000080203  -0.0003439885
        0.0001296573  -0.0000377814  -0.0000355253   0.0001077111  -0.0000034741
        0.0000394881  -0.0501494390  -0.1171515717   0.0550092014  -0.0059747499
       -0.0119600690   0.0011980512  -0.0001484761  -0.0000889804   0.0001389358
        0.0000547992  -0.0000227861   0.0000014140
        0.0000569573   0.0000672103   0.0000531141  -0.0005948625   0.0004449031
        0.0002975972   0.0000809829  -0.0000157931   0.0000206600   0.0000874518
        0.0000322388  -0.0000355774  -0.3120976632  -0.0787575287  -0.1391294244
       -0.0001586782   0.0002680734  -0.0000962152   0.0001184565  -0.0000273060
        0.0000246143  -0.0011967853   0.0000052004  -0.0001142799   0.0003595806
        0.0028473233  -0.0015435359   0.0009889753  -0.0001610856   0.0001862143
       -0.0251414297   0.0061504413  -0.0113160139  -0.0017731021   0.0006407400
       -0.0003050077  -0.0001897361  -0.0000578434  -0.0000788633   0.0010965746
       -0.0036532426   0.0012994062   0.0000822050   0.0000589655   0.0000618396
       -0.0000468219  -0.0000413806   0.0000178456  -0.0000254428   0.0000055872
       -0.0000194451   0.0006221472   0.0003741012  -0.0000679608   0.0001143912
       -0.0000724068   0.0000220418   0.0000960075  -0.0002905374   0.0000128889
       -0.0001111514   0.0000049852   0.0000447101  -0.0000417376  -0.0000027097
       -0.0000103128  -0.0121818927  -0.0033606340  -0.0059747499   0.3496806117
        0.0758355322   0.1567568637   0.0002121802  -0.0003000777  -0.0001046987
       -0.0000372181   0.0000052438  -0.0000017108
       -0.0000359122  -0.0000227204  -0.0000072735  -0.0011754593  -0.0002852406
       -0.0004972300  -0.0000621547   0.0000051806   0.0000054195  -0.0000401654
       -0.0000072812  -0.0000286931  -0.0830197349  -0.0643423019  -0.0246963639
        0.0001881954  -0.0002775524   0.0000676240   0.0000142893  -0.0000192505
        0.0000085978   0.0011248401   0.0004373716   0.0002299612   0.0033484056
       -0.0040309836   0.0020581971   0.0001060085   0.0000797378  -0.0000446936
        0.0220594603   0.0062620044   0.0095594256  -0.0004920587   0.0003667397
       -0.0005202353   0.0000404261   0.0000154883   0.0000086005   0.0026449872
       -0.0001501690   0.0010423072  -0.0000305858  -0.0000071884   0.0000047946
        0.0000875265  -0.0000158337   0.0000320267   0.0000072091  -0.0000021337
       -0.0000056570   0.0001236046   0.0000290495   0.0000932213  -0.0000214253
        0.0000409057   0.0000255091   0.0000667921   0.0000085832   0.0000507356
        0.0000181381   0.0000067724   0.0000202913   0.0000376301   0.0000023553
        0.0000137003  -0.0207325784  -0.0054400010  -0.0119600690   0.0758355322
        0.0669003083   0.0248829402  -0.0001161306   0.0004450506  -0.0003307452
        0.0000231602   0.0000011092  -0.0000123914
       -0.0000994083  -0.0000402439  -0.0000363133   0.0030213562   0.0003147651
       -0.0004430187  -0.0001448908   0.0000606090  -0.0000142540  -0.0000939627
        0.0000216674   0.0000116871  -0.1642591704  -0.0226256284  -0.0812561272
       -0.0000027206   0.0000408025  -0.0000920103  -0.0000732020  -0.0000341912
       -0.0000415934  -0.0001410997  -0.0004673735   0.0017866254  -0.0018985602
        0.0012032155   0.0005962228  -0.0002909637   0.0003727527  -0.0001528406
       -0.0017748883  -0.0057617937  -0.0055511344   0.0005060712  -0.0005566209
        0.0000472629   0.0002793734   0.0000213719   0.0000702992  -0.0030600911
        0.0005811129  -0.0006431937   0.0000032905  -0.0000045625   0.0000267455
       -0.0000400253   0.0000132120  -0.0000352494   0.0000559984   0.0000347113
       -0.0000314941   0.0002119257   0.0002708500  -0.0000276910   0.0000537253
        0.0000207680  -0.0001722071   0.0000279484   0.0000659809   0.0001124646
        0.0000782942  -0.0000551297  -0.0000196979   0.0000819216  -0.0000100899
        0.0000199465   0.0108466176   0.0021003044   0.0011980512   0.1567568637
        0.0248829402   0.0845789697  -0.0000807494  -0.0004312223   0.0000677368
        0.0000363460  -0.0000182078   0.0000008132
        0.0000694512   0.0000434706   0.0001003916  -0.0614881744  -0.0879985653
        0.0051582163   0.0001043769  -0.0000276009   0.0000885954   0.0001253801
        0.0000186759  -0.0000315753  -0.0009449858   0.0019814173  -0.0002761022
       -0.0000097718   0.0001202978   0.0000286274   0.0001944871  -0.0000145460
        0.0000503577   0.0003445822  -0.0008100801   0.0001999000  -0.0015276028
       -0.0012883570  -0.0004449235   0.0002632691   0.0004579831  -0.0001314074
       -0.0035904932  -0.0013998596  -0.0011610695   0.0023483996  -0.0011858601
       -0.0003552415  -0.0002417660  -0.0000615931  -0.0000324241  -0.0188504837
       -0.0340505384   0.0029639372   0.0000385108   0.0000486743   0.0000728127
       -0.0000133010  -0.0000367882   0.0000399322  -0.0000095293  -0.0000097653
        0.0000285332  -0.0003795295   0.0000967592  -0.0000196365   0.0001706058
       -0.0001006641   0.0000864065  -0.0011016302   0.0011283490  -0.0002648220
       -0.0001172728   0.0000258377   0.0000587422  -0.0000271302   0.0000057346
        0.0000504604   0.0001236752   0.0000596106  -0.0001484761   0.0002121802
       -0.0001161306  -0.0000807494   0.0843152670   0.1231236589  -0.0060340279
       -0.0000085146  -0.0000101204   0.0000535426
       -0.0000245534   0.0000458448  -0.0000012130  -0.1116324710  -0.3876285345
        0.0589180853  -0.0000581695   0.0000573924   0.0000162383  -0.0000118505
        0.0000063242  -0.0000242414  -0.0012574129   0.0015865872  -0.0002848998
       -0.0000240489   0.0000286751  -0.0000542993   0.0000987656  -0.0000356319
       -0.0000168698   0.0002947222  -0.0000908273   0.0001351676  -0.0006239514
       -0.0004066040   0.0000610805  -0.0002733847  -0.0001279917   0.0000039625
        0.0007496151  -0.0017550025   0.0007056900   0.0019133774   0.0019599879
       -0.0001888861   0.0000135515  -0.0000313218  -0.0000410440  -0.0110412478
       -0.0022709971  -0.0026616370   0.0000230108   0.0000159709   0.0000301761
       -0.0000056985   0.0000158431   0.0000069887   0.0000063323   0.0000090892
       -0.0000060274  -0.0002140386   0.0000340932  -0.0001556658   0.0001298155
        0.0000417435   0.0000121820  -0.0007609906   0.0000492898  -0.0002420747
        0.0000100779  -0.0000127764   0.0000356810   0.0000369048  -0.0000050852
        0.0000146250  -0.0001998322   0.0000077632  -0.0000889804  -0.0003000777
        0.0004450506  -0.0004312223   0.1231236589   0.3880784121  -0.0557445348
        0.0000278956  -0.0000172949   0.0000017188
        0.0000205200  -0.0000020176  -0.0000159029   0.0114715216   0.0653435874
       -0.0172529000   0.0000426156  -0.0000446810  -0.0000461942   0.0000117055
       -0.0000025999  -0.0000851954   0.0001369931   0.0001624353   0.0000545491
        0.0000979366   0.0000082629  -0.0001256160   0.0000938278   0.0000237994
       -0.0000443342   0.0000065626  -0.0001849238   0.0002329150  -0.0004519833
       -0.0000758191   0.0006114092   0.0000646295   0.0001819078   0.0001458497
       -0.0016794497   0.0004021928   0.0012366851  -0.0009991624  -0.0008173062
       -0.0000814572  -0.0000798441   0.0000121372  -0.0000088243  -0.0028298433
       -0.0090563934   0.0000812359  -0.0000082147  -0.0000390758   0.0000074703
       -0.0000066545  -0.0000062906   0.0000003074  -0.0000117058   0.0000014755
        0.0000133790   0.0000164178  -0.0000823057  -0.0003136621   0.0000442337
       -0.0000492566  -0.0000487488   0.0001156925   0.0001526376  -0.0005898448
       -0.0000209025   0.0000131198   0.0000618494  -0.0000187505   0.0000132123
       -0.0000207997   0.0001343107   0.0000797133   0.0001389358  -0.0001046987
       -0.0003307452   0.0000677368  -0.0060340279  -0.0557445348   0.0159596144
       -0.0000117293   0.0000414684   0.0000215425
       -0.0000360419   0.0000454809   0.0001307422   0.0001372152  -0.0000202490
       -0.0000282834  -0.0017781409  -0.0010194876   0.0003359943  -0.0481195489
        0.0079674850  -0.0634790371   0.0001685260  -0.0002034424  -0.0001461088
       -0.0001321849   0.0010492502   0.0011326098  -0.0000495990  -0.0003651128
        0.0002441526   0.0002517299   0.0000979877   0.0004204996  -0.0000146952
        0.0001793559  -0.0000526077  -0.0001050997  -0.0002212479   0.0003371446
       -0.0002038713   0.0002602077  -0.0000243489  -0.0001311398  -0.0000719850
       -0.0000853897  -0.0013601980  -0.0011503835  -0.0014773720  -0.0002126929
       -0.0000745336  -0.0000301036  -0.0001298619   0.0000823811   0.0002420720
       -0.0000362011   0.0000076003   0.0000395404   0.0008681837   0.0001307354
        0.0003238087   0.0000107879  -0.0000054401   0.0000322083   0.0000143069
        0.0000466906   0.0000105840   0.0000126157   0.0000292147   0.0000179981
        0.0049383961  -0.0040004881   0.0189994093  -0.0044768325   0.0056453709
       -0.0231255062  -0.0000201342   0.0000492356   0.0000547992  -0.0000372181
        0.0000231602   0.0000363460  -0.0000085146   0.0000278956  -0.0000117293
        0.0504502134  -0.0085096819   0.0661025777
       -0.0009732881  -0.0007135493  -0.0002327689  -0.0000604093  -0.0000140982
       -0.0000581135   0.0011061173   0.0004190266   0.0002760387   0.0075036463
       -0.0480305620   0.0552109549  -0.0000771753   0.0000386376   0.0000682672
       -0.0007719116  -0.0030171006  -0.0025589264  -0.0038423952   0.0022554132
       -0.0209115970   0.0000033885   0.0001042042  -0.0000308902   0.0000114413
       -0.0000457133   0.0001133646  -0.0000535618  -0.0000405531   0.0000408676
        0.0000840145  -0.0000485618  -0.0000402560  -0.0000688165  -0.0000095575
       -0.0000435291  -0.0001907202  -0.0020416529  -0.0019347353   0.0000361896
        0.0000538246  -0.0000086593   0.0005440888  -0.0000743176  -0.0010216879
       -0.0000458014  -0.0000141865  -0.0000075716   0.0001298811   0.0000846505
       -0.0018092878  -0.0000023405  -0.0000363807  -0.0000487234   0.0000291125
        0.0000387391   0.0000219964  -0.0000319103  -0.0000094339   0.0000127309
        0.0027116848  -0.0025060865   0.0186697549   0.0024462600  -0.0002457101
        0.0098017642   0.0000270638  -0.0000280077  -0.0000227861   0.0000052438
        0.0000011092  -0.0000182078  -0.0000101204  -0.0000172949   0.0000414684
       -0.0085096819   0.0538971615  -0.0555094676
        0.0004213019   0.0007818063   0.0005888500  -0.0002094190  -0.0000105760
        0.0000007303   0.0022531462   0.0007923142   0.0011948243  -0.0575778492
        0.0507697503  -0.3427100545  -0.0001554467   0.0001727593   0.0000172243
       -0.0005585217  -0.0020213163  -0.0014631198  -0.0016545578  -0.0013667584
       -0.0124236182   0.0000182915  -0.0002337255  -0.0002887731  -0.0000852022
       -0.0000813115   0.0001473092  -0.0001568612   0.0003254370  -0.0002792298
        0.0000973008  -0.0002498386   0.0000820795   0.0000232769   0.0000633017
        0.0000094143  -0.0022678307  -0.0021221768  -0.0016429601   0.0001884551
        0.0000917885   0.0000618156   0.0004489892   0.0000777243  -0.0003361656
        0.0000240497  -0.0003389861   0.0003245630   0.0001349885   0.0012762729
        0.0013727210   0.0000432209  -0.0000150114  -0.0000080334   0.0000098840
       -0.0000397438  -0.0000000364  -0.0000175088  -0.0000376583   0.0000260332
        0.0008410492   0.0060069008  -0.0138817376  -0.0079931144   0.0017061146
       -0.0043202501   0.0000179485  -0.0000269270   0.0000014140  -0.0000017108
       -0.0000123914   0.0000008132   0.0000535426   0.0000017188   0.0000215425
        0.0661025777  -0.0555094676   0.3735046444
