           1           3  0.215373547153712     
           4           7  0.968949042259208     
           6           7  0.978478389406382     
           6           8   1.00540767514974     
           8           9   1.40230753876117     
           8          10   1.41782716109955     
           5          11   1.18578290786557     
           9          11   1.37118683449310     
          10          12   1.39755795588343     
           1          13   1.55514106833648     
           3          13   1.46667165110676     
           7          13  0.878476510167451     
           2          14   1.04810119164531     
          11          14   1.26011431980635     
          12          14   1.42917434245733     
           6          15  0.963482262039453     
           6          16  0.971561890863890     
           7          17  0.959781255700099     
           9          18  0.966585948079898     
          10          19  0.966627142810257     
          12          20  0.965983875124019     
           4          21  0.893026223460511     
           4          22  0.801999409136694     
           5          23  0.941476093399778     
           5          24  0.938360145219887     
           2          25  0.847924243722757     
           4          26  0.896838296375025     
