           1           2   1.40938646769804     
           2           3   1.40717241005701     
           3           4   1.28676885761428     
           4           5   1.41000805632086     
           1           6   1.45771397225859     
           5           6   1.41421133649357     
           5           7  0.967511763927905     
           6           8  0.970373709233012     
           4           9   1.06735224715051     
           9          10  0.839614909474985     
           2          11  0.964876175098706     
           1          12  0.970514004575102     
           3          13   1.04090753124537     
          13          14  0.966412101385497     
          14          15  0.977329212494638     
          14          16  0.977927173971256     
          14          17  0.977329664949054     
