           1           2   1.40048315356315     
           2           3   1.46233309696646     
           3           4   1.35210629649419     
           2           5  0.103807882427402     
           4           5   1.35473465944280     
           1           6   1.40375437849868     
           3           6  0.103414208643005     
           5           6   1.45875608021611     
           6           7  0.969969158050042     
           5           8  0.969012228185642     
           4           9   1.14156411526946     
           9          10  0.944567710551603     
           9          11  0.944528186109969     
           3          12  0.968997893252077     
           2          13  0.970208182013968     
           1          14   1.02325835953176     
          14          15  0.983519731620410     
          14          16  0.969660038266476     
          14          17  0.981480894802999     
