           1           2   1.41785159146006     
           2           3   1.46863314642870     
           3           4   1.33169107458212     
           4           5   1.32154807668752     
           1           6   1.42852639375262     
           3           6  0.102946259658968     
           5           6   1.42861879707817     
           6           7  0.967704097889312     
           4           8   1.18048943850338     
           8           9  0.936514404316239     
           8          10  0.936984290725287     
           3          11  0.965422119735940     
           2          12  0.969183559013712     
           1          13  0.969343385033196     
           5          14  0.918833480317204     
