           1           2   1.41158245253849     
           2           3   1.44639980035089     
           3           4   1.37649464341737     
           2           5  0.108209719443361     
           4           5   1.36894917955829     
           1           6   1.40380851389360     
           3           6  0.106146201058034     
           5           6   1.45674985699923     
           5           7  0.968792892219319     
           6           8  0.969219656077293     
           4           9   1.06011365292458     
           9          10  0.846006012137807     
           3          11  0.965827866292161     
           2          12  0.969140726880518     
           1          13   1.01104076218242     
          13          14  0.973631312466831     
          13          15  0.974243823166928     
          13          16   1.00224657683371     
          16          17  0.986006250754502     
          16          18  0.988413102705352     
          16          19  0.988360823093775     
