$hessian                                                                        
        0.6675617227  -0.0076824174  -0.0015991726  -0.3278594711  -0.0799879864
        0.0007774165  -0.0512487751   0.0687302230   0.0001850948  -0.0361652694
       -0.0367648081   0.0000792385   0.0510927571  -0.0057739590  -0.0004307598
       -0.1178918049  -0.0340423480   0.0001642314  -0.0019516900   0.0037357468
       -0.0000080176  -0.0003599807   0.0022552152   0.0000129134   0.0006490497
        0.0002247635   0.0000048988  -0.0120236768  -0.0042115753   0.0000361158
       -0.1463541128   0.1248490044   0.0005140072  -0.0008232107   0.0019666781
       -0.0000057149  -0.0011767925  -0.0000316720  -0.0001143150  -0.0011817187
       -0.0000365759   0.0001169917   0.0002981394   0.0000920263   0.0000026436
       -0.0169701646  -0.0278525039   0.0002681403  -0.0044242129  -0.0018160870
        0.0002319464  -0.0020371491  -0.0015148009  -0.0000032380   0.0008663602
       -0.0021389233  -0.0002324204
       -0.0076824174   0.6568107240   0.0002065994  -0.0016702814  -0.1001489325
        0.0000955522   0.0112425856   0.0430884847   0.0000224492  -0.0346215768
       -0.0257652753   0.0001261705   0.0490292701  -0.0624877232  -0.0002951405
       -0.1138372448  -0.2942525602   0.0001540207   0.0033146438  -0.0028958621
       -0.0000828599   0.0013570404  -0.0000912379  -0.0000086295   0.0001127491
        0.0002080040   0.0000026386  -0.0286899006  -0.0080953051   0.0000686335
        0.1246200103  -0.1954510877  -0.0003894889   0.0026646431  -0.0026257847
       -0.0000306851   0.0000601860   0.0000065514   0.0002022838   0.0000442473
        0.0000026350  -0.0002069369  -0.0001190604  -0.0002276383   0.0000019332
       -0.0083351293  -0.0090845743  -0.0003692379  -0.0001159717   0.0001167175
       -0.0000463901   0.0006631259  -0.0001702368   0.0006600602   0.0019630807
        0.0010631013  -0.0001109725
       -0.0015991726   0.0002065994   0.1112062959   0.0005361750   0.0003219788
       -0.0454390068   0.0001779063  -0.0004420032   0.0001227785   0.0003296920
        0.0002536514  -0.0045314745  -0.0005043744   0.0000821974   0.0016882133
        0.0003142335  -0.0003183386  -0.0488918712   0.0000309143   0.0000163259
        0.0074861258  -0.0000177504   0.0000058960  -0.0000195237   0.0000051877
        0.0000164170  -0.0000405386   0.0000149313   0.0000052411   0.0006349967
        0.0005275965  -0.0003860236  -0.0319960218   0.0000117407   0.0000049265
        0.0074545857  -0.0015887288   0.0000586868   0.0001782297   0.0015936959
       -0.0000737157   0.0001805286  -0.0000012671  -0.0000016464  -0.0000254596
        0.0001483045  -0.0006094263   0.0021814372   0.0008062527   0.0004118619
        0.0000114570  -0.0006221436   0.0002740386  -0.0001758891  -0.0001631936
        0.0001733330  -0.0000248630
       -0.3278594711  -0.0016702814   0.0005361750   0.6684247779   0.0046592358
       -0.0015256452  -0.1949209979   0.0768456783   0.0002374862   0.0533845219
        0.0538367350  -0.0001530476  -0.0553918864   0.0217794043   0.0003807988
       -0.0150908859  -0.0928283693   0.0002650871  -0.0003756087   0.0003940678
        0.0000265864   0.0000888770  -0.0058368743   0.0000219460  -0.0010409825
       -0.0001257596  -0.0000047526  -0.0709510503  -0.0781874634   0.0000978380
       -0.0221770531  -0.0012181025   0.0000299859  -0.0286412336   0.0202716336
        0.0001219424  -0.0028770727   0.0001365135  -0.0002667965  -0.0028321359
        0.0001431182   0.0002838227   0.0008024756   0.0023825779  -0.0000090798
        0.0005367123  -0.0005874300   0.0003876213  -0.0007184106  -0.0001470344
       -0.0005800143  -0.0006776198   0.0001126023   0.0000784826   0.0003170439
        0.0000397480   0.0000715637
       -0.0799879864  -0.1001489325   0.0003219788   0.0046592358   0.6582239590
        0.0000641194   0.1560725983  -0.2250362906  -0.0003209765  -0.0040276064
       -0.0611864399   0.0000476562   0.0190933798  -0.0048157698  -0.0001044778
       -0.0323928911   0.0056105003  -0.0001191131   0.0005053661   0.0007802531
       -0.0000059275  -0.0025705996  -0.0041087840   0.0000100895   0.0005824161
        0.0001496749   0.0000009277  -0.0783364910  -0.2695583392   0.0000304623
        0.0234436942   0.0020591978  -0.0000865911   0.0013660533   0.0015696309
       -0.0000373378  -0.0017995359   0.0001333986   0.0004900181  -0.0018176925
        0.0001350200  -0.0004876260  -0.0023747075   0.0012116777   0.0000076781
       -0.0015661197  -0.0043660875   0.0001360714  -0.0008992424  -0.0002795668
       -0.0000571796  -0.0002475184  -0.0002175921   0.0001535234   0.0002976471
       -0.0001555098  -0.0000432955
        0.0007774165   0.0000955522  -0.0454390068  -0.0015256452   0.0000641194
        0.1148838534   0.0003135636  -0.0001801539  -0.0448285357  -0.0001450118
       -0.0001409059  -0.0022859574   0.0001489441  -0.0000839936  -0.0030753909
       -0.0001495952   0.0002547280   0.0000527382  -0.0000004914  -0.0000035577
       -0.0001505363   0.0000167443   0.0000250474   0.0069327306   0.0000123385
        0.0000223563  -0.0000288391   0.0000777693   0.0000731819  -0.0337344896
        0.0000258648   0.0000042049  -0.0002571258   0.0000688433  -0.0000313082
        0.0012737010   0.0011431609   0.0001403372  -0.0003516901  -0.0011427229
       -0.0001703201  -0.0003343330  -0.0000018282  -0.0000081404  -0.0001178920
        0.0002571391  -0.0003074419   0.0071044443  -0.0012098814  -0.0004992996
        0.0001583302   0.0015226586   0.0006032179   0.0002134834  -0.0001892668
        0.0001423763  -0.0000154846
       -0.0512487751   0.0112425856   0.0001779063  -0.1949209979   0.1560725983
        0.0003135636   0.6355728890  -0.0237451409  -0.0010551555  -0.1131069721
       -0.1161421465   0.0001706039  -0.0148558511  -0.0294468958   0.0000220420
        0.0030181880   0.0119921111  -0.0000898486  -0.0055528649  -0.0013191682
        0.0000504876  -0.0005046803   0.0323515268  -0.0000205186   0.0006031400
        0.0017940835  -0.0000021092   0.0048030973  -0.0068816798  -0.0000213282
       -0.0051939340  -0.0010350348   0.0000537076  -0.2072726736  -0.0302542983
        0.0003297929  -0.0215366152   0.0008302184   0.0044939698  -0.0216052175
        0.0007787662  -0.0044691228  -0.0087383142  -0.0062683934   0.0000178216
       -0.0004122015  -0.0000702546  -0.0000351927   0.0003267281   0.0001678166
       -0.0001280834   0.0003571661   0.0000578727   0.0002799278   0.0002678890
       -0.0001245669  -0.0000884640
        0.0687302230   0.0430884847  -0.0004420032   0.0768456783  -0.2250362906
       -0.0001801539  -0.0237451409   0.6437122901  -0.0001513836  -0.0350266469
       -0.2547116925   0.0002174973  -0.0820817083   0.0068358518   0.0004634724
        0.0111801304  -0.0638067446  -0.0000114843  -0.0002914522   0.0008235762
        0.0000213901   0.0041922293  -0.0512059394   0.0000292190  -0.0025248337
       -0.0002044075  -0.0000027692   0.0165793176  -0.0273535282  -0.0000190134
       -0.0015063944   0.0008408269  -0.0000209996  -0.0233017444  -0.0702170965
        0.0000669975   0.0112093497   0.0030366002   0.0001594896   0.0110884429
        0.0030177204  -0.0002096480  -0.0303287684  -0.0096205092   0.0000658987
       -0.0006297066  -0.0000316347   0.0000230852  -0.0002562931   0.0003204983
       -0.0003758907  -0.0001887865   0.0004210092   0.0001954180   0.0000561042
        0.0000909855   0.0001708782
        0.0001850948   0.0000224492   0.0001227785   0.0002374862  -0.0003209765
       -0.0448285357  -0.0010551555  -0.0001513836   0.1384212157   0.0001021183
        0.0003305647  -0.0525657540   0.0001361622   0.0000518505  -0.0004607690
       -0.0001221268  -0.0000463000  -0.0039781976   0.0000261362   0.0000138169
        0.0074601646  -0.0000029927   0.0000010763   0.0049774202   0.0000087200
        0.0000051851  -0.0002824486  -0.0000029101   0.0000021387   0.0007325693
        0.0000275323  -0.0000055490   0.0072850500   0.0002974609   0.0000652188
       -0.0586231631   0.0238325798   0.0043321652   0.0005662586  -0.0238438571
       -0.0043517003   0.0007353217   0.0000857938   0.0000290499   0.0003719548
        0.0000533304   0.0000072146   0.0000570455   0.0000185646  -0.0000491771
        0.0000037055   0.0000118865   0.0000267258   0.0000053836   0.0000041761
        0.0000376309   0.0000000000
       -0.0361652694  -0.0346215768   0.0003296920   0.0533845219  -0.0040276064
       -0.0001450118  -0.1131069721  -0.0350266469   0.0001021183   0.6550358690
        0.0236250416  -0.0012461351  -0.3058628584  -0.0884334670   0.0004683696
       -0.0513017481   0.0702258239   0.0001420418  -0.0114659459  -0.0047842468
       -0.0000209576  -0.1341481825   0.0699360179   0.0000946428  -0.0292137759
        0.0290811720   0.0000304961  -0.0017769163   0.0031663605   0.0000057654
        0.0003416983  -0.0012398218   0.0000116936  -0.0185139583  -0.0247717237
        0.0000699757  -0.0009942988  -0.0017175345   0.0007859035  -0.0009926655
       -0.0017192992  -0.0007760845  -0.0063237291  -0.0010306190   0.0000188219
        0.0007470413   0.0023903814   0.0005738453   0.0005291901  -0.0001172471
       -0.0001180629   0.0002825584  -0.0004557193   0.0001501547  -0.0004545587
       -0.0004792890  -0.0004772688
       -0.0367648081  -0.0257652753   0.0002536514   0.0538367350  -0.0611864399
       -0.0001409059  -0.1161421465  -0.2547116925   0.0003305647   0.0236250416
        0.6218022085  -0.0004855812  -0.0105880699  -0.1004024839  -0.0001414784
        0.0124786859   0.0463969775   0.0003270487  -0.0309916175  -0.0098666712
        0.0001274450   0.1010641306  -0.2086421774  -0.0000324729   0.0056994486
        0.0088898115  -0.0000155356   0.0022621468  -0.0011345829  -0.0000078770
       -0.0012244268   0.0008514056   0.0000390662  -0.0101616094  -0.0116548919
        0.0000818795   0.0020086233   0.0000710718  -0.0014434825   0.0020289202
        0.0000866982   0.0014309580  -0.0008252392  -0.0010157387   0.0000054556
        0.0033327161  -0.0029768256  -0.0002527079  -0.0002077012  -0.0005249602
        0.0004844848  -0.0003181305  -0.0004914550  -0.0005270724   0.0008873010
        0.0002750214  -0.0000334401
        0.0000792385   0.0001261705  -0.0045314745  -0.0001530476   0.0000476562
       -0.0022859574   0.0001706039   0.0002174973  -0.0525657540  -0.0012461351
       -0.0004855812   0.1290600041   0.0006233949   0.0001423933  -0.0486081429
       -0.0000856894  -0.0002760679  -0.0037781187   0.0000234602   0.0000094166
        0.0017687381   0.0001024474  -0.0000266488  -0.0349037717   0.0000189009
       -0.0000310452  -0.0023532521   0.0000268549  -0.0000081685   0.0080504974
        0.0000046305   0.0000038766   0.0005552965   0.0000413647   0.0000449899
        0.0002974562   0.0002642515   0.0000669991   0.0004824257  -0.0002592550
       -0.0000437748   0.0004744724   0.0000149324   0.0000057557   0.0009451279
        0.0001352916   0.0004093513   0.0069058767  -0.0005951027  -0.0004076084
        0.0000470853   0.0013674579   0.0002603617   0.0001462257  -0.0005335995
       -0.0000555734   0.0002932653
        0.0510927571   0.0490292701  -0.0005043744  -0.0553918864   0.0190933798
        0.0001489441  -0.0148558511  -0.0820817083   0.0001361622  -0.3058628584
       -0.0105880699   0.0006233949   0.6646872080  -0.0121933746  -0.0013372135
       -0.1890362872   0.0786238437   0.0002454314  -0.0696096171  -0.0770394747
        0.0003242504  -0.0433808735   0.0117684018   0.0001121413  -0.0023804141
        0.0021617048   0.0000160357  -0.0003651330   0.0005158030   0.0000346463
        0.0000863685  -0.0021969341  -0.0000306554   0.0021669497  -0.0015543655
       -0.0000155406   0.0002382157   0.0004809563  -0.0000908747   0.0002300836
        0.0004779019   0.0000828511  -0.0004618010  -0.0000322726  -0.0000048827
       -0.0301887426   0.0203299061   0.0000380584   0.0001449535   0.0019598002
       -0.0005328399  -0.0007425422   0.0015555740   0.0005603054  -0.0063705296
       -0.0003103419   0.0001941599
       -0.0057739590  -0.0624877232   0.0000821974   0.0217794043  -0.0048157698
       -0.0000839936  -0.0294468958   0.0068358518   0.0000518505  -0.0884334670
       -0.1004024839   0.0001423933  -0.0121933746   0.6711326490  -0.0004737042
        0.1541927528  -0.2262721701  -0.0001189518  -0.0759793009  -0.2749492741
        0.0004509652   0.0387224092   0.0004550204  -0.0000823384   0.0033231789
       -0.0030566355   0.0000022773   0.0005630080   0.0008032052   0.0000044879
       -0.0018629620  -0.0053703012   0.0000637850  -0.0018567197  -0.0045405664
        0.0000208363   0.0002819927  -0.0002262339  -0.0001791215   0.0002868384
       -0.0002238947   0.0001794400  -0.0013953923  -0.0003324298   0.0000039977
        0.0018001331   0.0029661945   0.0004372432  -0.0014001313   0.0004789695
        0.0000990575  -0.0011385156  -0.0001842123  -0.0005253538  -0.0014689992
        0.0001898045  -0.0000750680
       -0.0004307598  -0.0002951405   0.0016882133   0.0003807988  -0.0001044778
       -0.0030753909   0.0000220420   0.0004634724  -0.0004607690   0.0004683696
       -0.0001414784  -0.0486081429  -0.0013372135  -0.0004737042   0.1082100058
        0.0002832793   0.0003500998  -0.0462433624   0.0003086781   0.0004256131
       -0.0327763573   0.0000758910  -0.0000386386   0.0043001269  -0.0000071323
       -0.0000103722   0.0010059145   0.0000023507  -0.0000046626  -0.0000768294
        0.0000362810  -0.0000107663   0.0070030871   0.0000054704   0.0000034566
        0.0063567890  -0.0011037038  -0.0004823175   0.0000216690   0.0011103658
        0.0004987842   0.0000002736  -0.0000034916  -0.0000026031   0.0001944451
       -0.0000723976   0.0005903184   0.0004393178  -0.0000784617  -0.0002777532
        0.0005781400  -0.0001617933  -0.0002956937   0.0005722103   0.0005014269
       -0.0001941363   0.0008706595
       -0.1178918049  -0.1138372448   0.0003142335  -0.0150908859  -0.0323928911
       -0.0001495952   0.0030181880   0.0111801304  -0.0001221268  -0.0513017481
        0.0124786859  -0.0000856894  -0.1890362872   0.1541927528   0.0002832793
        0.6325924929  -0.0020294564   0.0019948509   0.0059126182  -0.0066868577
        0.0003122601  -0.0032163106  -0.0041412215   0.0000512577  -0.0015048237
        0.0014536817   0.0000211602  -0.0056147389  -0.0015498446   0.0000861679
        0.0042997076   0.0185817184   0.0003018691  -0.0007138762   0.0003076128
        0.0000832650   0.0002321746  -0.0001469427  -0.0001925351   0.0002678396
       -0.0001375543   0.0001956659   0.0002663852   0.0002286394   0.0000007836
       -0.2134648997  -0.0255776874   0.0018472316  -0.0117145269  -0.0076615327
        0.0012355414  -0.0160595420  -0.0059891856  -0.0057762904  -0.0209799621
        0.0017271974  -0.0004013293
       -0.0340423480  -0.2942525602  -0.0003183386  -0.0928283693   0.0056105003
        0.0002547280   0.0119921111  -0.0638067446  -0.0000463000   0.0702258239
        0.0463969775  -0.0002760679   0.0786238437  -0.2262721701   0.0003500998
       -0.0020294564   0.6584690625   0.0004377212   0.0164446138  -0.0252585075
        0.0000782380  -0.0045671114   0.0003407252   0.0000219995  -0.0006250492
       -0.0001769522  -0.0000017941  -0.0007921982   0.0012194619   0.0000239245
       -0.0048235124  -0.0255597995   0.0000478574   0.0007039938  -0.0003732778
        0.0000222980   0.0005924792   0.0002889013  -0.0001031093   0.0006037336
        0.0002942888   0.0000984130   0.0000245584   0.0002239560  -0.0000047584
       -0.0299128600  -0.0713428572   0.0004262543  -0.0235864571  -0.0070578916
        0.0008710051  -0.0108923391  -0.0016186696  -0.0018621754   0.0248885436
        0.0028755568  -0.0000199952
        0.0001642314   0.0001540207  -0.0488918712   0.0002650871  -0.0001191131
        0.0000527382  -0.0000898486  -0.0000114843  -0.0039781976   0.0001420418
        0.0003270487  -0.0037781187   0.0002454314  -0.0001189518  -0.0462433624
        0.0019948509   0.0004377212   0.1465241053  -0.0000341345   0.0001081505
        0.0003937073   0.0000503891  -0.0001040223   0.0056071474  -0.0000300905
        0.0000162105   0.0014555730  -0.0000064265  -0.0000062468   0.0076897495
       -0.0000164197  -0.0001270015   0.0001360764   0.0000573659  -0.0000174154
        0.0000358715   0.0000341146   0.0000179921  -0.0000062770   0.0000314870
       -0.0000033209   0.0000192778   0.0000059151   0.0000043677   0.0000805291
       -0.0017442241  -0.0002864695  -0.0592592273   0.0189967732   0.0044121232
        0.0004496350  -0.0273333603  -0.0058570172  -0.0006410234   0.0072668167
        0.0011734081   0.0003536673
       -0.0019516900   0.0033146438   0.0000309143  -0.0003756087   0.0005053661
       -0.0000004914  -0.0055528649  -0.0002914522   0.0000261362  -0.0114659459
       -0.0309916175   0.0000234602  -0.0696096171  -0.0759793009   0.0003086781
        0.0059126182   0.0164446138  -0.0000341345   0.0802748284   0.0863930572
       -0.0004128488   0.0022345296   0.0001345412  -0.0000231827   0.0007474517
        0.0001073968   0.0000022813  -0.0000837085  -0.0000182784  -0.0000046762
        0.0002166246   0.0010186531  -0.0000307908  -0.0005944501  -0.0015495854
        0.0000182953   0.0000568986   0.0000091139  -0.0000265258   0.0000604410
        0.0000114077   0.0000273590  -0.0004383904  -0.0001569384   0.0000017611
        0.0007869257   0.0009724627  -0.0001379942  -0.0002698833   0.0001481807
        0.0004153029   0.0000347869   0.0001375938  -0.0001880667   0.0000170540
       -0.0002098581   0.0000045226
        0.0037357468  -0.0028958621   0.0000163259   0.0003940678   0.0007802531
       -0.0000035577  -0.0013191682   0.0008235762   0.0000138169  -0.0047842468
       -0.0098666712   0.0000094166  -0.0770394747  -0.2749492741   0.0004256131
       -0.0066868577  -0.0252585075   0.0001081505   0.0863930572   0.3104828820
       -0.0004663182  -0.0000762086   0.0011317961  -0.0000056087   0.0007871376
        0.0001317107   0.0000000189  -0.0000275903  -0.0000265747  -0.0000036663
       -0.0003133767  -0.0015197368  -0.0000142920  -0.0000285583  -0.0004416867
        0.0000053879  -0.0000038492   0.0000151934   0.0000385406  -0.0000026619
        0.0000161227  -0.0000394591  -0.0001126977  -0.0000638815   0.0000001807
       -0.0013621344   0.0013945819   0.0000885303   0.0005967640   0.0001456912
       -0.0004469958   0.0001902338  -0.0001231279   0.0002577453  -0.0003401827
        0.0002235153   0.0000161712
       -0.0000080176  -0.0000828599   0.0074861258   0.0000265864  -0.0000059275
       -0.0001505363   0.0000504876   0.0000213901   0.0074601646  -0.0000209576
        0.0001274450   0.0017687381   0.0003242504   0.0004509652  -0.0327763573
        0.0003122601   0.0000782380   0.0003937073  -0.0004128488  -0.0004663182
        0.0234015343   0.0000075499  -0.0000262671  -0.0031828277  -0.0000192674
       -0.0000391895   0.0000613797  -0.0000002694   0.0000037045  -0.0015348416
       -0.0000336253   0.0000041982   0.0001575820   0.0000000860   0.0000111829
       -0.0001732399   0.0000328194  -0.0000236307  -0.0000483182  -0.0000197670
        0.0000586458  -0.0000730177   0.0000032298   0.0000027272  -0.0001175752
       -0.0002287072  -0.0002409493  -0.0023236097   0.0004052517   0.0002504444
       -0.0000783699  -0.0005434496  -0.0001411873  -0.0002047715   0.0001243884
        0.0000173882  -0.0000657667
       -0.0003599807   0.0013570404  -0.0000177504   0.0000888770  -0.0025705996
        0.0000167443  -0.0005046803   0.0041922293  -0.0000029927  -0.1341481825
        0.1010641306   0.0001024474  -0.0433808735   0.0387224092   0.0000758910
       -0.0032163106  -0.0045671114   0.0000503891   0.0022345296  -0.0000762086
        0.0000075499   0.5518946914   0.0011514061  -0.0002792063  -0.3730358763
       -0.1351400884   0.0000775669  -0.0001516018   0.0005798825   0.0000025208
       -0.0004220040   0.0003438284   0.0000173565   0.0014697185  -0.0063490115
        0.0000101658   0.0009291895   0.0004395283  -0.0011046295   0.0009327682
        0.0004551285   0.0010923836  -0.0001526309  -0.0009130088   0.0000021528
       -0.0012135102   0.0012107393  -0.0001456156  -0.0000579122  -0.0000873206
        0.0002240978  -0.0002185228  -0.0000158321  -0.0002336163  -0.0006876884
        0.0002028584   0.0001045449
        0.0022552152  -0.0000912379   0.0000058960  -0.0058368743  -0.0041087840
        0.0000250474   0.0323515268  -0.0512059394   0.0000010763   0.0699360179
       -0.2086421774  -0.0000266488   0.0117684018   0.0004550204  -0.0000386386
       -0.0041412215   0.0003407252  -0.0001040223   0.0001345412   0.0011317961
       -0.0000262671   0.0011514061   0.3423698792   0.0000360144  -0.1097518313
       -0.0791188186   0.0000314304   0.0014030646  -0.0031505558  -0.0000092215
        0.0004172744  -0.0005076681  -0.0000225959   0.0006469626   0.0023265653
       -0.0000203096  -0.0008970142  -0.0002099031   0.0008324093  -0.0009017897
       -0.0002098987  -0.0008228189   0.0008515785   0.0003906489  -0.0000023997
       -0.0000351350   0.0003239201   0.0002494959   0.0002100166   0.0001271117
       -0.0003480244   0.0003021147  -0.0000104761   0.0003346371   0.0001357457
       -0.0002102078  -0.0000950603
        0.0000129134  -0.0000086295  -0.0000195237   0.0000219460   0.0000100895
        0.0069327306  -0.0000205186   0.0000292190   0.0049774202   0.0000946428
       -0.0000324729  -0.0349037717   0.0001121413  -0.0000823384   0.0043001269
        0.0000512577   0.0000219995   0.0056071474  -0.0000231827  -0.0000056087
       -0.0031828277  -0.0002792063   0.0000360144   0.0221771334   0.0000823668
       -0.0000257276  -0.0024070148  -0.0000035053   0.0000061304  -0.0003736207
       -0.0000068307   0.0000013219  -0.0014149687  -0.0000084028   0.0000043256
       -0.0019133953  -0.0000539860   0.0000006393  -0.0000157581   0.0000667805
        0.0000563819  -0.0000508824  -0.0000008371   0.0000021644   0.0001999799
       -0.0000152027  -0.0000188533   0.0001230499  -0.0000446396  -0.0000133342
       -0.0000104421   0.0000406583   0.0000080059   0.0000393760  -0.0000263950
        0.0000106728  -0.0000647589
        0.0006490497   0.0001127491   0.0000051877  -0.0010409825   0.0005824161
        0.0000123385   0.0006031400  -0.0025248337   0.0000087200  -0.0292137759
        0.0056994486   0.0000189009  -0.0023804141   0.0033231789  -0.0000071323
       -0.0015048237  -0.0006250492  -0.0000300905   0.0007474517   0.0007871376
       -0.0000192674  -0.3730358763  -0.1097518313   0.0000823668   0.4039176904
        0.1019362767  -0.0000651458   0.0001489769  -0.0002050653   0.0000131894
        0.0001546860  -0.0000144216   0.0000080587  -0.0002940077   0.0011990717
        0.0000020568   0.0005859124  -0.0005911068   0.0007904506   0.0006115282
       -0.0005082008  -0.0008489139   0.0001620904   0.0001096111   0.0000085315
       -0.0001275589   0.0003735978   0.0000581643   0.0000846905   0.0000668827
       -0.0000873271   0.0000638360   0.0000336160   0.0000695304  -0.0001316133
       -0.0000034776  -0.0000196184
        0.0002247635   0.0002080040   0.0000164170  -0.0001257596   0.0001496749
        0.0000223563   0.0017940835  -0.0002044075   0.0000051851   0.0290811720
        0.0088898115  -0.0000310452   0.0021617048  -0.0030566355  -0.0000103722
        0.0014536817  -0.0001769522   0.0000162105   0.0001073968   0.0001317107
       -0.0000391895  -0.1351400884  -0.0791188186  -0.0000257276   0.1019362767
        0.0722389428   0.0001698724   0.0001621316   0.0001599033   0.0000407218
       -0.0000203954   0.0001344033   0.0000319610  -0.0001257412   0.0017403460
        0.0000098451  -0.0008281260  -0.0008534683   0.0017553236  -0.0007290911
       -0.0006061698  -0.0019222704   0.0000191467   0.0005597808   0.0000292887
        0.0000621163  -0.0002741646  -0.0000401392  -0.0000399976   0.0000069120
       -0.0000058050  -0.0000422722   0.0000412569  -0.0000334848   0.0000489978
        0.0000298703   0.0000108522
        0.0000048988   0.0000026386  -0.0000405386  -0.0000047526   0.0000009277
       -0.0000288391  -0.0000021092  -0.0000027692  -0.0002824486   0.0000304961
       -0.0000155356  -0.0023532521   0.0000160357   0.0000022773   0.0010059145
        0.0000211602  -0.0000017941   0.0014555730   0.0000022813   0.0000000189
        0.0000613797   0.0000775669   0.0000314304  -0.0024070148  -0.0000651458
        0.0001698724   0.0034824437   0.0000002809  -0.0000009235   0.0000347945
       -0.0000001778   0.0000009986  -0.0001722327   0.0000075256   0.0000008217
        0.0003123529   0.0007800254   0.0008319006  -0.0003283863  -0.0008465281
       -0.0010101921  -0.0001833382  -0.0000005471  -0.0000017430  -0.0004269550
       -0.0000114740  -0.0000147838  -0.0001552750   0.0000196302   0.0000258949
        0.0000356257  -0.0000435420  -0.0000126634   0.0000136251   0.0000143757
       -0.0000063763  -0.0000234287
       -0.0120236768  -0.0286899006   0.0000149313  -0.0709510503  -0.0783364910
        0.0000777693   0.0048030973   0.0165793176  -0.0000029101  -0.0017769163
        0.0022621468   0.0000268549  -0.0003651330   0.0005630080   0.0000023507
       -0.0056147389  -0.0007921982  -0.0000064265  -0.0000837085  -0.0000275903
       -0.0000002694  -0.0001516018   0.0014030646  -0.0000035053   0.0001489769
        0.0001621316   0.0000002809   0.0862425389   0.0873866380  -0.0001335151
        0.0005972839  -0.0007747536  -0.0000021756   0.0011184139   0.0020613476
       -0.0000122312   0.0000022277  -0.0001094349  -0.0000342984  -0.0000009169
       -0.0001086619   0.0000341291  -0.0010039458   0.0000304171   0.0000060840
       -0.0005969223  -0.0014668138   0.0000316462  -0.0003254037  -0.0001123736
        0.0000058766  -0.0001442389  -0.0000319778   0.0000000617   0.0001257147
        0.0000021242  -0.0000046532
       -0.0042115753  -0.0080953051   0.0000052411  -0.0781874634  -0.2695583392
        0.0000731819  -0.0068816798  -0.0273535282   0.0000021387   0.0031663605
       -0.0011345829  -0.0000081685   0.0005158030   0.0008032052  -0.0000046626
       -0.0015498446   0.0012194619  -0.0000062468  -0.0000182784  -0.0000265747
        0.0000037045   0.0005798825  -0.0031505558   0.0000061304  -0.0002050653
        0.0001599033  -0.0000009235   0.0873866380   0.3046916661  -0.0000798900
        0.0006364623   0.0010523056   0.0000037263  -0.0016505143   0.0013400760
        0.0000046617  -0.0001741352   0.0000454306   0.0000754568  -0.0001720913
        0.0000421425  -0.0000738096   0.0011255544   0.0005043134  -0.0000052858
       -0.0001444014  -0.0004800850  -0.0000022911  -0.0001256525  -0.0000719649
        0.0000298460  -0.0000769191  -0.0000393158  -0.0000489320  -0.0000130803
        0.0000517469   0.0000261224
        0.0000361158   0.0000686335   0.0006349967   0.0000978380   0.0000304623
       -0.0337344896  -0.0000213282  -0.0000190134   0.0007325693   0.0000057654
       -0.0000078770   0.0080504974   0.0000346463   0.0000044879  -0.0000768294
        0.0000861679   0.0000239245   0.0076897495  -0.0000046762  -0.0000036663
       -0.0015348416   0.0000025208  -0.0000092215  -0.0003736207   0.0000131894
        0.0000407218   0.0000347945  -0.0001335151  -0.0000798900   0.0237900912
       -0.0000105146   0.0000046140  -0.0026857413  -0.0000153927  -0.0000069260
       -0.0024992516   0.0004466109  -0.0000371254  -0.0000441629  -0.0004626901
       -0.0000024880  -0.0000157298   0.0000070717   0.0000012917   0.0001140016
       -0.0000482745   0.0000368517  -0.0000889306  -0.0000359308   0.0000135874
       -0.0000111008   0.0000134229  -0.0000501517   0.0000269824  -0.0000110269
       -0.0000082157  -0.0000089844
       -0.1463541128   0.1246200103   0.0005275965  -0.0221770531   0.0234436942
        0.0000258648  -0.0051939340  -0.0015063944   0.0000275323   0.0003416983
       -0.0012244268   0.0000046305   0.0000863685  -0.0018629620   0.0000362810
        0.0042997076  -0.0048235124  -0.0000164197   0.0002166246  -0.0003133767
       -0.0000336253  -0.0004220040   0.0004172744  -0.0000068307   0.0001546860
       -0.0000203954  -0.0000001778   0.0005972839   0.0006364623  -0.0000105146
        0.1691897751  -0.1386242921  -0.0006366087  -0.0010652187   0.0011411665
        0.0000216393  -0.0002777727  -0.0000082796   0.0000184913  -0.0002655509
       -0.0000065568  -0.0000162909   0.0001334950   0.0000413749   0.0000000040
        0.0011928857  -0.0017743299  -0.0001066575  -0.0001234173   0.0000851434
       -0.0000014833  -0.0000164926   0.0000289371   0.0000108541  -0.0003169689
       -0.0002495369   0.0001557145
        0.1248490044  -0.1954510877  -0.0003860236  -0.0012181025   0.0020591978
        0.0000042049  -0.0010350348   0.0008408269  -0.0000055490  -0.0012398218
        0.0008514056   0.0000038766  -0.0021969341  -0.0053703012  -0.0000107663
        0.0185817184  -0.0255597995  -0.0001270015   0.0010186531  -0.0015197368
        0.0000041982   0.0003438284  -0.0005076681   0.0000013219  -0.0000144216
        0.0001344033   0.0000009986  -0.0007747536   0.0010523056   0.0000046140
       -0.1386242921   0.2220342726   0.0003975689  -0.0001743792   0.0000396930
        0.0000001376   0.0000190779  -0.0000342201  -0.0000286592   0.0000196116
       -0.0000329768   0.0000285761   0.0000224357   0.0000730630  -0.0000002421
        0.0014169433   0.0011729509  -0.0001401856   0.0001401683   0.0002741542
       -0.0000617932   0.0000824115  -0.0000210163  -0.0000072557  -0.0012161128
       -0.0000354667   0.0003219795
        0.0005140072  -0.0003894889  -0.0319960218   0.0000299859  -0.0000865911
       -0.0002571258   0.0000537076  -0.0000209996   0.0072850500   0.0000116936
        0.0000390662   0.0005552965  -0.0000306554   0.0000637850   0.0070030871
        0.0003018691   0.0000478574   0.0001360764  -0.0000307908  -0.0000142920
        0.0001575820   0.0000173565  -0.0000225959  -0.0014149687   0.0000080587
        0.0000319610  -0.0001722327  -0.0000021756   0.0000037263  -0.0026857413
       -0.0006366087   0.0003975689   0.0233320579   0.0000060210  -0.0000095745
        0.0002229844  -0.0000839883   0.0000149614   0.0000479956   0.0000811243
       -0.0000476263   0.0000679452  -0.0000011478  -0.0000001636  -0.0000406730
       -0.0002822908   0.0001329772  -0.0021541956   0.0002432713   0.0001560374
       -0.0000116470  -0.0003988452  -0.0002418221  -0.0001321107   0.0001994074
       -0.0000547866   0.0000566413
       -0.0008232107   0.0026646431   0.0000117407  -0.0286412336   0.0013660533
        0.0000688433  -0.2072726736  -0.0233017444   0.0002974609  -0.0185139583
       -0.0101616094   0.0000413647   0.0021669497  -0.0018567197   0.0000054704
       -0.0007138762   0.0007039938   0.0000573659  -0.0005944501  -0.0000285583
        0.0000000860   0.0014697185   0.0006469626  -0.0000084028  -0.0002940077
       -0.0001257412   0.0000075256   0.0011184139  -0.0016505143  -0.0000153927
       -0.0010652187  -0.0001743792   0.0000060210   0.4613155846  -0.0046237987
        0.0000352665  -0.0800800079   0.0363745981   0.0801196541  -0.0806445918
        0.0362607458  -0.0806818849  -0.0471808023  -0.0359759301   0.0001026672
       -0.0000140093  -0.0001004417  -0.0000110395  -0.0000820268  -0.0000280621
       -0.0000146091  -0.0001287722  -0.0000090795  -0.0000006706  -0.0000218276
        0.0000195817  -0.0000214666
        0.0019666781  -0.0026257847   0.0000049265   0.0202716336   0.0015696309
       -0.0000313082  -0.0302542983  -0.0702170965   0.0000652188  -0.0247717237
       -0.0116548919   0.0000449899  -0.0015543655  -0.0045405664   0.0000034566
        0.0003076128  -0.0003732778  -0.0000174154  -0.0015495854  -0.0004416867
        0.0000111829  -0.0063490115   0.0023265653   0.0000043256   0.0011990717
        0.0017403460   0.0000008217   0.0020613476   0.0013400760  -0.0000069260
        0.0011411665   0.0000396930  -0.0000095745  -0.0046237987   0.5204878156
        0.0000172769   0.0388638304  -0.0782707947  -0.0754778552   0.0387519089
       -0.0775568539   0.0747665409  -0.0355273034  -0.2821285175   0.0006098851
        0.0000155255   0.0002641063   0.0000208144   0.0000789263   0.0000262240
       -0.0000535755   0.0000550373  -0.0000068648   0.0000430210  -0.0000826523
        0.0000218778   0.0000041945
       -0.0000057149  -0.0000306851   0.0074545857   0.0001219424  -0.0000373378
        0.0012737010   0.0003297929   0.0000669975  -0.0586231631   0.0000699757
        0.0000818795   0.0002974562  -0.0000155406   0.0000208363   0.0063567890
        0.0000832650   0.0000222980   0.0000358715   0.0000182953   0.0000053879
       -0.0001732399   0.0000101658  -0.0000203096  -0.0019133953   0.0000020568
        0.0000098451   0.0003123529  -0.0000122312   0.0000046617  -0.0024992516
        0.0000216393   0.0000001376   0.0002229844   0.0000352665   0.0000172769
        0.4899307487   0.0830234176  -0.0742195223  -0.1985813131  -0.0836348054
        0.0734978593  -0.1986556255   0.0000929017   0.0006073595  -0.0439090638
       -0.0000951080  -0.0000178796  -0.0014424756   0.0001547824   0.0001433746
       -0.0000136469  -0.0002601016  -0.0001115781  -0.0000539054   0.0000600003
       -0.0000406013  -0.0000194092
       -0.0011767925   0.0000601860  -0.0015887288  -0.0028770727  -0.0017995359
        0.0011431609  -0.0215366152   0.0112093497   0.0238325798  -0.0009942988
        0.0020086233   0.0002642515   0.0002382157   0.0002819927  -0.0011037038
        0.0002321746   0.0005924792   0.0000341146   0.0000568986  -0.0000038492
        0.0000328194   0.0009291895  -0.0008970142  -0.0000539860   0.0005859124
       -0.0008281260   0.0007800254   0.0000022277  -0.0001741352   0.0004466109
       -0.0002777727   0.0000190779  -0.0000839883  -0.0800800079   0.0388638304
        0.0830234176   0.0971456412  -0.0445486605  -0.0949777535   0.0056406894
       -0.0043448301  -0.0098307293   0.0022626344  -0.0003548069  -0.0021598427
       -0.0000921693  -0.0000987577   0.0002024430  -0.0000444367  -0.0000337343
        0.0000430703  -0.0000136192   0.0000226257  -0.0000306134  -0.0000007984
        0.0000252852   0.0000268522
       -0.0000316720   0.0000065514   0.0000586868   0.0001365135   0.0001333986
        0.0001403372   0.0008302184   0.0030366002   0.0043321652  -0.0017175345
        0.0000710718   0.0000669991   0.0004809563  -0.0002262339  -0.0004823175
       -0.0001469427   0.0002889013   0.0000179921   0.0000091139   0.0000151934
       -0.0000236307   0.0004395283  -0.0002099031   0.0000006393  -0.0005911068
       -0.0008534683   0.0008319006  -0.0001094349   0.0000454306  -0.0000371254
       -0.0000082796  -0.0000342201   0.0000149614   0.0363745981  -0.0782707947
       -0.0742195223  -0.0445486605   0.0887217826   0.0872579256  -0.0042668240
        0.0052149368   0.0105026873   0.0131246311  -0.0179132651  -0.0284601758
        0.0000209568  -0.0000057286   0.0000228862  -0.0000038708  -0.0000176608
       -0.0000301092   0.0000005933   0.0000204951  -0.0000006684   0.0000072161
       -0.0000230872   0.0000063685
       -0.0001143150   0.0002022838   0.0001782297  -0.0002667965   0.0004900181
       -0.0003516901   0.0044939698   0.0001594896   0.0005662586   0.0007859035
       -0.0014434825   0.0004824257  -0.0000908747  -0.0001791215   0.0000216690
       -0.0001925351  -0.0001031093  -0.0000062770  -0.0000265258   0.0000385406
       -0.0000483182  -0.0011046295   0.0008324093  -0.0000157581   0.0007904506
        0.0017553236  -0.0003283863  -0.0000342984   0.0000754568  -0.0000441629
        0.0000184913  -0.0000286592   0.0000479956   0.0801196541  -0.0754778552
       -0.1985813131  -0.0949777535   0.0872579256   0.2286762681   0.0097242937
       -0.0106417390  -0.0287239776   0.0008150101  -0.0030058008  -0.0018722673
       -0.0000086630   0.0000528275   0.0000169005   0.0000203649   0.0000169265
       -0.0000514120   0.0000360829   0.0000229611   0.0000439022   0.0000121707
       -0.0000243953  -0.0000100868
       -0.0011817187   0.0000442473   0.0015936959  -0.0028321359  -0.0018176925
       -0.0011427229  -0.0216052175   0.0110884429  -0.0238438571  -0.0009926655
        0.0020289202  -0.0002592550   0.0002300836   0.0002868384   0.0011103658
        0.0002678396   0.0006037336   0.0000314870   0.0000604410  -0.0000026619
       -0.0000197670   0.0009327682  -0.0009017897   0.0000667805   0.0006115282
       -0.0007290911  -0.0008465281  -0.0000009169  -0.0001720913  -0.0004626901
       -0.0002655509   0.0000196116   0.0000811243  -0.0806445918   0.0387519089
       -0.0836348054   0.0056406894  -0.0042668240   0.0097242937   0.0977181242
       -0.0445054526   0.0957398504   0.0022693554  -0.0003298742   0.0021331851
       -0.0001290835  -0.0000976491  -0.0002861565  -0.0000035354   0.0000199844
        0.0000516944  -0.0000847631  -0.0000345664  -0.0000371568   0.0000093497
        0.0000140054   0.0000004621
       -0.0000365759   0.0000026350  -0.0000737157   0.0001431182   0.0001350200
       -0.0001703201   0.0007787662   0.0030177204  -0.0043517003  -0.0017192992
        0.0000866982  -0.0000437748   0.0004779019  -0.0002238947   0.0004987842
       -0.0001375543   0.0002942888  -0.0000033209   0.0000114077   0.0000161227
        0.0000586458   0.0004551285  -0.0002098987   0.0000563819  -0.0005082008
       -0.0006061698  -0.0010101921  -0.0001086619   0.0000421425  -0.0000024880
       -0.0000065568  -0.0000329768  -0.0000476263   0.0362607458  -0.0775568539
        0.0734978593  -0.0043448301   0.0052149368  -0.0106417390  -0.0445054526
        0.0876366692  -0.0862611193   0.0132238533  -0.0177799356   0.0284576282
        0.0000149503  -0.0000132286  -0.0000146420  -0.0000078460   0.0000356897
        0.0000413195  -0.0000119218  -0.0000444358   0.0000333437   0.0000210273
       -0.0000145296  -0.0000233239
        0.0001169917  -0.0002069369   0.0001805286   0.0002838227  -0.0004876260
       -0.0003343330  -0.0044691228  -0.0002096480   0.0007353217  -0.0007760845
        0.0014309580   0.0004744724   0.0000828511   0.0001794400   0.0000002736
        0.0001956659   0.0000984130   0.0000192778   0.0000273590  -0.0000394591
       -0.0000730177   0.0010923836  -0.0008228189  -0.0000508824  -0.0008489139
       -0.0019222704  -0.0001833382   0.0000341291  -0.0000738096  -0.0000157298
       -0.0000162909   0.0000285761   0.0000679452  -0.0806818849   0.0747665409
       -0.1986556255  -0.0098307293   0.0105026873  -0.0287239776   0.0957398504
       -0.0862611193   0.2286239641  -0.0008901734   0.0030824197  -0.0019956187
       -0.0000002300  -0.0000468829  -0.0000435541  -0.0000200822  -0.0000432627
        0.0000158933  -0.0000229456   0.0000119066  -0.0000610201  -0.0000165960
        0.0000128920   0.0000194202
        0.0002981394  -0.0001190604  -0.0000012671   0.0008024756  -0.0023747075
       -0.0000018282  -0.0087383142  -0.0303287684   0.0000857938  -0.0063237291
       -0.0008252392   0.0000149324  -0.0004618010  -0.0013953923  -0.0000034916
        0.0002663852   0.0000245584   0.0000059151  -0.0004383904  -0.0001126977
        0.0000032298  -0.0001526309   0.0008515785  -0.0000008371   0.0001620904
        0.0000191467  -0.0000005471  -0.0010039458   0.0011255544   0.0000070717
        0.0001334950   0.0000224357  -0.0000011478  -0.0471808023  -0.0355273034
        0.0000929017   0.0022626344   0.0131246311   0.0008150101   0.0022693554
        0.0132238533  -0.0008901734   0.0580942050   0.0422151543  -0.0001193862
       -0.0000419796   0.0000691999  -0.0000086175   0.0000342837   0.0000136864
       -0.0000096851   0.0000185835  -0.0000051334   0.0000058236  -0.0000000544
       -0.0000014964   0.0000063029
        0.0000920263  -0.0002276383  -0.0000016464   0.0023825779   0.0012116777
       -0.0000081404  -0.0062683934  -0.0096205092   0.0000290499  -0.0010306190
       -0.0010157387   0.0000057557  -0.0000322726  -0.0003324298  -0.0000026031
        0.0002286394   0.0002239560   0.0000043677  -0.0001569384  -0.0000638815
        0.0000027272  -0.0009130088   0.0003906489   0.0000021644   0.0001096111
        0.0005597808  -0.0000017430   0.0000304171   0.0005043134   0.0000012917
        0.0000413749   0.0000730630  -0.0000001636  -0.0359759301  -0.2821285175
        0.0006073595  -0.0003548069  -0.0179132651  -0.0030058008  -0.0003298742
       -0.0177799356   0.0030824197   0.0422151543   0.3260903766  -0.0007093926
       -0.0000253822   0.0000314133  -0.0000129022   0.0000147452  -0.0000242795
        0.0000232428   0.0000001684  -0.0000186122  -0.0000319402  -0.0000274892
        0.0000395778   0.0000159536
        0.0000026436   0.0000019332  -0.0000254596  -0.0000090798   0.0000076781
       -0.0001178920   0.0000178216   0.0000658987   0.0003719548   0.0000188219
        0.0000054556   0.0009451279  -0.0000048827   0.0000039977   0.0001944451
        0.0000007836  -0.0000047584   0.0000805291   0.0000017611   0.0000001807
       -0.0001175752   0.0000021528  -0.0000023997   0.0001999799   0.0000085315
        0.0000292887  -0.0004269550   0.0000060840  -0.0000052858   0.0001140016
        0.0000000040  -0.0000002421  -0.0000406730   0.0001026672   0.0006098851
       -0.0439090638  -0.0021598427  -0.0284601758  -0.0018722673   0.0021331851
        0.0284576282  -0.0019956187  -0.0001193862  -0.0007093926   0.0466248624
       -0.0000040059  -0.0000040437  -0.0000157800   0.0000001051   0.0000110910
       -0.0000023888   0.0000016096  -0.0000093870  -0.0000051456   0.0000010264
        0.0000026482  -0.0000020819
       -0.0169701646  -0.0083351293   0.0001483045   0.0005367123  -0.0015661197
        0.0002571391  -0.0004122015  -0.0006297066   0.0000533304   0.0007470413
        0.0033327161   0.0001352916  -0.0301887426   0.0018001331  -0.0000723976
       -0.2134648997  -0.0299128600  -0.0017442241   0.0007869257  -0.0013621344
       -0.0002287072  -0.0012135102  -0.0000351350  -0.0000152027  -0.0001275589
        0.0000621163  -0.0000114740  -0.0005969223  -0.0001444014  -0.0000482745
        0.0011928857   0.0014169433  -0.0002822908  -0.0000140093   0.0000155255
       -0.0000951080  -0.0000921693   0.0000209568  -0.0000086630  -0.0001290835
        0.0000149503  -0.0000002300  -0.0000419796  -0.0000253822  -0.0000040059
        0.4717736163  -0.0160533568  -0.0067226425  -0.0511580827  -0.0338741905
        0.0339444721  -0.0557189627  -0.0165655244  -0.0569895602  -0.1049088945
        0.1018405990   0.0316842428
       -0.0278525039  -0.0090845743  -0.0006094263  -0.0005874300  -0.0043660875
       -0.0003074419  -0.0000702546  -0.0000316347   0.0000072146   0.0023903814
       -0.0029768256   0.0004093513   0.0203299061   0.0029661945   0.0005903184
       -0.0255776874  -0.0713428572  -0.0002864695   0.0009724627   0.0013945819
       -0.0002409493   0.0012107393   0.0003239201  -0.0000188533   0.0003735978
       -0.0002741646  -0.0000147838  -0.0014668138  -0.0004800850   0.0000368517
       -0.0017743299   0.0011729509   0.0001329772  -0.0001004417   0.0002641063
       -0.0000178796  -0.0000987577  -0.0000057286   0.0000528275  -0.0000976491
       -0.0000132286  -0.0000468829   0.0000691999   0.0000314133  -0.0000040437
       -0.0160533568   0.5251473691  -0.0019386861  -0.0351604875  -0.1722012716
        0.1146750715  -0.0177645900  -0.0617580408  -0.0640227600   0.1012580152
       -0.2087660375  -0.0483964358
        0.0002681403  -0.0003692379   0.0021814372   0.0003876213   0.0001360714
        0.0071044443  -0.0000351927   0.0000230852   0.0000570455   0.0005738453
       -0.0002527079   0.0069058767   0.0000380584   0.0004372432   0.0004393178
        0.0018472316   0.0004262543  -0.0592592273  -0.0001379942   0.0000885303
       -0.0023236097  -0.0001456156   0.0002494959   0.0001230499   0.0000581643
       -0.0000401392  -0.0001552750   0.0000316462  -0.0000022911  -0.0000889306
       -0.0001066575  -0.0001401856  -0.0021541956  -0.0000110395   0.0000208144
       -0.0014424756   0.0002024430   0.0000228862   0.0000169005  -0.0002861565
       -0.0000146420  -0.0000435541  -0.0000086175  -0.0000129022  -0.0000157800
       -0.0067226425  -0.0019386861   0.4892611650   0.0342603043   0.1148629442
       -0.1424293626  -0.0611666178  -0.0650001290  -0.2400538064   0.0309530791
       -0.0484964042  -0.0581230201
       -0.0044242129  -0.0001159717   0.0008062527  -0.0007184106  -0.0008992424
       -0.0012098814   0.0003267281  -0.0002562931   0.0000185646   0.0005291901
       -0.0002077012  -0.0005951027   0.0001449535  -0.0014001313  -0.0000784617
       -0.0117145269  -0.0235864571   0.0189967732  -0.0002698833   0.0005967640
        0.0004052517  -0.0000579122   0.0002100166  -0.0000446396   0.0000846905
       -0.0000399976   0.0000196302  -0.0003254037  -0.0001256525  -0.0000359308
       -0.0001234173   0.0001401683   0.0002432713  -0.0000820268   0.0000789263
        0.0001547824  -0.0000444367  -0.0000038708   0.0000203649  -0.0000035354
       -0.0000078460  -0.0000200822   0.0000342837   0.0000147452   0.0000001051
       -0.0511580827  -0.0351604875   0.0342603043   0.0619424832   0.0431941618
       -0.0378274067   0.0026802162   0.0053158673  -0.0051929881   0.0031793032
        0.0122530016  -0.0099208072
       -0.0018160870   0.0001167175   0.0004118619  -0.0001470344  -0.0002795668
       -0.0004992996   0.0001678166   0.0003204983  -0.0000491771  -0.0001172471
       -0.0005249602  -0.0004076084   0.0019598002   0.0004789695  -0.0002777532
       -0.0076615327  -0.0070578916   0.0044121232   0.0001481807   0.0001456912
        0.0002504444  -0.0000873206   0.0001271117  -0.0000133342   0.0000668827
        0.0000069120   0.0000258949  -0.0001123736  -0.0000719649   0.0000135874
        0.0000851434   0.0002741542   0.0001560374  -0.0000280621   0.0000262240
        0.0001433746  -0.0000337343  -0.0000176608   0.0000169265   0.0000199844
        0.0000356897  -0.0000432627   0.0000136864  -0.0000242795   0.0000110910
       -0.0338741905  -0.1722012716   0.1148629442   0.0431941618   0.1976639223
       -0.1337180470   0.0015581592   0.0058223819  -0.0038996516  -0.0033362331
       -0.0248406771   0.0186038483
        0.0002319464  -0.0000463901   0.0000114570  -0.0005800143  -0.0000571796
        0.0001583302  -0.0001280834  -0.0003758907   0.0000037055  -0.0001180629
        0.0004844848   0.0000470853  -0.0005328399   0.0000990575   0.0005781400
        0.0012355414   0.0008710051   0.0004496350   0.0004153029  -0.0004469958
       -0.0000783699   0.0002240978  -0.0003480244  -0.0000104421  -0.0000873271
       -0.0000058050   0.0000356257   0.0000058766   0.0000298460  -0.0000111008
       -0.0000014833  -0.0000617932  -0.0000116470  -0.0000146091  -0.0000535755
       -0.0000136469   0.0000430703  -0.0000301092  -0.0000514120   0.0000516944
        0.0000413195   0.0000158933  -0.0000096851   0.0000232428  -0.0000023888
        0.0339444721   0.1146750715  -0.1424293626  -0.0378274067  -0.1337180470
        0.1632529277   0.0046338559   0.0231652300  -0.0264626039  -0.0014863460
       -0.0042454467   0.0045181742
       -0.0020371491   0.0006631259  -0.0006221436  -0.0006776198  -0.0002475184
        0.0015226586   0.0003571661  -0.0001887865   0.0000118865   0.0002825584
       -0.0003181305   0.0013674579  -0.0007425422  -0.0011385156  -0.0001617933
       -0.0160595420  -0.0108923391  -0.0273333603   0.0000347869   0.0001902338
       -0.0005434496  -0.0002185228   0.0003021147   0.0000406583   0.0000638360
       -0.0000422722  -0.0000435420  -0.0001442389  -0.0000769191   0.0000134229
       -0.0000164926   0.0000824115  -0.0003988452  -0.0001287722   0.0000550373
       -0.0002601016  -0.0000136192   0.0000005933   0.0000360829  -0.0000847631
       -0.0000119218  -0.0000229456   0.0000185835   0.0000001684   0.0000016096
       -0.0557189627  -0.0177645900  -0.0611666178   0.0026802162   0.0015581592
        0.0046338559   0.0681015975   0.0223735545   0.0685824789   0.0043034801
        0.0054555945   0.0143426875
       -0.0015148009  -0.0001702368   0.0002740386   0.0001126023  -0.0002175921
        0.0006032179   0.0000578727   0.0004210092   0.0000267258  -0.0004557193
       -0.0004914550   0.0002603617   0.0015555740  -0.0001842123  -0.0002956937
       -0.0059891856  -0.0016186696  -0.0058570172   0.0001375938  -0.0001231279
       -0.0001411873  -0.0000158321  -0.0000104761   0.0000080059   0.0000336160
        0.0000412569  -0.0000126634  -0.0000319778  -0.0000393158  -0.0000501517
        0.0000289371  -0.0000210163  -0.0002418221  -0.0000090795  -0.0000068648
       -0.0001115781   0.0000226257   0.0000204951   0.0000229611  -0.0000345664
       -0.0000444358   0.0000119066  -0.0000051334  -0.0000186122  -0.0000093870
       -0.0165655244  -0.0617580408  -0.0650001290   0.0053158673   0.0058223819
        0.0231652300   0.0223735545   0.0693456264   0.0750107786  -0.0050164240
       -0.0109467140  -0.0276635968
       -0.0000032380   0.0006600602  -0.0001758891   0.0000784826   0.0001535234
        0.0002134834   0.0002799278   0.0001954180   0.0000053836   0.0001501547
       -0.0005270724   0.0001462257   0.0005603054  -0.0005253538   0.0005722103
       -0.0057762904  -0.0018621754  -0.0006410234  -0.0001880667   0.0002577453
       -0.0002047715  -0.0002336163   0.0003346371   0.0000393760   0.0000695304
       -0.0000334848   0.0000136251   0.0000000617  -0.0000489320   0.0000269824
        0.0000108541  -0.0000072557  -0.0001321107  -0.0000006706   0.0000430210
       -0.0000539054  -0.0000306134  -0.0000006684   0.0000439022  -0.0000371568
        0.0000333437  -0.0000610201   0.0000058236  -0.0000319402  -0.0000051456
       -0.0569895602  -0.0640227600  -0.2400538064  -0.0051929881  -0.0038996516
       -0.0264626039   0.0685824789   0.0750107786   0.2776643191  -0.0012854187
       -0.0057292331  -0.0109352316
        0.0008663602   0.0019630807  -0.0001631936   0.0003170439   0.0002976471
       -0.0001892668   0.0002678890   0.0000561042   0.0000041761  -0.0004545587
        0.0008873010  -0.0005335995  -0.0063705296  -0.0014689992   0.0005014269
       -0.0209799621   0.0248885436   0.0072668167   0.0000170540  -0.0003401827
        0.0001243884  -0.0006876884   0.0001357457  -0.0000263950  -0.0001316133
        0.0000489978   0.0000143757   0.0001257147  -0.0000130803  -0.0000110269
       -0.0003169689  -0.0012161128   0.0001994074  -0.0000218276  -0.0000826523
        0.0000600003  -0.0000007984   0.0000072161   0.0000121707   0.0000093497
        0.0000210273  -0.0000165960  -0.0000000544  -0.0000274892   0.0000010264
       -0.1049088945   0.1012580152   0.0309530791   0.0031793032  -0.0033362331
       -0.0014863460   0.0043034801  -0.0050164240  -0.0012854187   0.1247867012
       -0.1180625052  -0.0354250253
       -0.0021389233   0.0010631013   0.0001733330   0.0000397480  -0.0001555098
        0.0001423763  -0.0001245669   0.0000909855   0.0000376309  -0.0004792890
        0.0002750214  -0.0000555734  -0.0003103419   0.0001898045  -0.0001941363
        0.0017271974   0.0028755568   0.0011734081  -0.0002098581   0.0002235153
        0.0000173882   0.0002028584  -0.0002102078   0.0000106728  -0.0000034776
        0.0000298703  -0.0000063763   0.0000021242   0.0000517469  -0.0000082157
       -0.0002495369  -0.0000354667  -0.0000547866   0.0000195817   0.0000218778
       -0.0000406013   0.0000252852  -0.0000230872  -0.0000243953   0.0000140054
       -0.0000145296   0.0000128920  -0.0000014964   0.0000395778   0.0000026482
        0.1018405990  -0.2087660375  -0.0484964042   0.0122530016  -0.0248406771
       -0.0042454467   0.0054555945  -0.0109467140  -0.0057292331  -0.1180625052
        0.2401311722   0.0572848195
       -0.0002324204  -0.0001109725  -0.0000248630   0.0000715637  -0.0000432955
       -0.0000154846  -0.0000884640   0.0001708782   0.0000000000  -0.0004772688
       -0.0000334401   0.0002932653   0.0001941599  -0.0000750680   0.0008706595
       -0.0004013293  -0.0000199952   0.0003536673   0.0000045226   0.0000161712
       -0.0000657667   0.0001045449  -0.0000950603  -0.0000647589  -0.0000196184
        0.0000108522  -0.0000234287  -0.0000046532   0.0000261224  -0.0000089844
        0.0001557145   0.0003219795   0.0000566413  -0.0000214666   0.0000041945
       -0.0000194092   0.0000268522   0.0000063685  -0.0000100868   0.0000004621
       -0.0000233239   0.0000194202   0.0000063029   0.0000159536  -0.0000020819
        0.0316842428  -0.0483964358  -0.0581230201  -0.0099208072   0.0186038483
        0.0045181742   0.0143426875  -0.0276635968  -0.0109352316  -0.0354250253
        0.0572848195   0.0631812878
