           1           2   1.43703436530961     
           2           3   1.42507242379955     
           3           4   1.33942176393244     
           2           5  0.103321132183400     
           4           5   1.38664060122237     
           1           6   1.40760231546826     
           3           6  0.100456817471094     
           5           6   1.41503651160297     
           5           7  0.967498576993487     
           4           8   1.06329932601039     
           8           9  0.847374717052943     
           2          10  0.968427994045007     
           1          11  0.969203021594233     
           3          12   1.02288608991868     
          12          13  0.970992481406238     
          12          14  0.970943446687652     
          12          15  0.983128408511540     
           6          16   1.02596363194731     
          16          17  0.977287753933837     
          16          18  0.967775578575764     
          16          19  0.984427096376771     
