           1           3  0.220189636698020     
           4           6  0.954664111714287     
           5           6  0.984477284754524     
           5           7   1.00999994113629     
           7           8   1.47076290450168     
           7           9   1.33934867148420     
           8          10   1.32961637021135     
           8          11  0.107884732873362     
           9          11   1.49329101677140     
           1          12   1.54021056396756     
           3          12   1.47180406390541     
           6          12  0.895140885292588     
           2          13   1.17031862701179     
          10          13   1.26467028763738     
          11          13   1.32739413406598     
           5          14  0.953674593677509     
           5          15  0.966047753403342     
           6          16  0.953030503072593     
           8          17  0.957980150507838     
           9          18  0.959694403812795     
          11          19  0.959098099230259     
           4          20  0.832682920025076     
           4          21  0.895930917602662     
           2          22  0.775712698535036     
           4          23  0.894486278720000     
          10          24   1.02872673206477     
          24          25   1.43254061393067     
          24          26   1.35839463402735     
          25          26  0.294337212987063     
