           1           2   1.38156601313457     
           2           3   1.41188914146888     
           3           4   1.28594118198835     
           4           5   1.41064926242272     
           1           6   1.43178510832799     
           5           6   1.41494228690450     
           4           7   1.06214004866629     
           7           8  0.841108020759078     
           2           9  0.963266260942843     
           3          10   1.03808326926428     
          10          11  0.967022384151059     
          11          12  0.977297406238050     
          11          13  0.978085608136919     
          11          14  0.977378574117385     
           6          15  0.968785202845537     
           5          16  0.967491153887400     
           1          17   1.01131530367028     
          17          18  0.974985398298508     
          17          19  0.972178834525872     
          17          20   1.00228248811440     
          20          21  0.988532325112456     
          20          22  0.985866590649652     
          20          23  0.988082591745802     
