           1           2   1.38463649675231     
           2           3   1.34748298650906     
           3           4   1.40241539851373     
           4           5   1.33164018066955     
           1           6   1.41271398493167     
           3           6  0.100611742781015     
           5           6   1.47569929238485     
           5           7  0.968092810896292     
           6           8  0.969747759489722     
           4           9   1.05884579102808     
           9          10  0.969168418704618     
          10          11  0.976821869675615     
          10          12  0.977831913444789     
          10          13  0.976821869675614     
           1          14  0.965156569140430     
           2          15   1.05683443213873     
          15          16  0.969250640149965     
          16          17  0.976892660498548     
          16          18  0.977982590623474     
          16          19  0.976892660498548     
           3          20  0.962560124396443     
