           1           2   1.34315769793237     
           2           3   1.39963483710172     
           3           4   1.34513587592539     
           4           5   1.35437230383352     
           1           6   1.45018090876111     
           5           6   1.44259821169719     
           1           7  0.969837913826265     
           3           8  0.963030605291296     
           5           9  0.968901615945013     
           6          10  0.970888920376010     
           4          11   1.15647753755926     
          11          12  0.942116012849838     
          11          13  0.942507506363028     
           2          14   1.04479525038563     
          14          15  0.972076444277067     
          15          16  0.978606599193894     
          15          17  0.976881279684774     
          15          18  0.976851268787837     
