           2           5  0.996613860239503     
           1           6  0.957012409477361     
           5           6  0.974611019783426     
           3           7   1.00319557227218     
           5           7  0.976380301476819     
           1           8   1.00886412538624     
           4           9   1.05012048603186     
           8           9   1.29937182650733     
           8          10   1.41711624026307     
           9          11   1.39334327558744     
          10          11  0.100002880601733     
          10          12   1.42035688823365     
           8          13  0.101423339086301     
          11          13   1.42523111205609     
          12          13   1.44948244969009     
           4          14  0.966451253159279     
           5          15  0.959880496396859     
           6          16  0.968536573845677     
           6          17  0.969774534059640     
           7          18  0.965634518880751     
           7          19  0.971972795570467     
          10          20  0.966145853148677     
          11          21  0.963451659696615     
           2          22  0.857816862821439     
          12          23  0.969093655522894     
          13          24  0.969118703545402     
           3          25  0.854027246824616     
          14          26  0.977229351430381     
          14          27  0.976311465481163     
          14          28  0.977373421285899     
