           1           2   1.46715237880951     
           2           3   1.34469986883242     
           1           4  0.103253247044357     
           3           4   1.35516826710676     
           2           5  0.104147554681961     
           4           5   1.45320441131379     
           1           6   1.42076247253341     
           5           6   1.43303721259759     
           1           7  0.971030996262020     
           2           8  0.967733048929839     
           4           9  0.965616364521741     
           5          10  0.971248977826403     
           6          11  0.971834546118626     
           3          12   1.12069049427187     
          12          13  0.928011080903318     
          12          14   1.12067847480399     
          14          15   1.35514246738693     
          14          16   1.34474611513860     
          15          17   1.45324330075973     
          16          17  0.104147982379139     
          15          18  0.965618042410543     
          15          19  0.103256702729013     
          16          19   1.46710342510881     
          16          20  0.967731702375736     
          17          21   1.43299685235278     
          19          21   1.42080824700708     
          17          22  0.971248720260864     
          19          23  0.971031127803255     
          21          24  0.971834452857064     
