$hessian                                                                        
        0.6762194318  -0.0090622530  -0.0000020050  -0.1058454620   0.0950704157
        0.0000000321   0.0026717493   0.0300933620  -0.0000000513  -0.0011319820
       -0.0227801195   0.0000000215  -0.0631948206   0.0047783178   0.0000002207
       -0.2267661866  -0.1558157191   0.0000009379  -0.0046649697   0.0019728118
        0.0000000416   0.0032954776   0.0024399558  -0.0000000193  -0.0027400359
        0.0008869020  -0.0000000074   0.0001094352   0.0001200497   0.0000000027
       -0.0000523007   0.0001786939  -0.0000006174   0.0000546837  -0.0001115775
        0.0000000020  -0.0000523011   0.0001786947   0.0000006204  -0.2752717487
        0.0861579832   0.0000007139  -0.0002042005  -0.0344960611   0.0000000839
        0.0024933991  -0.0021189114  -0.0000000117   0.0003009369   0.0001033906
       -0.0003575798  -0.0002449842   0.0000318556   0.0000000013   0.0003009385
        0.0001033958   0.0003575770  -0.0052770601   0.0022688131   0.0000000370
       -0.0090622530   0.6505051776  -0.0000009396   0.0177952270  -0.2978706067
        0.0000003754   0.0796317847  -0.0123701588  -0.0000002586  -0.0174743844
       -0.0578476202   0.0000001553  -0.0522242836   0.0501635820   0.0000001016
       -0.0782145067  -0.1932817833   0.0000005405   0.0023669118   0.0004978282
        0.0000000050  -0.0215078886  -0.0232618787   0.0000001142  -0.0012591024
        0.0017065967   0.0000000082   0.0004534826   0.0005251263  -0.0000000039
       -0.0003350405   0.0003101037   0.0002427143   0.0000781103   0.0000878719
       -0.0000000024  -0.0003350417   0.0003101030  -0.0002427155   0.0858840758
       -0.0742920509  -0.0000002187  -0.0100841489  -0.0452512420   0.0000001281
        0.0023662875  -0.0008413470  -0.0000000091  -0.0001615859   0.0003721779
        0.0003031915   0.0008842408  -0.0001488056  -0.0000000023  -0.0001615870
        0.0003721794  -0.0003031897   0.0013597021   0.0003147465   0.0000000056
       -0.0000020050  -0.0000009396   0.1038392638   0.0000001694   0.0000000956
       -0.0492347237  -0.0000001474  -0.0000000769   0.0009210193   0.0000000116
        0.0000001778  -0.0042279740   0.0000003195  -0.0000001041   0.0020629349
        0.0000007972   0.0000008175  -0.0437608106   0.0000000382   0.0000000064
        0.0075874621   0.0000000280   0.0000000324   0.0005437602   0.0000000144
       -0.0000000063  -0.0000199562  -0.0000000009  -0.0000000012   0.0000408481
       -0.0000317601   0.0000066053   0.0000112483  -0.0000000001   0.0000000000
        0.0000081068   0.0000317616  -0.0000066075   0.0000112493   0.0000007133
       -0.0000002191  -0.0284938669   0.0000000381   0.0000002110   0.0052543233
       -0.0000000195   0.0000000058  -0.0017454500   0.0001796543  -0.0003050112
        0.0000947311   0.0000000002   0.0000000008   0.0003248059  -0.0001796524
        0.0003050105   0.0000947308   0.0000000393   0.0000000027   0.0066882974
       -0.1058454620   0.0177952270   0.0000001694   0.6142679843  -0.0377737695
       -0.0000016364  -0.2716966090   0.1108897039   0.0000005835  -0.0651343095
       -0.0535711284   0.0000003051  -0.0251120597   0.0325057634   0.0000000151
        0.0449201764  -0.0101351999  -0.0000001420   0.0004530210   0.0010389726
        0.0000000030  -0.0025706759  -0.0032600621   0.0000000466   0.0056377862
       -0.0037677457  -0.0000000163   0.0002243476   0.0027524913   0.0000000004
       -0.0006144948   0.0000279912  -0.0001150220   0.0003450672  -0.0000381720
        0.0000000033  -0.0006144941   0.0000279887   0.0001150275  -0.0086100235
        0.0290455310  -0.0000000248  -0.1402345055  -0.0648979525   0.0000005250
       -0.0364421557  -0.0255600309   0.0000001514   0.0018001723  -0.0005235027
        0.0013310769  -0.0067312519   0.0010143702   0.0000000116   0.0018001725
       -0.0005235046  -0.0013310956  -0.0058426859   0.0049530290   0.0000000181
        0.0950704157  -0.2978706067   0.0000000956  -0.0377737695   0.6523439461
       -0.0000007707   0.0405876648  -0.1142175915  -0.0000000346  -0.0029035156
        0.0555393323  -0.0000001098   0.0366378937  -0.0342231402  -0.0000000762
       -0.0708028027  -0.0550357901   0.0000003590   0.0009456873   0.0002059678
       -0.0000000015  -0.0026004487  -0.0005343513   0.0000000253   0.0003157233
       -0.0062188526  -0.0000000077   0.0005102114   0.0005538195   0.0000000039
        0.0001914027  -0.0002663850   0.0000546549   0.0001199879   0.0001046675
        0.0000000057   0.0001913995  -0.0002663887  -0.0000546535   0.0053803940
       -0.0093852675  -0.0000000013  -0.0901199532  -0.1885678134   0.0000006481
       -0.0098488400   0.0110530462  -0.0000000038   0.0016412416   0.0006467182
        0.0013482321   0.0010613871  -0.0001392204  -0.0000000192   0.0016412319
        0.0006467135  -0.0013482669   0.0297546889  -0.0143688036  -0.0000000795
        0.0000000321   0.0000003754  -0.0492347237  -0.0000016364  -0.0000007707
        0.1303918028   0.0000007214  -0.0000002750  -0.0476865085   0.0000002133
        0.0000000891  -0.0060142428   0.0000000018  -0.0000000647  -0.0042821064
       -0.0000000308   0.0000001273  -0.0019832969  -0.0000000005  -0.0000000030
        0.0005373486   0.0000000401   0.0000000261   0.0078309407   0.0000000043
        0.0000000357   0.0073233794   0.0000000026  -0.0000000096   0.0010128012
       -0.0004608950   0.0000524624  -0.0002074387  -0.0000000015  -0.0000000003
       -0.0000156529   0.0004608969  -0.0000524623  -0.0002074422   0.0000000185
       -0.0000000869  -0.0005083128   0.0000005130   0.0000004829  -0.0356018686
        0.0000001332   0.0000000640  -0.0042545889  -0.0013402599  -0.0006960115
        0.0005030576   0.0000000239  -0.0000000020   0.0005224456   0.0013402503
        0.0006960132   0.0005030617  -0.0000000274   0.0000000099   0.0013713449
        0.0026717493   0.0796317847  -0.0000001474  -0.2716966090   0.0405876648
        0.0000007214   0.6581300400   0.0231317208  -0.0000020068  -0.2093126992
       -0.0791243103   0.0000007174   0.0390789013  -0.0585919837  -0.0000000298
       -0.0583138684  -0.0125119148   0.0000002088   0.0001515136   0.0015341565
        0.0000000163  -0.0005161960  -0.0002931419   0.0000000033  -0.0555391537
       -0.0205803840   0.0000002632   0.0001978435  -0.0037233195  -0.0000000033
        0.0002783501   0.0002293842  -0.0000385761   0.0002312862  -0.0006641135
       -0.0000000010   0.0002783480   0.0002293813   0.0000385704   0.0003159175
        0.0008237865   0.0000000203  -0.0524867249  -0.0091617279   0.0000002291
       -0.0017016640  -0.0018973762   0.0000000124  -0.0010099988  -0.0000714122
       -0.0003641077  -0.0009456491   0.0005578530  -0.0000000002  -0.0010099991
       -0.0000714117   0.0003641128  -0.0488013873   0.0399653638  -0.0000000029
        0.0300933620  -0.0123701588  -0.0000000769   0.1108897039  -0.1142175915
       -0.0000002750   0.0231317208   0.6773891117  -0.0000010895  -0.1531014929
       -0.2049343299   0.0000008233  -0.0101356697  -0.0483539188   0.0000001190
       -0.0110152222   0.0003375497   0.0000000322   0.0010119691  -0.0056074150
        0.0000000178  -0.0002818593   0.0009525951  -0.0000000003   0.0036353767
        0.0076896778  -0.0000000228   0.0009369134   0.0016713060  -0.0000000095
       -0.0001501838   0.0004086635  -0.0003425095   0.0003064291  -0.0005684913
        0.0000000005  -0.0001501815   0.0004086640   0.0003425092   0.0012445836
       -0.0054556207   0.0000000143  -0.0317317205   0.0069116959   0.0000001050
       -0.0023522242  -0.0032391621   0.0000000176  -0.0001250840  -0.0000035425
       -0.0001302475  -0.0012417933   0.0002101432   0.0000000039  -0.0001250839
       -0.0000035418   0.0001302475   0.0391604568  -0.3012256345   0.0000003406
       -0.0000000513  -0.0000002586   0.0009210193   0.0000005835  -0.0000000346
       -0.0476865085  -0.0000020068  -0.0000010895   0.1004080426   0.0000008346
        0.0000005574  -0.0447023131  -0.0000001116   0.0000003007   0.0009720678
        0.0000002033   0.0000000350  -0.0027492484   0.0000000194   0.0000000139
        0.0061961849   0.0000000037  -0.0000000002   0.0000039290   0.0000002226
        0.0000000633   0.0048758557  -0.0000000088   0.0000000063  -0.0017352883
        0.0001589827   0.0003713471   0.0000775406  -0.0000000009   0.0000000046
        0.0003328678  -0.0001589828  -0.0003713504   0.0000775404   0.0000000192
        0.0000000195   0.0066045973   0.0000002630   0.0000000374   0.0042429464
        0.0000000148   0.0000000138   0.0011741962   0.0002835168   0.0000024669
        0.0000212687   0.0000000048  -0.0000000025   0.0000679869  -0.0002835095
       -0.0000024659   0.0000212684   0.0000000033   0.0000003359  -0.0291239538
       -0.0011319820  -0.0174743844   0.0000000116  -0.0651343095  -0.0029035156
        0.0000002133  -0.2093126992  -0.1531014929   0.0000008346   0.6169047086
        0.0340510994  -0.0000017658  -0.0883208097   0.0656233241   0.0000000172
       -0.0008121678   0.0336745869  -0.0000000722   0.0027073756  -0.0244510283
        0.0000000298  -0.0044914638   0.0016198194   0.0000000370  -0.2451093524
        0.0335319607   0.0000007440  -0.0161757563   0.0215995909  -0.0000000059
        0.0014979514  -0.0018907713  -0.0018845012  -0.0009090993   0.0023408784
       -0.0000000092   0.0014979610  -0.0018907554   0.0018844899   0.0010633668
       -0.0007811569   0.0000000013   0.0048187762   0.0085785894  -0.0000000534
       -0.0038101990   0.0000400382   0.0000000231   0.0004344073  -0.0004546148
        0.0003474909  -0.0001005439   0.0001976100   0.0000000143   0.0004344080
       -0.0004546135  -0.0003474716   0.0059494280   0.0021448355  -0.0000000277
       -0.0227801195  -0.0578476202   0.0000001778  -0.0535711284   0.0555393323
        0.0000000891  -0.0791243103  -0.2049343299   0.0000005574   0.0340510994
        0.6541007385  -0.0000010448  -0.0068877312  -0.2928408837   0.0000004519
        0.0918685507  -0.0092276775  -0.0000003177   0.0010895368  -0.0224239591
        0.0000000360   0.0012276339   0.0010328575   0.0000000130   0.0070844787
       -0.0854279789   0.0000000550   0.0376060180  -0.0104084290  -0.0000001187
        0.0003422331   0.0010660936   0.0005176139   0.0022634651  -0.0060434746
        0.0000000061   0.0003422231   0.0010660920  -0.0005176188  -0.0003025709
       -0.0005131311   0.0000000043   0.0048344201   0.0002147761   0.0000000129
        0.0014565602  -0.0007286202  -0.0000000052   0.0004215772   0.0002633644
        0.0002489717   0.0001444277  -0.0002029590  -0.0000000074   0.0004215724
        0.0002633607  -0.0002489843  -0.0204879360  -0.0229475519   0.0000001077
        0.0000000215   0.0000001553  -0.0042279740   0.0000003051  -0.0000001098
       -0.0060142428   0.0000007174   0.0000008233  -0.0447023131  -0.0000017658
       -0.0000010448   0.1300541738   0.0000001443   0.0000001945  -0.0512297989
       -0.0000001583  -0.0000000987  -0.0017146688  -0.0000000087   0.0000001277
        0.0010987805   0.0000000430   0.0000000065   0.0085125687   0.0000007108
       -0.0000000310  -0.0358713808  -0.0000000227  -0.0000000649  -0.0042430523
        0.0012881804  -0.0008407362   0.0005233454   0.0000000019   0.0000000033
        0.0005539988  -0.0012881884   0.0008407487   0.0005233413  -0.0000000009
        0.0000000046   0.0005132656  -0.0000000063  -0.0000000156   0.0046007153
        0.0000000180   0.0000000038   0.0018663109   0.0003211939   0.0000284440
       -0.0000120508   0.0000000002  -0.0000000003   0.0000210607  -0.0003211990
       -0.0000284420  -0.0000120454   0.0000000135   0.0000000315  -0.0002400340
       -0.0631948206  -0.0522242836   0.0000003195  -0.0251120597   0.0366378937
        0.0000000018   0.0390789013  -0.0101356697  -0.0000001116  -0.0883208097
       -0.0068877312   0.0000001443   0.7047190058   0.0029296927  -0.0000021097
       -0.3295198934   0.1148341694   0.0000008248  -0.1944393401  -0.1298289711
        0.0000007981  -0.0077229006   0.0044662941   0.0000000151  -0.0244621569
        0.0460805937   0.0000000156  -0.0046615914   0.0008057301   0.0000000209
       -0.0003576179   0.0004566253   0.0002832484  -0.0003405284   0.0015819085
       -0.0000000012  -0.0003576182   0.0004566246  -0.0002832444  -0.0025447308
       -0.0032564633   0.0000000372  -0.0009325227  -0.0019027997  -0.0000000059
        0.0007349887  -0.0008125841   0.0000000015   0.0002813627   0.0002669488
        0.0002011622   0.0000447631  -0.0001545992   0.0000000035   0.0002813616
        0.0002669505  -0.0002011642  -0.0031737927  -0.0035803295   0.0000000439
        0.0047783178   0.0501635820  -0.0000001041   0.0325057634  -0.0342231402
       -0.0000000647  -0.0585919837  -0.0483539188   0.0000003007   0.0656233241
       -0.2928408837   0.0000001945   0.0029296927   0.6349880573  -0.0000009355
        0.0395841360  -0.1181137844  -0.0000000023  -0.1304503996  -0.1553785009
        0.0000006750   0.0284854663  -0.0123768970  -0.0000000786   0.0236329047
       -0.0189208074  -0.0000000493  -0.0001499130  -0.0000307424   0.0000000040
        0.0004756822  -0.0006679898  -0.0002599184  -0.0002696587  -0.0003260416
        0.0000000018   0.0004756851  -0.0006679887   0.0002599195  -0.0036408886
       -0.0018200746   0.0000000287  -0.0012938608  -0.0002677284  -0.0000000117
       -0.0006033701   0.0006651069   0.0000000027  -0.0003555435  -0.0001583706
       -0.0001168187   0.0001176161   0.0001344577   0.0000000029  -0.0003555424
       -0.0001583693   0.0001168268  -0.0028974281  -0.0016459661   0.0000000266
        0.0000002207   0.0000001016   0.0020629349   0.0000000151  -0.0000000762
       -0.0042821064  -0.0000000298   0.0000001190   0.0009720678   0.0000000172
        0.0000004519  -0.0512297989  -0.0000021097  -0.0000009355   0.1055791087
        0.0000009471  -0.0000002711  -0.0422542445   0.0000007991   0.0000006707
       -0.0307363322  -0.0000000216   0.0000000065   0.0003624340   0.0000000557
       -0.0000001217   0.0038266887   0.0000000223   0.0000000000   0.0015034228
       -0.0001655016   0.0002795801   0.0000143525   0.0000000019  -0.0000000047
        0.0001105207   0.0001655027  -0.0002795805   0.0000143537   0.0000000388
        0.0000000259   0.0068537726   0.0000000038   0.0000000058  -0.0000399688
       -0.0000000014   0.0000000017   0.0000350979   0.0000206938   0.0000141526
        0.0000086898   0.0000000001   0.0000000003   0.0000008742  -0.0000206949
       -0.0000141541   0.0000086904   0.0000000407   0.0000000278   0.0071894421
       -0.2267661866  -0.0782145067   0.0000007972   0.0449201764  -0.0708028027
       -0.0000000308  -0.0583138684  -0.0110152222   0.0000002033  -0.0008121678
        0.0918685507  -0.0000001583  -0.3295198934   0.0395841360   0.0000009471
        0.6708322450  -0.0119752969  -0.0000019612  -0.0238289436   0.0050862185
        0.0000000567  -0.0541589064   0.0509787782  -0.0000000058   0.0053704769
       -0.0016202264   0.0000000166  -0.0010900793  -0.0003213154   0.0000000075
        0.0003483206  -0.0004109996  -0.0003331666  -0.0001096970  -0.0000205921
       -0.0000000005   0.0003483236  -0.0004110046   0.0003331599  -0.0251924197
       -0.0177009899   0.0000001152   0.0008033731   0.0054960371   0.0000000190
       -0.0017259318   0.0006214518   0.0000000041  -0.0004494619  -0.0004306733
        0.0002014626   0.0001890407   0.0000025195  -0.0000000058  -0.0004494653
       -0.0004306807  -0.0002014602  -0.0003949352  -0.0002833813  -0.0000000002
       -0.1558157191  -0.1932817833   0.0000008175  -0.0101351999  -0.0550357901
        0.0000001273  -0.0125119148   0.0003375497   0.0000000350   0.0336745869
       -0.0092276775  -0.0000000987   0.1148341694  -0.1181137844  -0.0000002711
       -0.0119752969   0.6682238778  -0.0000009471  -0.0186821275   0.0051221872
        0.0000000652   0.0509981394  -0.2923777910   0.0000002745  -0.0003876916
       -0.0059083268   0.0000000235   0.0019662667  -0.0015942391  -0.0000000034
        0.0000776219   0.0001057714   0.0000984253   0.0001262511  -0.0003973689
       -0.0000000012   0.0000776222   0.0001057700  -0.0000984277   0.0062552897
        0.0055450165  -0.0000000346   0.0026979716  -0.0050725700   0.0000000067
       -0.0008334947   0.0010791875   0.0000000042  -0.0000820053  -0.0002467816
       -0.0000537558   0.0000222621   0.0002279372   0.0000000008  -0.0000820051
       -0.0002467830   0.0000537593  -0.0002247260   0.0007555984   0.0000000003
        0.0000009379   0.0000005405  -0.0437608106  -0.0000001420   0.0000003590
       -0.0019832969   0.0000002088   0.0000000322  -0.0027492484  -0.0000000722
       -0.0000003177  -0.0017146688   0.0000008248  -0.0000000023  -0.0422542445
       -0.0000019612  -0.0000009471   0.1155593039   0.0000001025  -0.0000000191
       -0.0010540467  -0.0000000161   0.0000002737  -0.0342198142   0.0000000157
        0.0000000202   0.0044111698   0.0000000047   0.0000000057   0.0016031003
       -0.0001490835   0.0002521406   0.0000143474  -0.0000000006   0.0000000006
        0.0000055386   0.0001490803  -0.0002521382   0.0000143452   0.0000000734
        0.0000000527  -0.0008629854   0.0000000157  -0.0000000030   0.0068134372
        0.0000000093  -0.0000000020   0.0007717621   0.0002563752   0.0003641530
       -0.0001526013  -0.0000000015  -0.0000000005   0.0000222737  -0.0002563736
       -0.0003641480  -0.0001525968   0.0000000024  -0.0000000004  -0.0003109647
       -0.0046649697   0.0023669118   0.0000000382   0.0004530210   0.0009456873
       -0.0000000005   0.0001515136   0.0010119691   0.0000000194   0.0027073756
        0.0010895368  -0.0000000087  -0.1944393401  -0.1304503996   0.0000007991
       -0.0238289436  -0.0186821275   0.0000001025   0.2195703273   0.1450755455
       -0.0000009303   0.0007080932  -0.0006482977  -0.0000000112   0.0008059565
       -0.0003546565  -0.0000000128  -0.0000692157   0.0004834816  -0.0000000008
       -0.0000323790  -0.0000114878  -0.0000056890  -0.0000148835   0.0000705906
       -0.0000000004  -0.0000323788  -0.0000114876   0.0000056885  -0.0012458460
       -0.0009357519   0.0000000082  -0.0002936092  -0.0000634058  -0.0000000013
        0.0001077881  -0.0002005011  -0.0000000009   0.0000201471   0.0000458598
        0.0000364904   0.0000129365  -0.0000537892   0.0000000004   0.0000201477
        0.0000458601  -0.0000364897   0.0000642591   0.0002764623  -0.0000000010
        0.0019728118   0.0004978282   0.0000000064   0.0010389726   0.0002059678
       -0.0000000030   0.0015341565  -0.0056074150   0.0000000139  -0.0244510283
       -0.0224239591   0.0000001277  -0.1298289711  -0.1553785009   0.0000006707
        0.0050862185   0.0051221872  -0.0000000191   0.1450755455   0.1750306124
       -0.0000007824   0.0007694852   0.0009261240  -0.0000000083  -0.0000854154
        0.0018304115  -0.0000000058  -0.0000093618   0.0004544804  -0.0000000008
       -0.0001057987   0.0001642495   0.0000971424   0.0000484602   0.0000993105
        0.0000000004  -0.0001057998   0.0001642490  -0.0000971420   0.0003530726
        0.0001627038  -0.0000000013  -0.0000293385  -0.0001230116  -0.0000000006
        0.0000131309   0.0000576033  -0.0000000016  -0.0000143567   0.0000092066
       -0.0000236187  -0.0000085897   0.0000068024  -0.0000000014  -0.0000143565
        0.0000092067   0.0000236171  -0.0012388371  -0.0012080569   0.0000000062
        0.0000000416   0.0000000050   0.0075874621   0.0000000030  -0.0000000015
        0.0005373486   0.0000000163   0.0000000178   0.0061961849   0.0000000298
        0.0000000360   0.0010987805   0.0000007981   0.0000006750  -0.0307363322
        0.0000000567   0.0000000652  -0.0010540467  -0.0000009303  -0.0000007824
        0.0229758859  -0.0000000132  -0.0000000041  -0.0027988606  -0.0000000046
       -0.0000000085  -0.0026897437   0.0000000005  -0.0000000025  -0.0000065959
        0.0000050525  -0.0000315047  -0.0000192535   0.0000000001   0.0000000005
        0.0000199730  -0.0000050512   0.0000315057  -0.0000192529   0.0000000051
        0.0000000037   0.0004857418  -0.0000000045  -0.0000000035  -0.0012311982
       -0.0000000017  -0.0000000007  -0.0003170553  -0.0000900542  -0.0000661673
        0.0000213924   0.0000000005  -0.0000000008  -0.0000092017   0.0000900535
        0.0000661659   0.0000213914   0.0000000019   0.0000000012  -0.0000626199
        0.0032954776  -0.0215078886   0.0000000280  -0.0025706759  -0.0026004487
        0.0000000401  -0.0005161960  -0.0002818593   0.0000000037  -0.0044914638
        0.0012276339   0.0000000430  -0.0077229006   0.0284854663  -0.0000000216
       -0.0541589064   0.0509981394  -0.0000000161   0.0007080932   0.0007694852
       -0.0000000132   0.0659828391  -0.0563693671  -0.0000000491  -0.0006038376
        0.0015730225  -0.0000000025  -0.0004863113   0.0003321435   0.0000000006
        0.0000126430  -0.0000179581   0.0000013779  -0.0000488880   0.0001184677
       -0.0000000001   0.0000126429  -0.0000179577  -0.0000013774   0.0007394077
       -0.0010082740  -0.0000000096  -0.0002323927  -0.0016882589   0.0000000004
        0.0000165600  -0.0000146822   0.0000000005   0.0000488836  -0.0000033330
        0.0000213338  -0.0000005103   0.0000005117   0.0000000005   0.0000488834
       -0.0000033328  -0.0000213341  -0.0000333480   0.0000084901  -0.0000000049
        0.0024399558  -0.0232618787   0.0000000324  -0.0032600621  -0.0005343513
        0.0000000261  -0.0002931419   0.0009525951  -0.0000000002   0.0016198194
        0.0010328575   0.0000000065   0.0044662941  -0.0123768970   0.0000000065
        0.0509787782  -0.2923777910   0.0000002737  -0.0006482977   0.0009261240
       -0.0000000041  -0.0563693671   0.3281992051  -0.0000003344   0.0007248743
       -0.0011107894   0.0000000001   0.0001985742   0.0001734063  -0.0000000014
       -0.0000453695  -0.0000150809  -0.0000044580   0.0000390639  -0.0000567821
       -0.0000000001  -0.0000453695  -0.0000150808   0.0000044583   0.0006140574
        0.0008001466  -0.0000000074  -0.0005814684  -0.0025064671   0.0000000052
        0.0001851960   0.0000284918  -0.0000000008   0.0000221136   0.0000220023
       -0.0000308153  -0.0000291398   0.0000357997   0.0000000002   0.0000221140
        0.0000220024   0.0000308154  -0.0000386249   0.0000624874  -0.0000000027
       -0.0000000193   0.0000001142   0.0005437602   0.0000000466   0.0000000253
        0.0078309407   0.0000000033  -0.0000000003   0.0000039290   0.0000000370
        0.0000000130   0.0085125687   0.0000000151  -0.0000000786   0.0003624340
       -0.0000000058   0.0000002745  -0.0342198142  -0.0000000112  -0.0000000083
       -0.0027988606  -0.0000000491  -0.0000003344   0.0242722179   0.0000000048
       -0.0000000049   0.0001267291   0.0000000007  -0.0000000021  -0.0002780033
        0.0000237425  -0.0000311435  -0.0000110609   0.0000000000  -0.0000000005
       -0.0000273054  -0.0000237424   0.0000311442  -0.0000110602  -0.0000000119
       -0.0000000017  -0.0025240060  -0.0000000034   0.0000000056  -0.0003591346
       -0.0000000009   0.0000000001   0.0000550239  -0.0000017936  -0.0000190413
        0.0000052765   0.0000000005  -0.0000000000   0.0000181990   0.0000017927
        0.0000190412   0.0000052759  -0.0000000056  -0.0000000027  -0.0015071097
       -0.0027400359  -0.0012591024   0.0000000144   0.0056377862   0.0003157233
        0.0000000043  -0.0555391537   0.0036353767   0.0000002226  -0.2451093524
        0.0070844787   0.0000007108  -0.0244621569   0.0236329047   0.0000000557
        0.0053704769  -0.0003876916   0.0000000157   0.0008059565  -0.0000854154
       -0.0000000046  -0.0006038376   0.0007248743   0.0000000048   0.3992130541
       -0.0776096634  -0.0000011146  -0.0713257033   0.0207971277   0.0000000628
        0.0045445091  -0.0053101308   0.0032634568  -0.0141071146   0.0363310291
        0.0000000003   0.0045444307  -0.0053099596  -0.0032634413  -0.0001333180
        0.0001274607  -0.0000000037  -0.0081450651  -0.0035699106   0.0000000654
        0.0012078056  -0.0014757719  -0.0000000069  -0.0000512987   0.0003891443
       -0.0000546420  -0.0003015588  -0.0001459393  -0.0000000110  -0.0000513032
        0.0003891423   0.0000546224   0.0012458791   0.0017263233  -0.0000000117
        0.0008869020   0.0017065967  -0.0000000063  -0.0037677457  -0.0062188526
        0.0000000357  -0.0205803840   0.0076896778   0.0000000633   0.0335319607
       -0.0854279789  -0.0000000310   0.0460805937  -0.0189208074  -0.0000001217
       -0.0016202264  -0.0059083268   0.0000000202  -0.0003546565   0.0018304115
       -0.0000000085   0.0015730225  -0.0011107894  -0.0000000049  -0.0776096634
        0.3989650794  -0.0000002988   0.0044074664  -0.2074025572   0.0000002626
        0.0038830116  -0.0386801408  -0.0103990834   0.0087936274  -0.0090301330
       -0.0000000142   0.0038830595  -0.0386800143   0.0103991949   0.0000153806
       -0.0001861282  -0.0000000023   0.0005839968   0.0014096805  -0.0000000101
       -0.0010735866   0.0002369413   0.0000000043   0.0000300105  -0.0001409454
       -0.0000162400  -0.0000683346   0.0000528382   0.0000000033   0.0000300120
       -0.0001409442   0.0000162447   0.0013755535  -0.0000436071  -0.0000000079
       -0.0000000074   0.0000000082  -0.0000199562  -0.0000000163  -0.0000000077
        0.0073233794   0.0000002632  -0.0000000228   0.0048758557   0.0000007440
        0.0000000550  -0.0358713808   0.0000000156  -0.0000000493   0.0038266887
        0.0000000166   0.0000000235   0.0044111698  -0.0000000128  -0.0000000058
       -0.0026897437  -0.0000000025   0.0000000001   0.0001267291  -0.0000011146
       -0.0000002988   0.0613156616   0.0000000806   0.0000002115  -0.0457967430
        0.0069876323  -0.0268297641   0.0023967279   0.0000000380  -0.0000001103
        0.0008446986  -0.0069876619   0.0268299391   0.0023966674  -0.0000000022
       -0.0000000039  -0.0011142207   0.0000000435   0.0000000335   0.0001580153
       -0.0000000022   0.0000000036  -0.0003463970  -0.0000477419   0.0000012424
        0.0000049497   0.0000000016   0.0000000005  -0.0000596795   0.0000477419
       -0.0000012452   0.0000049483  -0.0000000157  -0.0000000095  -0.0017873706
        0.0001094352   0.0004534826  -0.0000000009   0.0002243476   0.0005102114
        0.0000000026   0.0001978435   0.0009369134  -0.0000000088  -0.0161757563
        0.0376060180  -0.0000000227  -0.0046615914  -0.0001499130   0.0000000223
       -0.0010900793   0.0019662667   0.0000000047  -0.0000692157  -0.0000093618
        0.0000000005  -0.0004863113   0.0001985742   0.0000000007  -0.0713257033
        0.0044074664   0.0000000806   0.5229366323   0.0320661365  -0.0000001766
       -0.0721135169  -0.0342898184  -0.0659813967  -0.2836774081  -0.0108577222
        0.0000008525  -0.0721125868  -0.0342890488   0.0659806419  -0.0000238566
        0.0001131024  -0.0000000016   0.0000682835   0.0001453873   0.0000000006
        0.0002504080  -0.0000642869  -0.0000000010  -0.0000421207   0.0000111064
       -0.0000021243  -0.0000178147   0.0000093671  -0.0000000006  -0.0000421209
        0.0000111062   0.0000021237  -0.0019488683   0.0012250126   0.0000000032
        0.0001200497   0.0005251263  -0.0000000012   0.0027524913   0.0005538195
       -0.0000000096  -0.0037233195   0.0016713060   0.0000000063   0.0215995909
       -0.0104084290  -0.0000000649   0.0008057301  -0.0000307424   0.0000000000
       -0.0003213154  -0.0015942391   0.0000000057   0.0004834816   0.0004544804
       -0.0000000025   0.0003321435   0.0001734063  -0.0000000021   0.0207971277
       -0.2074025572   0.0000002115   0.0320661365   0.4076716575   0.0000000221
       -0.0348649287  -0.0766636194  -0.0777411918  -0.0038815170  -0.0379626009
        0.0000000075  -0.0348641515  -0.0766630794   0.0777410133  -0.0000674442
        0.0001752974  -0.0000000005  -0.0012395051  -0.0008078116   0.0000000038
        0.0003569692  -0.0002649444  -0.0000000008  -0.0000271008   0.0000855274
       -0.0000120445   0.0000182435  -0.0000116907   0.0000000009  -0.0000271003
        0.0000855276   0.0000120461  -0.0003155814   0.0004135657   0.0000000007
        0.0000000027  -0.0000000039   0.0000408481   0.0000000004   0.0000000039
        0.0010128012  -0.0000000033  -0.0000000095  -0.0017352883  -0.0000000059
       -0.0000001187  -0.0042430523   0.0000000209   0.0000000040   0.0015034228
        0.0000000075  -0.0000000034   0.0016031003  -0.0000000008  -0.0000000008
       -0.0000065959   0.0000000006  -0.0000000014  -0.0002780033   0.0000000628
        0.0000002626  -0.0457967430  -0.0000001766   0.0000000221   0.4872233859
       -0.0670640925  -0.0772217872  -0.1975000341   0.0000008394   0.0000000325
       -0.0436104437   0.0670633406   0.0772216063  -0.1975015036  -0.0000000014
       -0.0000000011  -0.0003884761   0.0000000005  -0.0000000008  -0.0000438416
       -0.0000000015   0.0000000007   0.0000223963   0.0000067562   0.0000012363
       -0.0000014973   0.0000000001  -0.0000000000   0.0000223536  -0.0000067560
       -0.0000012363  -0.0000014971   0.0000000064  -0.0000000055  -0.0003213319
       -0.0000523007  -0.0003350405  -0.0000317601  -0.0006144948   0.0001914027
       -0.0004608950   0.0002783501  -0.0001501838   0.0001589827   0.0014979514
        0.0003422331   0.0012881804  -0.0003576179   0.0004756822  -0.0001655016
        0.0003483206   0.0000776219  -0.0001490835  -0.0000323790  -0.0001057987
        0.0000050525   0.0000126430  -0.0000453695   0.0000237425   0.0045445091
        0.0038830116   0.0069876323  -0.0721135169  -0.0348649287  -0.0670640925
        0.0791902442   0.0398936851   0.0755872510  -0.0149788371  -0.0131033636
       -0.0272504361   0.0037524281   0.0034910855   0.0098312164   0.0000318999
       -0.0000491946   0.0001140504   0.0002479540   0.0000937816  -0.0000295319
       -0.0000882787   0.0000323316   0.0000204295   0.0000191937  -0.0000113491
        0.0000080070   0.0000130628   0.0000010492   0.0000001706   0.0000250848
       -0.0000207644  -0.0000108326  -0.0017242166   0.0002041083   0.0011374182
        0.0001786939   0.0003101037   0.0000066053   0.0000279912  -0.0002663850
        0.0000524624   0.0002293842   0.0004086635   0.0003713471  -0.0018907713
        0.0010660936  -0.0008407362   0.0004566253  -0.0006679898   0.0002795801
       -0.0004109996   0.0001057714   0.0002521406  -0.0000114878   0.0001642495
       -0.0000315047  -0.0000179581  -0.0000150809  -0.0000311435  -0.0053101308
       -0.0386801408  -0.0268297641  -0.0342898184  -0.0766636194  -0.0772217872
        0.0398936851   0.1070913699   0.0972508223  -0.0027351415   0.0004417850
       -0.0022037080   0.0034911161   0.0061595256   0.0093158435   0.0000169205
       -0.0000037424  -0.0000526682   0.0000600505   0.0000548759  -0.0000056540
       -0.0000685957   0.0000406756  -0.0000004701   0.0000017075  -0.0000141056
        0.0000006725  -0.0000045859   0.0000142807  -0.0000056725   0.0000052315
       -0.0000196455  -0.0000084326   0.0003780835   0.0004733147  -0.0002979326
       -0.0000006174   0.0002427143   0.0000112483  -0.0001150220   0.0000546549
       -0.0002074387  -0.0000385761  -0.0003425095   0.0000775406  -0.0018845012
        0.0005176139   0.0005233454   0.0002832484  -0.0002599184   0.0000143525
       -0.0003331666   0.0000984253   0.0000143474  -0.0000056890   0.0000971424
       -0.0000192535   0.0000013779  -0.0000044580  -0.0000110609   0.0032634568
       -0.0103990834   0.0023967279  -0.0659813967  -0.0777411918  -0.1975000341
        0.0755872510   0.0972508223   0.2251872958  -0.0021957586  -0.0006661105
       -0.0016983336  -0.0098314551  -0.0093159906  -0.0286737458  -0.0000009688
        0.0000440788   0.0000111718   0.0000872161   0.0001633730   0.0000334328
       -0.0000035181   0.0000112764   0.0000029158  -0.0000153993  -0.0000080059
        0.0000008669   0.0000018290   0.0000120252   0.0000037155  -0.0000096193
        0.0000017453  -0.0000014498   0.0011913091   0.0002433963  -0.0001656443
        0.0000546837   0.0000781103  -0.0000000001   0.0003450672   0.0001199879
       -0.0000000015   0.0002312862   0.0003064291  -0.0000000009  -0.0009090993
        0.0022634651   0.0000000019  -0.0003405284  -0.0002696587   0.0000000019
       -0.0001096970   0.0001262511  -0.0000000006  -0.0000148835   0.0000484602
        0.0000000001  -0.0000488880   0.0000390639   0.0000000000  -0.0141071146
        0.0087936274   0.0000000380  -0.2836774081  -0.0038815170   0.0000008394
       -0.0149788371  -0.0027351415  -0.0021957586   0.3285894658  -0.0024587272
       -0.0000009808  -0.0149786300  -0.0027351184   0.0021958613  -0.0000205697
        0.0000259939  -0.0000000001  -0.0000344276  -0.0000629848   0.0000000007
       -0.0000016127   0.0000087282  -0.0000000000  -0.0000092211   0.0000146050
       -0.0000108477  -0.0000041972  -0.0000068629   0.0000000001  -0.0000092209
        0.0000146051   0.0000108481   0.0000238325   0.0003106836  -0.0000000013
       -0.0001115775   0.0000878719   0.0000000000  -0.0000381720   0.0001046675
       -0.0000000003  -0.0006641135  -0.0005684913   0.0000000046   0.0023408784
       -0.0060434746   0.0000000033   0.0015819085  -0.0003260416  -0.0000000047
       -0.0000205921  -0.0003973689   0.0000000006   0.0000705906   0.0000993105
        0.0000000005   0.0001184677  -0.0000567821  -0.0000000005   0.0363310291
       -0.0090301330  -0.0000001103  -0.0108577222  -0.0379626009   0.0000000325
       -0.0131033636   0.0004417850  -0.0006661105  -0.0024587272   0.0527531534
       -0.0000000092  -0.0131032640   0.0004417948   0.0006661954  -0.0000128368
        0.0000345532  -0.0000000001   0.0000933478   0.0000565774   0.0000000002
        0.0000173127   0.0000154879  -0.0000000003  -0.0000140238  -0.0000022749
       -0.0000052637  -0.0000098498   0.0000109874  -0.0000000004  -0.0000140239
       -0.0000022748   0.0000052634  -0.0001452681   0.0003432532  -0.0000000005
        0.0000000020  -0.0000000024   0.0000081068   0.0000000033   0.0000000057
       -0.0000156529  -0.0000000010   0.0000000005   0.0003328678  -0.0000000092
        0.0000000061   0.0005539988  -0.0000000012   0.0000000018   0.0001105207
       -0.0000000005  -0.0000000012   0.0000055386  -0.0000000004   0.0000000004
        0.0000199730  -0.0000000001  -0.0000000001  -0.0000273054   0.0000000003
       -0.0000000142   0.0008446986   0.0000008525   0.0000000075  -0.0436104437
       -0.0272504361  -0.0022037080  -0.0016983336  -0.0000009808  -0.0000000092
        0.0453426046   0.0272505751   0.0022037196  -0.0016985511  -0.0000000002
       -0.0000000001  -0.0000099017  -0.0000000031  -0.0000000033   0.0000372043
       -0.0000000002  -0.0000000004  -0.0000020323   0.0000003750  -0.0000039819
       -0.0000026554   0.0000000003  -0.0000000004  -0.0000044043  -0.0000003752
        0.0000039817  -0.0000026554  -0.0000000005  -0.0000000022  -0.0001835775
       -0.0000523011  -0.0003350417   0.0000317616  -0.0006144941   0.0001913995
        0.0004608969   0.0002783480  -0.0001501815  -0.0001589828   0.0014979610
        0.0003422231  -0.0012881884  -0.0003576182   0.0004756851   0.0001655027
        0.0003483236   0.0000776222   0.0001490803  -0.0000323788  -0.0001057998
       -0.0000050512   0.0000126429  -0.0000453695  -0.0000237424   0.0045444307
        0.0038830595  -0.0069876619  -0.0721125868  -0.0348641515   0.0670633406
        0.0037524281   0.0034911161  -0.0098314551  -0.0149786300  -0.0131032640
        0.0272505751   0.0791891903   0.0398927441  -0.0755863746   0.0000318993
       -0.0000491952  -0.0001140504   0.0002479569   0.0000937843   0.0000295302
       -0.0000882786   0.0000323316  -0.0000204291   0.0000250851  -0.0000207642
        0.0000108323   0.0000130625   0.0000010493  -0.0000001710   0.0000191938
       -0.0000113490  -0.0000080072  -0.0017242345   0.0002041016  -0.0011374057
        0.0001786947   0.0003101030  -0.0000066075   0.0000279887  -0.0002663887
       -0.0000524623   0.0002293813   0.0004086640  -0.0003713504  -0.0018907554
        0.0010660920   0.0008407487   0.0004566246  -0.0006679887  -0.0002795805
       -0.0004110046   0.0001057700  -0.0002521382  -0.0000114876   0.0001642490
        0.0000315057  -0.0000179577  -0.0000150808   0.0000311442  -0.0053099596
       -0.0386800143   0.0268299391  -0.0342890488  -0.0766630794   0.0772216063
        0.0034910855   0.0061595256  -0.0093159906  -0.0027351184   0.0004417948
        0.0022037196   0.0398927441   0.1070906958  -0.0972506846   0.0000169209
       -0.0000037421   0.0000526685   0.0000600536   0.0000548793   0.0000056537
       -0.0000685954   0.0000406755   0.0000004704   0.0000052317  -0.0000196452
        0.0000084324  -0.0000045861   0.0000142808   0.0000056719   0.0000017078
       -0.0000141057  -0.0000006724   0.0003780806   0.0004733153   0.0002979260
        0.0000006204  -0.0002427155   0.0000112493   0.0001150275  -0.0000546535
       -0.0002074422   0.0000385704   0.0003425092   0.0000775404   0.0018844899
       -0.0005176188   0.0005233413  -0.0002832444   0.0002599195   0.0000143537
        0.0003331599  -0.0000984277   0.0000143452   0.0000056885  -0.0000971420
       -0.0000192529  -0.0000013774   0.0000044583  -0.0000110602  -0.0032634413
        0.0103991949   0.0023966674   0.0659806419   0.0777410133  -0.1975015036
        0.0098312164   0.0093158435  -0.0286737458   0.0021958613   0.0006661954
       -0.0016985511  -0.0755863746  -0.0972506846   0.2251890326   0.0000009685
       -0.0000440778   0.0000111728  -0.0000872168  -0.0001633722   0.0000334345
        0.0000035190  -0.0000112772   0.0000029155   0.0000096191  -0.0000017447
       -0.0000014503  -0.0000018292  -0.0000120254   0.0000037151   0.0000153992
        0.0000080060   0.0000008671  -0.0011912980  -0.0002434006  -0.0001656286
       -0.2752717487   0.0858840758   0.0000007133  -0.0086100235   0.0053803940
        0.0000000185   0.0003159175   0.0012445836   0.0000000192   0.0010633668
       -0.0003025709  -0.0000000009  -0.0025447308  -0.0036408886   0.0000000388
       -0.0251924197   0.0062552897   0.0000000734  -0.0012458460   0.0003530726
        0.0000000051   0.0007394077   0.0006140574  -0.0000000119  -0.0001333180
        0.0000153806  -0.0000000022  -0.0000238566  -0.0000674442  -0.0000000014
        0.0000318999   0.0000169205  -0.0000009688  -0.0000205697  -0.0000128368
       -0.0000000002   0.0000318993   0.0000169209   0.0000009685   0.3132631661
       -0.0911089035  -0.0000008605  -0.0009254411  -0.0001924737  -0.0000000027
       -0.0005541290  -0.0020569598   0.0000000048  -0.0003068489  -0.0010160559
       -0.0003514417   0.0001754806  -0.0004219580  -0.0000000002  -0.0003068412
       -0.0010160487   0.0003514470  -0.0004853647   0.0000554449   0.0000000019
        0.0861579832  -0.0742920509  -0.0000002191   0.0290455310  -0.0093852675
       -0.0000000869   0.0008237865  -0.0054556207   0.0000000195  -0.0007811569
       -0.0005131311   0.0000000046  -0.0032564633  -0.0018200746   0.0000000259
       -0.0177009899   0.0055450165   0.0000000527  -0.0009357519   0.0001627038
        0.0000000037  -0.0010082740   0.0008001466  -0.0000000017   0.0001274607
       -0.0001861282  -0.0000000039   0.0001131024   0.0001752974  -0.0000000011
       -0.0000491946  -0.0000037424   0.0000440788   0.0000259939   0.0000345532
       -0.0000000001  -0.0000491952  -0.0000037421  -0.0000440778  -0.0911089035
        0.0863435533   0.0000002022  -0.0001773468   0.0019971407  -0.0000000084
       -0.0003958252  -0.0009818025   0.0000000032  -0.0011928922  -0.0009504254
       -0.0011775121   0.0000270588   0.0001584954   0.0000000001  -0.0011928809
       -0.0009504174   0.0011775240   0.0015279578  -0.0006745042  -0.0000000037
        0.0000007139  -0.0000002187  -0.0284938669  -0.0000000248  -0.0000000013
       -0.0005083128   0.0000000203   0.0000000143   0.0066045973   0.0000000013
        0.0000000043   0.0005132656   0.0000000372   0.0000000287   0.0068537726
        0.0000001152  -0.0000000346  -0.0008629854   0.0000000082  -0.0000000013
        0.0004857418  -0.0000000096  -0.0000000074  -0.0025240060  -0.0000000037
       -0.0000000023  -0.0011142207  -0.0000000016  -0.0000000005  -0.0003884761
        0.0001140504  -0.0000526682   0.0000111718  -0.0000000001  -0.0000000001
       -0.0000099017  -0.0001140504   0.0000526685   0.0000111728  -0.0000008605
        0.0000002022   0.0216487538  -0.0000000012  -0.0000000060  -0.0015122419
        0.0000000012   0.0000000089  -0.0002137000  -0.0007972445  -0.0008344448
       -0.0001712418  -0.0000000014   0.0000000008  -0.0001816366   0.0007972508
        0.0008344559  -0.0001712573  -0.0000000006   0.0000000016   0.0000233716
       -0.0002042005  -0.0100841489   0.0000000381  -0.1402345055  -0.0901199532
        0.0000005130  -0.0524867249  -0.0317317205   0.0000002630   0.0048187762
        0.0048344201  -0.0000000063  -0.0009325227  -0.0012938608   0.0000000038
        0.0008033731   0.0026979716   0.0000000157  -0.0002936092  -0.0000293385
       -0.0000000045  -0.0002323927  -0.0005814684  -0.0000000034  -0.0081450651
        0.0005839968   0.0000000435   0.0000682835  -0.0012395051   0.0000000005
        0.0002479540   0.0000600505   0.0000872161  -0.0000344276   0.0000933478
       -0.0000000031   0.0002479569   0.0000600536  -0.0000872168  -0.0009254411
       -0.0001773468  -0.0000000012   0.4661112947   0.0393894038  -0.0000015203
       -0.1856852464   0.0596907185   0.0000003879  -0.0276913987   0.0142159816
       -0.0106116499  -0.0295812812  -0.0001291198   0.0000001165  -0.0276911358
        0.0142159727   0.0106118259   0.0018403128  -0.0004554550  -0.0000000185
       -0.0344960611  -0.0452512420   0.0000002110  -0.0648979525  -0.1885678134
        0.0000004829  -0.0091617279   0.0069116959   0.0000000374   0.0085785894
        0.0002147761  -0.0000000156  -0.0019027997  -0.0002677284   0.0000000058
        0.0054960371  -0.0050725700  -0.0000000030  -0.0000634058  -0.0001230116
       -0.0000000035  -0.0016882589  -0.0025064671   0.0000000056  -0.0035699106
        0.0014096805   0.0000000335   0.0001453873  -0.0008078116  -0.0000000008
        0.0000937816   0.0000548759   0.0001633730  -0.0000629848   0.0000565774
       -0.0000000033   0.0000937843   0.0000548793  -0.0001633722  -0.0001924737
        0.0019971407  -0.0000000060   0.0393894038   0.3311052110  -0.0000006787
        0.0432221104  -0.0935446641  -0.0000000534   0.0234989834  -0.0063970894
        0.0022046791  -0.0276533886   0.0063560158   0.0000001064   0.0234990657
       -0.0063971186  -0.0022047920  -0.0003281793   0.0007746634  -0.0000000062
        0.0000000839   0.0000001281   0.0052543233   0.0000005250   0.0000006481
       -0.0356018686   0.0000002291   0.0000001050   0.0042429464  -0.0000000534
        0.0000000129   0.0046007153  -0.0000000059  -0.0000000117  -0.0000399688
        0.0000000190   0.0000000067   0.0068134372  -0.0000000013  -0.0000000006
       -0.0012311982   0.0000000004   0.0000000052  -0.0003591346   0.0000000654
       -0.0000000101   0.0001580153   0.0000000006   0.0000000038  -0.0000438416
       -0.0000295319  -0.0000056540   0.0000334328   0.0000000007   0.0000000002
        0.0000372043   0.0000295302   0.0000056537   0.0000334345  -0.0000000027
       -0.0000000084  -0.0015122419  -0.0000015203  -0.0000006787   0.0605239374
        0.0000004043  -0.0000001171  -0.0455597552  -0.0267564675   0.0070396318
        0.0023995211   0.0000001530  -0.0000000058   0.0009532084   0.0267565939
       -0.0070397008   0.0023992869  -0.0000000222  -0.0000000085  -0.0031014542
        0.0024933991   0.0023662875  -0.0000000195  -0.0364421557  -0.0098488400
        0.0000001332  -0.0017016640  -0.0023522242   0.0000000148  -0.0038101990
        0.0014565602   0.0000000180   0.0007349887  -0.0006033701  -0.0000000014
       -0.0017259318  -0.0008334947   0.0000000093   0.0001077881   0.0000131309
       -0.0000000017   0.0000165600   0.0001851960  -0.0000000009   0.0012078056
       -0.0010735866  -0.0000000022   0.0002504080   0.0003569692  -0.0000000015
       -0.0000882787  -0.0000685957  -0.0000035181  -0.0000016127   0.0000173127
       -0.0000000002  -0.0000882786  -0.0000685954   0.0000035190  -0.0005541290
       -0.0003958252   0.0000000012  -0.1856852464   0.0432221104   0.0000004043
        0.4081314806   0.0323525021   0.0000002235  -0.0460403992   0.0202318587
       -0.0354276735  -0.0908424891  -0.1045898401   0.0000003485  -0.0460399146
        0.0202313103   0.0354265469   0.0000778687  -0.0005988658   0.0000000003
       -0.0021189114  -0.0008413470   0.0000000058  -0.0255600309   0.0110530462
        0.0000000640  -0.0018973762  -0.0032391621   0.0000000138   0.0000400382
       -0.0007286202   0.0000000038  -0.0008125841   0.0006651069   0.0000000017
        0.0006214518   0.0010791875  -0.0000000020  -0.0002005011   0.0000576033
       -0.0000000007  -0.0000146822   0.0000284918   0.0000000001  -0.0014757719
        0.0002369413   0.0000000036  -0.0000642869  -0.0002649444   0.0000000007
        0.0000323316   0.0000406756   0.0000112764   0.0000087282   0.0000154879
       -0.0000000004   0.0000323316   0.0000406755  -0.0000112772  -0.0020569598
       -0.0009818025   0.0000000089   0.0596907185  -0.0935446641  -0.0000001171
        0.0323525021   0.5219818144  -0.0000001780   0.0195676563  -0.1025558664
        0.0955338160  -0.0976488128  -0.2307044129   0.0000006660   0.0195671098
       -0.1025565366  -0.0955342853  -0.0000629507   0.0002183257  -0.0000000002
       -0.0000000117  -0.0000000091  -0.0017454500   0.0000001514  -0.0000000038
       -0.0042545889   0.0000000124   0.0000000176   0.0011741962   0.0000000231
       -0.0000000052   0.0018663109   0.0000000015   0.0000000027   0.0000350979
        0.0000000041   0.0000000042   0.0007717621  -0.0000000009  -0.0000000016
       -0.0003170553   0.0000000005  -0.0000000008   0.0000550239  -0.0000000069
        0.0000000043  -0.0003463970  -0.0000000010  -0.0000000008   0.0000223963
        0.0000204295  -0.0000004701   0.0000029158  -0.0000000000  -0.0000000003
       -0.0000020323  -0.0000204291   0.0000004704   0.0000029155   0.0000000048
        0.0000000032  -0.0002137000   0.0000003879  -0.0000000534  -0.0455597552
        0.0000002235  -0.0000001780   0.4875065142  -0.0344336863   0.0961898216
       -0.1976397487   0.0000003349   0.0000006913  -0.0436971285   0.0344325620
       -0.0961902940  -0.1976395667   0.0000000003   0.0000000018  -0.0000217100
        0.0003009369  -0.0001615859   0.0001796543   0.0018001723   0.0016412416
       -0.0013402599  -0.0010099988  -0.0001250840   0.0002835168   0.0004344073
        0.0004215772   0.0003211939   0.0002813627  -0.0003555435   0.0000206938
       -0.0004494619  -0.0000820053   0.0002563752   0.0000201471  -0.0000143567
       -0.0000900542   0.0000488836   0.0000221136  -0.0000017936  -0.0000512987
        0.0000300105  -0.0000477419  -0.0000421207  -0.0000271008   0.0000067562
        0.0000191937   0.0000017075  -0.0000153993  -0.0000092211  -0.0000140238
        0.0000003750   0.0000250851   0.0000052317   0.0000096191  -0.0003068489
       -0.0011928922  -0.0007972445  -0.0276913987   0.0234989834  -0.0267564675
       -0.0460403992   0.0195676563  -0.0344336863   0.0663622377  -0.0325800623
        0.0477171782   0.0035248488  -0.0076736634   0.0114499062   0.0026025312
       -0.0028437452   0.0032850492   0.0001809418  -0.0001184587  -0.0000476708
        0.0001033906   0.0003721779  -0.0003050112  -0.0005235027   0.0006467182
       -0.0006960115  -0.0000714122  -0.0000035425   0.0000024669  -0.0004546148
        0.0002633644   0.0000284440   0.0002669488  -0.0001583706   0.0000141526
       -0.0004306733  -0.0002467816   0.0003641530   0.0000458598   0.0000092066
       -0.0000661673  -0.0000033330   0.0000220023  -0.0000190413   0.0003891443
       -0.0001409454   0.0000012424   0.0000111064   0.0000855274   0.0000012363
       -0.0000113491  -0.0000141056  -0.0000080059   0.0000146050  -0.0000022749
       -0.0000039819  -0.0000207642  -0.0000196452  -0.0000017447  -0.0010160559
       -0.0009504254  -0.0008344448   0.0142159816  -0.0063970894   0.0070396318
        0.0202318587  -0.1025558664   0.0961898216  -0.0325800623   0.1198628295
       -0.1134349990   0.0027015775  -0.0180666685   0.0248575223  -0.0028438487
        0.0073082990  -0.0131472323  -0.0000248565  -0.0000144099   0.0000179690
       -0.0003575798   0.0003031915   0.0000947311   0.0013310769   0.0013482321
        0.0005030576  -0.0003641077  -0.0001302475   0.0000212687   0.0003474909
        0.0002489717  -0.0000120508   0.0002011622  -0.0001168187   0.0000086898
        0.0002014626  -0.0000537558  -0.0001526013   0.0000364904  -0.0000236187
        0.0000213924   0.0000213338  -0.0000308153   0.0000052765  -0.0000546420
       -0.0000162400   0.0000049497  -0.0000021243  -0.0000120445  -0.0000014973
        0.0000080070   0.0000006725   0.0000008669  -0.0000108477  -0.0000052637
       -0.0000026554   0.0000108323   0.0000084324  -0.0000014503  -0.0003514417
       -0.0011775121  -0.0001712418  -0.0106116499   0.0022046791   0.0023995211
       -0.0354276735   0.0955338160  -0.1976397487   0.0477171782  -0.1134349990
        0.2252736982   0.0004948818   0.0022617654  -0.0017048639  -0.0032852577
        0.0131471269  -0.0286226034   0.0000954082  -0.0000555725  -0.0000247389
       -0.0002449842   0.0008842408   0.0000000002  -0.0067312519   0.0010613871
        0.0000000239  -0.0009456491  -0.0012417933   0.0000000048  -0.0001005439
        0.0001444277   0.0000000002   0.0000447631   0.0001176161   0.0000000001
        0.0001890407   0.0000222621  -0.0000000015   0.0000129365  -0.0000085897
        0.0000000005  -0.0000005103  -0.0000291398   0.0000000005  -0.0003015588
       -0.0000683346   0.0000000016  -0.0000178147   0.0000182435   0.0000000001
        0.0000130628  -0.0000045859   0.0000018290  -0.0000041972  -0.0000098498
        0.0000000003   0.0000130625  -0.0000045861  -0.0000018292   0.0001754806
        0.0000270588  -0.0000000014  -0.0295812812  -0.0276533886   0.0000001530
       -0.0908424891  -0.0976488128   0.0000003349   0.0035248488   0.0027015775
        0.0004948818   0.1212435328   0.1190986433  -0.0000004698   0.0035247658
        0.0027014015  -0.0004949289   0.0000287868  -0.0001077778  -0.0000000001
        0.0000318556  -0.0001488056   0.0000000008   0.0010143702  -0.0001392204
       -0.0000000020   0.0005578530   0.0002101432  -0.0000000025   0.0001976100
       -0.0002029590  -0.0000000003  -0.0001545992   0.0001344577   0.0000000003
        0.0000025195   0.0002279372  -0.0000000005  -0.0000537892   0.0000068024
       -0.0000000008   0.0000005117   0.0000357997  -0.0000000000  -0.0001459393
        0.0000528382   0.0000000005   0.0000093671  -0.0000116907  -0.0000000000
        0.0000010492   0.0000142807   0.0000120252  -0.0000068629   0.0000109874
       -0.0000000004   0.0000010493   0.0000142808  -0.0000120254  -0.0004219580
        0.0001584954   0.0000000008  -0.0001291198   0.0063560158  -0.0000000058
       -0.1045898401  -0.2307044129   0.0000006913  -0.0076736634  -0.0180666685
        0.0022617654   0.1190986433   0.2600448622  -0.0000007934  -0.0076737205
       -0.0180667641  -0.0022616536  -0.0000653366   0.0000736205   0.0000000004
        0.0000000013  -0.0000000023   0.0003248059   0.0000000116  -0.0000000192
        0.0005224456  -0.0000000002   0.0000000039   0.0000679869   0.0000000143
       -0.0000000074   0.0000210607   0.0000000035   0.0000000029   0.0000008742
       -0.0000000058   0.0000000008   0.0000222737   0.0000000004  -0.0000000014
       -0.0000092017   0.0000000005   0.0000000002   0.0000181990  -0.0000000110
        0.0000000033  -0.0000596795  -0.0000000006   0.0000000009   0.0000223536
        0.0000001706  -0.0000056725   0.0000037155   0.0000000001  -0.0000000004
       -0.0000044043  -0.0000001710   0.0000056719   0.0000037151  -0.0000000002
        0.0000000001  -0.0001816366   0.0000001165   0.0000001064   0.0009532084
        0.0000003485   0.0000006660  -0.0436971285   0.0114499062   0.0248575223
       -0.0017048639  -0.0000004698  -0.0000007934   0.0453828255  -0.0114499160
       -0.0248574827  -0.0017046842   0.0000000010   0.0000000007   0.0000181347
        0.0003009385  -0.0001615870  -0.0001796524   0.0018001725   0.0016412319
        0.0013402503  -0.0010099991  -0.0001250839  -0.0002835095   0.0004344080
        0.0004215724  -0.0003211990   0.0002813616  -0.0003555424  -0.0000206949
       -0.0004494653  -0.0000820051  -0.0002563736   0.0000201477  -0.0000143565
        0.0000900535   0.0000488834   0.0000221140   0.0000017927  -0.0000513032
        0.0000300120   0.0000477419  -0.0000421209  -0.0000271003  -0.0000067560
        0.0000250848   0.0000052315  -0.0000096193  -0.0000092209  -0.0000140239
       -0.0000003752   0.0000191938   0.0000017078   0.0000153992  -0.0003068412
       -0.0011928809   0.0007972508  -0.0276911358   0.0234990657   0.0267565939
       -0.0460399146   0.0195671098   0.0344325620   0.0026025312  -0.0028438487
       -0.0032852577   0.0035247658  -0.0076737205  -0.0114499160   0.0663615721
       -0.0325794374  -0.0477159607   0.0001809416  -0.0001184583   0.0000476701
        0.0001033958   0.0003721794   0.0003050105  -0.0005235046   0.0006467135
        0.0006960132  -0.0000714117  -0.0000035418  -0.0000024659  -0.0004546135
        0.0002633607  -0.0000284420   0.0002669505  -0.0001583693  -0.0000141541
       -0.0004306807  -0.0002467830  -0.0003641480   0.0000458601   0.0000092067
        0.0000661659  -0.0000033328   0.0000220024   0.0000190412   0.0003891423
       -0.0001409442  -0.0000012452   0.0000111062   0.0000855276  -0.0000012363
       -0.0000207644  -0.0000196455   0.0000017453   0.0000146051  -0.0000022748
        0.0000039817  -0.0000113490  -0.0000141057   0.0000080060  -0.0010160487
       -0.0009504174   0.0008344559   0.0142159727  -0.0063971186  -0.0070397008
        0.0202313103  -0.1025565366  -0.0961902940  -0.0028437452   0.0073082990
        0.0131471269   0.0027014015  -0.0180667641  -0.0248574827  -0.0325794374
        0.1198636216   0.1134355910  -0.0000248566  -0.0000144098  -0.0000179685
        0.0003575770  -0.0003031897   0.0000947308  -0.0013310956  -0.0013482669
        0.0005030617   0.0003641128   0.0001302475   0.0000212684  -0.0003474716
       -0.0002489843  -0.0000120454  -0.0002011642   0.0001168268   0.0000086904
       -0.0002014602   0.0000537593  -0.0001525968  -0.0000364897   0.0000236171
        0.0000213914  -0.0000213341   0.0000308154   0.0000052759   0.0000546224
        0.0000162447   0.0000049483   0.0000021237   0.0000120461  -0.0000014971
       -0.0000108326  -0.0000084326  -0.0000014498   0.0000108481   0.0000052634
       -0.0000026554  -0.0000080072  -0.0000006724   0.0000008671   0.0003514470
        0.0011775240  -0.0001712573   0.0106118259  -0.0022047920   0.0023992869
        0.0354265469  -0.0955342853  -0.1976395667   0.0032850492  -0.0131472323
       -0.0286226034  -0.0004949289  -0.0022616536  -0.0017046842  -0.0477159607
        0.1134355910   0.2252735739  -0.0000954084   0.0000555739  -0.0000247385
       -0.0052770601   0.0013597021   0.0000000393  -0.0058426859   0.0297546889
       -0.0000000274  -0.0488013873   0.0391604568   0.0000000033   0.0059494280
       -0.0204879360   0.0000000135  -0.0031737927  -0.0028974281   0.0000000407
       -0.0003949352  -0.0002247260   0.0000000024   0.0000642591  -0.0012388371
        0.0000000019  -0.0000333480  -0.0000386249  -0.0000000056   0.0012458791
        0.0013755535  -0.0000000157  -0.0019488683  -0.0003155814   0.0000000064
       -0.0017242166   0.0003780835   0.0011913091   0.0000238325  -0.0001452681
       -0.0000000005  -0.0017242345   0.0003780806  -0.0011912980  -0.0004853647
        0.0015279578  -0.0000000006   0.0018403128  -0.0003281793  -0.0000000222
        0.0000778687  -0.0000629507   0.0000000003   0.0001809418  -0.0000248565
        0.0000954082   0.0000287868  -0.0000653366   0.0000000010   0.0001809416
       -0.0000248566  -0.0000954084   0.0598136430  -0.0480799418  -0.0000000479
        0.0022688131   0.0003147465   0.0000000027   0.0049530290  -0.0143688036
        0.0000000099   0.0399653638  -0.3012256345   0.0000003359   0.0021448355
       -0.0229475519   0.0000000315  -0.0035803295  -0.0016459661   0.0000000278
       -0.0002833813   0.0007555984  -0.0000000004   0.0002764623  -0.0012080569
        0.0000000012   0.0000084901   0.0000624874  -0.0000000027   0.0017263233
       -0.0000436071  -0.0000000095   0.0012250126   0.0004135657  -0.0000000055
        0.0002041083   0.0004733147   0.0002433963   0.0003106836   0.0003432532
       -0.0000000022   0.0002041016   0.0004733153  -0.0002434006   0.0000554449
       -0.0006745042   0.0000000016  -0.0004554550   0.0007746634  -0.0000000085
       -0.0005988658   0.0002183257   0.0000000018  -0.0001184587  -0.0000144099
       -0.0000555725  -0.0001077778   0.0000736205   0.0000000007  -0.0001184583
       -0.0000144098   0.0000555739  -0.0480799418   0.3382400532  -0.0000003815
        0.0000000370   0.0000000056   0.0066882974   0.0000000181  -0.0000000795
        0.0013713449  -0.0000000029   0.0000003406  -0.0291239538  -0.0000000277
        0.0000001077  -0.0002400340   0.0000000439   0.0000000266   0.0071894421
       -0.0000000002   0.0000000003  -0.0003109647  -0.0000000010   0.0000000062
       -0.0000626199  -0.0000000049  -0.0000000027  -0.0015071097  -0.0000000117
       -0.0000000079  -0.0017873706   0.0000000032   0.0000000007  -0.0003213319
        0.0011374182  -0.0002979326  -0.0001656443  -0.0000000013  -0.0000000005
       -0.0001835775  -0.0011374057   0.0002979260  -0.0001656286   0.0000000019
       -0.0000000037   0.0000233716  -0.0000000185  -0.0000000062  -0.0031014542
        0.0000000003  -0.0000000002  -0.0000217100  -0.0000476708   0.0000179690
       -0.0000247389  -0.0000000001   0.0000000004   0.0000181347   0.0000476701
       -0.0000179685  -0.0000247385  -0.0000000479  -0.0000003815   0.0217502859
