           1           2   1.38477516761670     
           2           3   1.34789021132179     
           3           4   1.40371028880688     
           4           5   1.33077321967135     
           1           6   1.41447976250675     
           5           6   1.47629342700282     
           5           7  0.968211301208737     
           6           8  0.969427751642410     
           4           9   1.05902558171466     
           9          10  0.970921735206438     
          10          11  0.976811120686208     
          10          12  0.977579276399159     
          10          13  0.976811120091540     
           1          14  0.965567634450563     
           2          15   1.05573167999058     
          15          16  0.971172240740413     
          16          17  0.976894610178408     
          16          18  0.977690915936572     
          16          19  0.976894609436465     
           3          20  0.963039343021923     
