           1           2   1.43098925151860     
           2           3   1.37398376870199     
           3           4   1.32131540384043     
           4           5   1.31928809128326     
           1           6   1.43663732812543     
           5           6   1.36703385879431     
           4           7   1.06335462795208     
           7           8  0.838349981634177     
           2           9  0.964535240907872     
           1          10  0.969721107597234     
           3          11   1.04187885402066     
          11          12  0.965166817742667     
          12          13  0.977336094963851     
          12          14  0.977619369634624     
          12          15  0.977336094963852     
           6          16  0.964389686232905     
           5          17   1.05475034902616     
          17          18  0.969298320096444     
          18          19  0.977831088000414     
          18          20  0.976653850508218     
          18          21  0.976653850508219     
