$hessian                                                                        
        0.4699762840  -0.0062478062  -0.0000013244  -0.1340123630   0.1342692806
        0.0000000686  -0.0429560387   0.0239045614   0.0000001273  -0.0032769617
        0.0017196663  -0.0000000029  -0.0361717468  -0.0281724495   0.0000002102
       -0.1211965110  -0.1234568375   0.0000004880   0.0066967838  -0.0099702423
       -0.0000000137   0.0065874312   0.0117347687  -0.0000000385   0.0058492813
       -0.0000186242  -0.0000000019  -0.0010705652   0.0002759876   0.0000000122
       -0.0032223798  -0.0005534865   0.0000000144  -0.1440185268  -0.0038903346
        0.0000004692  -0.0031846873   0.0004055162  -0.0000000084
       -0.0062478062   0.6294845512  -0.0000009262   0.0669397235  -0.2675034742
        0.0000001597   0.0838680123   0.0287044077  -0.0000003488   0.0027483903
       -0.0618843377   0.0000000946  -0.0879039513   0.0218762957   0.0000002992
       -0.0565506874  -0.2795193212   0.0000006175   0.0123395733  -0.0242417477
       -0.0000000050  -0.0101330637  -0.0239657801   0.0000000804  -0.0014458195
        0.0009146565   0.0000000056   0.0002639346   0.0004757173  -0.0000000015
       -0.0018404846   0.0004258742   0.0000000168  -0.0037237717  -0.0258036104
        0.0000000282   0.0016859505   0.0010367688  -0.0000000205
       -0.0000013244  -0.0000009262   0.0963626917   0.0000001730  -0.0000000799
       -0.0444255444   0.0000000453  -0.0000001156   0.0011933849  -0.0000000493
        0.0000001030  -0.0024943312   0.0000003250   0.0000000730   0.0014491826
        0.0000003758   0.0000008547  -0.0441992237  -0.0000000436   0.0000000801
        0.0004935574  -0.0000000054  -0.0000000003   0.0003564037   0.0000000069
       -0.0000000029  -0.0000059124  -0.0000000007  -0.0000000008   0.0000828587
        0.0000000251   0.0000000205   0.0049760856   0.0000004702   0.0000000269
       -0.0186998956   0.0000000019  -0.0000000326   0.0049107427
       -0.1340123630   0.0669397235   0.0000001730   0.6481091539   0.0207487855
       -0.0000019195  -0.3260401403   0.0091519399   0.0000009507  -0.0289785706
       -0.0737907082   0.0000002503  -0.0432866676   0.0272738206   0.0000000843
        0.0486580525   0.0296115326  -0.0000002075  -0.1007018488  -0.1124740477
        0.0000004043  -0.0010299785  -0.0022225680   0.0000000283  -0.0020118937
       -0.0014241364   0.0000000521  -0.0005419400   0.0014600037   0.0000000055
       -0.0241457372   0.0151606671   0.0000000672  -0.0350097277   0.0227280686
        0.0000001260  -0.0010083390  -0.0031630812  -0.0000000148
        0.1342692806  -0.2675034742  -0.0000000799   0.0207487855   0.6756830444
       -0.0000010349  -0.0569145821  -0.0838968625   0.0000002724  -0.0238837277
        0.0222679820   0.0000000318   0.0272828903  -0.0117162000  -0.0000000768
       -0.0224162749  -0.0641110174   0.0000002275  -0.1126242771  -0.2524277091
        0.0000007752  -0.0024303214  -0.0042257448   0.0000000320  -0.0023096330
       -0.0054403404   0.0000000173   0.0005000983  -0.0003595608   0.0000000104
        0.0293969167  -0.0090499590  -0.0000000971   0.0087601580   0.0006759787
       -0.0000000621  -0.0003793133   0.0001038631  -0.0000000158
        0.0000000686   0.0000001597  -0.0444255444  -0.0000019195  -0.0000010349
        0.1051479906   0.0000010521   0.0000000446  -0.0404985035   0.0000001221
        0.0000002468  -0.0032277323   0.0000000807  -0.0000000562  -0.0013413036
       -0.0000001009  -0.0000000008   0.0007074817   0.0000004312   0.0000007673
       -0.0317799898   0.0000000278   0.0000000266   0.0063426259   0.0000000478
        0.0000000212   0.0065267213  -0.0000000031  -0.0000000069  -0.0001721778
        0.0000000621  -0.0000000630   0.0010872345   0.0000001413  -0.0000000814
        0.0015443772  -0.0000000103  -0.0000000231   0.0000888203
       -0.0429560387   0.0838680123   0.0000000453  -0.3260401403  -0.0569145821
        0.0000010521   0.6052240311   0.0692445927  -0.0000018946  -0.1210143332
       -0.0555963497   0.0000003440   0.0481671204  -0.0261852687  -0.0000001390
       -0.0398904445  -0.0291575017   0.0000001570  -0.0166794992  -0.0028966347
        0.0000000841  -0.0003339728  -0.0003298635  -0.0000000024  -0.0496784711
       -0.0377462608   0.0000002442  -0.0000600588  -0.0029511041  -0.0000000184
       -0.0571943696   0.0515056054   0.0000000712  -0.0000741311   0.0000951195
        0.0000000078   0.0005303079   0.0070642352   0.0000000487
        0.0239045614   0.0287044077  -0.0000001156   0.0091519399  -0.0838968625
        0.0000000446   0.0692445927   0.4839387126  -0.0000009414  -0.1331861803
       -0.2262085005   0.0000007825   0.0327605139  -0.0691276135   0.0000000031
       -0.0281195996  -0.0154976763   0.0000001032  -0.0253433794  -0.0020939244
        0.0000000948  -0.0001108265  -0.0002728619   0.0000000010  -0.0066392242
       -0.0069232761   0.0000000683   0.0024940053  -0.0003853619  -0.0000000241
        0.0510683099  -0.1074655297  -0.0000000213   0.0018398150  -0.0032684417
        0.0000000097   0.0029354717   0.0024969281  -0.0000000048
        0.0000001273  -0.0000003488   0.0011933849   0.0000009507   0.0000002724
       -0.0404985035  -0.0000018946  -0.0000009414   0.0913100085   0.0000004678
        0.0000004729  -0.0458392926  -0.0000002123   0.0000002067  -0.0006863153
        0.0000001465   0.0000001205  -0.0011318926   0.0000001013   0.0000000135
        0.0001625436   0.0000000044   0.0000000028   0.0001160643   0.0000002390
        0.0000001627   0.0045938479  -0.0000000009   0.0000000106  -0.0006599177
        0.0000000401   0.0000000015  -0.0179814733   0.0000000069   0.0000000180
        0.0046127825   0.0000000239   0.0000000086   0.0048087634
       -0.0032769617   0.0027483903  -0.0000000493  -0.0289785706  -0.0238837277
        0.0000001221  -0.1210143332  -0.1331861803   0.0000004678   0.6509705222
       -0.0031720249  -0.0000017800  -0.1319409536   0.1391597595   0.0000001435
       -0.0365341716   0.0199010116   0.0000000679  -0.0032863674  -0.0003101572
       -0.0000000114  -0.0037325054   0.0001568971   0.0000000359  -0.2963107453
       -0.0136693384   0.0000010030  -0.0287775067   0.0137206107   0.0000000904
       -0.0039085571   0.0180106786  -0.0000000596   0.0070673340   0.0001373632
        0.0000000567  -0.0002771837  -0.0196132825  -0.0000000868
        0.0017196663  -0.0618843377   0.0000001030  -0.0737907082   0.0222679820
        0.0000002468  -0.0555963497  -0.2262085005   0.0000004729  -0.0031720249
        0.6163564561  -0.0000008565   0.0662157076  -0.2133301688   0.0000000684
        0.0688828443   0.0287002990  -0.0000003421   0.0009282956   0.0005590739
        0.0000000162  -0.0009107673   0.0004535228   0.0000000040  -0.0392636919
       -0.0821627689   0.0000002230   0.0319658331   0.0062965504  -0.0000001353
        0.0040710227  -0.0440793482   0.0000000698   0.0009389120   0.0009471594
        0.0000000026  -0.0019887398  -0.0479159193   0.0000001271
       -0.0000000029   0.0000000946  -0.0024943312   0.0000002503   0.0000000318
       -0.0032277323   0.0000003440   0.0000007825  -0.0458392926  -0.0000017800
       -0.0000008565   0.1213250476   0.0000001793  -0.0000002143  -0.0476751625
       -0.0000000373  -0.0000001156  -0.0034214109   0.0000000328   0.0000000123
        0.0068559373   0.0000000415   0.0000000113   0.0071796308   0.0000009197
        0.0000001217  -0.0357128443   0.0000000570  -0.0000000669  -0.0016668898
        0.0000000057   0.0000000110   0.0016800382  -0.0000000347   0.0000000000
        0.0005125851   0.0000000246   0.0000001880   0.0024844246
       -0.0361717468  -0.0879039513   0.0000003250  -0.0432866676   0.0272828903
        0.0000000807   0.0481671204   0.0327605139  -0.0000002123  -0.1319409536
        0.0662157076   0.0000001793   0.6174566895  -0.0585186277  -0.0000017037
       -0.3298179332   0.0395165996   0.0000008809  -0.0003701708   0.0003748651
        0.0000000120  -0.0180794162   0.0019533834   0.0000000672  -0.0505988362
        0.0363573714   0.0000001184  -0.0038221446  -0.0013159460   0.0000000000
        0.0015227715  -0.0072039906   0.0000000288   0.0004561589   0.0000938602
        0.0000000000  -0.0535148713  -0.0496126759   0.0000002237
       -0.0281724495   0.0218762957   0.0000000730   0.0272738206  -0.0117162000
       -0.0000000562  -0.0261852687  -0.0691276135   0.0000002067   0.1391597595
       -0.2133301688  -0.0000002143  -0.0585186277   0.4801382422  -0.0000004819
       -0.0245320397  -0.0818273358   0.0000001274   0.0000276123  -0.0002146818
        0.0000000152   0.0241695656   0.0000388691  -0.0000000908   0.0037234362
       -0.0029612605  -0.0000000302   0.0003269221  -0.0010977493   0.0000000053
       -0.0030085383   0.0014463146   0.0000000243  -0.0017802537  -0.0033008884
        0.0000000101  -0.0524839386  -0.1199238235   0.0000004116
        0.0000002102   0.0000002992   0.0014491826   0.0000000843  -0.0000000768
       -0.0013413036  -0.0000001390   0.0000000031  -0.0006863153   0.0000001435
        0.0000000684  -0.0476751625  -0.0000017037  -0.0000004819   0.0938127776
        0.0000009733  -0.0000000961  -0.0407914225   0.0000000030  -0.0000000029
        0.0002023315   0.0000000233  -0.0000000044   0.0001326022   0.0000001177
       -0.0000001225   0.0031011037   0.0000000212   0.0000000089   0.0014695461
        0.0000000322   0.0000000008   0.0048012181  -0.0000000036   0.0000000110
        0.0045485832   0.0000002379   0.0000003932  -0.0190231410
       -0.1211965110  -0.0565506874   0.0000003758   0.0486580525  -0.0224162749
       -0.0000001009  -0.0398904445  -0.0281195996   0.0000001465  -0.0365341716
        0.0688828443  -0.0000000373  -0.3298179332  -0.0245320397   0.0000009733
        0.6505508233  -0.0227295472  -0.0000018906  -0.0013471977   0.0024664614
        0.0000000297  -0.1146920691   0.1216664637   0.0000000504   0.0014672811
        0.0012865102   0.0000000245  -0.0013552396  -0.0000226039   0.0000000062
       -0.0011767692   0.0025333683   0.0000000236  -0.0330341090  -0.0249938895
        0.0000001957  -0.0216317120  -0.0174710058   0.0000002031
       -0.1234568375  -0.2795193212   0.0000008547   0.0296115326  -0.0641110174
       -0.0000000008  -0.0291575017  -0.0154976763   0.0000001205   0.0199010116
        0.0287002990  -0.0000001156   0.0395165996  -0.0818273358  -0.0000000961
       -0.0227295472   0.6754322429  -0.0000009696   0.0025948884  -0.0040455080
        0.0000000075   0.1215851654  -0.2399658044  -0.0000000692   0.0022494423
       -0.0054112047   0.0000000223   0.0011215805  -0.0005348785  -0.0000000114
        0.0000580174   0.0008533530   0.0000000080  -0.0111655592  -0.0014672320
        0.0000000788  -0.0301287922  -0.0126059164   0.0000001707
        0.0000004880   0.0000006175  -0.0441992237  -0.0000002075   0.0000002275
        0.0007074817   0.0000001570   0.0000001032  -0.0011318926   0.0000000679
       -0.0000003421  -0.0034214109   0.0000008809   0.0000001274  -0.0407914225
       -0.0000018906  -0.0000009696   0.1055828347   0.0000000228   0.0000000056
        0.0062712681   0.0000000842  -0.0000000575  -0.0320959512   0.0000000404
        0.0000000215   0.0046145337   0.0000000019   0.0000000080   0.0014331742
       -0.0000000036   0.0000000126   0.0000298466   0.0000001919   0.0000000998
        0.0014616314   0.0000001667   0.0000001460   0.0015391307
        0.0066967838   0.0123395733  -0.0000000436  -0.1007018488  -0.1126242771
        0.0000004312  -0.0166794992  -0.0253433794   0.0000001013  -0.0032863674
        0.0009282956   0.0000000328  -0.0003701708   0.0000276123   0.0000000030
       -0.0013471977   0.0025948884   0.0000000228   0.1156821492   0.1224791697
       -0.0000005301   0.0003115001   0.0007188092  -0.0000000012  -0.0021262900
       -0.0012085299   0.0000000078   0.0000898898  -0.0003769014  -0.0000000006
        0.0004973810  -0.0005000514  -0.0000000065   0.0010530908   0.0006522101
       -0.0000000147   0.0001805792   0.0003125806  -0.0000000024
       -0.0099702423  -0.0242417477   0.0000000801  -0.1124740477  -0.2524277091
        0.0000007673  -0.0028966347  -0.0020939244   0.0000000135  -0.0003101572
        0.0005590739   0.0000000123   0.0003748651  -0.0002146818  -0.0000000029
        0.0024664614  -0.0040455080   0.0000000056   0.1224791697   0.2808319457
       -0.0000008690  -0.0006563479  -0.0010170046   0.0000000030   0.0004489494
       -0.0001008887  -0.0000000002   0.0000624928   0.0000906909  -0.0000000028
        0.0002746226   0.0014268283  -0.0000000059  -0.0001556817   0.0006792556
       -0.0000000030   0.0003565504   0.0005536697   0.0000000019
       -0.0000000137  -0.0000000050   0.0004935574   0.0000004043   0.0000007752
       -0.0317799898   0.0000000841   0.0000000948   0.0001625436  -0.0000000114
        0.0000000162   0.0068559373   0.0000000120   0.0000000152   0.0002023315
        0.0000000297   0.0000000075   0.0062712681  -0.0000005301  -0.0000008690
        0.0224814851  -0.0000000001  -0.0000000015   0.0000252751   0.0000000449
        0.0000000059  -0.0001985536  -0.0000000084  -0.0000000043   0.0000252033
       -0.0000000041   0.0000000018  -0.0017836912   0.0000000098  -0.0000000063
       -0.0017604330  -0.0000000171  -0.0000000304  -0.0009949338
        0.0065874312  -0.0101330637  -0.0000000054  -0.0010299785  -0.0024303214
        0.0000000278  -0.0003339728  -0.0001108265   0.0000000044  -0.0037325054
       -0.0009107673   0.0000000415  -0.0180794162   0.0241695656   0.0000000233
       -0.1146920691   0.1215851654   0.0000000842   0.0003115001  -0.0006563479
       -0.0000000001   0.1306629414  -0.1323722479  -0.0000001459  -0.0012212034
        0.0012649986   0.0000000012  -0.0003771414   0.0001735045   0.0000000028
        0.0001513367  -0.0003446702  -0.0000000067   0.0010660662  -0.0006652168
       -0.0000000105   0.0006870113   0.0004302276  -0.0000000166
        0.0117347687  -0.0239657801  -0.0000000003  -0.0022225680  -0.0042257448
        0.0000000266  -0.0003298635  -0.0002728619   0.0000000028   0.0001568971
        0.0004535228   0.0000000113   0.0019533834   0.0000388691  -0.0000000044
        0.1216664637  -0.2399658044  -0.0000000575   0.0007188092  -0.0010170046
       -0.0000000015  -0.1323722479   0.2665766049   0.0000000349  -0.0006270219
        0.0000579153  -0.0000000008   0.0000367400  -0.0001118690   0.0000000041
       -0.0003531534   0.0006062715  -0.0000000041   0.0001702878   0.0007223704
       -0.0000000045  -0.0005324952   0.0011035110  -0.0000000065
       -0.0000000385   0.0000000804   0.0003564037   0.0000000283   0.0000000320
        0.0063426259  -0.0000000024   0.0000000010   0.0001160643   0.0000000359
        0.0000000040   0.0071796308   0.0000000672  -0.0000000908   0.0001326022
        0.0000000504  -0.0000000692  -0.0320959512  -0.0000000012   0.0000000030
        0.0000252751  -0.0000001459   0.0000000349   0.0227825538   0.0000000163
       -0.0000000035   0.0001197103  -0.0000000005   0.0000000036  -0.0002144115
       -0.0000000059   0.0000000010  -0.0010318117  -0.0000000030   0.0000000002
       -0.0017018114  -0.0000000006   0.0000000034  -0.0020108802
        0.0058492813  -0.0014458195   0.0000000069  -0.0020118937  -0.0023096330
        0.0000000478  -0.0496784711  -0.0066392242   0.0000002390  -0.2963107453
       -0.0392636919   0.0000009197  -0.0505988362   0.0037234362   0.0000001177
        0.0014672811   0.0022494423   0.0000000404  -0.0021262900   0.0004489494
        0.0000000449  -0.0012212034  -0.0006270219   0.0000000163   0.4701094281
       -0.0915905819  -0.0000014752  -0.0811567472   0.1306528973   0.0000000497
        0.0067288118  -0.0010805267  -0.0000000011  -0.0063595831  -0.0000267806
       -0.0000000593   0.0053089677   0.0059085544   0.0000000532
       -0.0000186242   0.0009146565  -0.0000000029  -0.0014241364  -0.0054403404
        0.0000000212  -0.0377462608  -0.0069232761   0.0000001627  -0.0136693384
       -0.0821627689   0.0000001217   0.0363573714  -0.0029612605  -0.0000001225
        0.0012865102  -0.0054112047   0.0000000215  -0.0012085299  -0.0001008887
        0.0000000059   0.0012649986   0.0000579153  -0.0000000035  -0.0915905819
        0.4426218297  -0.0000004061   0.1107419326  -0.3409583789   0.0000001958
       -0.0061551856  -0.0025395911   0.0000000252  -0.0001668276   0.0000964064
       -0.0000000050   0.0023286720   0.0028069015  -0.0000000139
       -0.0000000019   0.0000000056  -0.0000059124   0.0000000521   0.0000000173
        0.0065267213   0.0000002442   0.0000000683   0.0045938479   0.0000010030
        0.0000002230  -0.0357128443   0.0000001184  -0.0000000302   0.0031011037
        0.0000000245   0.0000000223   0.0046145337   0.0000000078  -0.0000000002
       -0.0001985536   0.0000000012  -0.0000000008   0.0001197103  -0.0000014752
       -0.0000004061   0.0265437101   0.0000000779   0.0000001257  -0.0058909977
       -0.0000000117  -0.0000000094  -0.0008637510  -0.0000000196  -0.0000000036
       -0.0008828887  -0.0000000208  -0.0000000120  -0.0019446794
       -0.0010705652   0.0002639346  -0.0000000007  -0.0005419400   0.0005000983
       -0.0000000031  -0.0000600588   0.0024940053  -0.0000000009  -0.0287775067
        0.0319658331   0.0000000570  -0.0038221446   0.0003269221   0.0000000212
       -0.0013552396   0.0011215805   0.0000000019   0.0000898898   0.0000624928
       -0.0000000084  -0.0003771414   0.0000367400  -0.0000000005  -0.0811567472
        0.1107419326   0.0000000779   0.1148516846  -0.1433659438  -0.0000001882
        0.0014352226  -0.0029869195   0.0000000361   0.0008958352  -0.0000147744
       -0.0000000107  -0.0001112888  -0.0011459018   0.0000000182
        0.0002759876   0.0004757173  -0.0000000008   0.0014600037  -0.0003595608
       -0.0000000069  -0.0029511041  -0.0003853619   0.0000000106   0.0137206107
        0.0062965504  -0.0000000669  -0.0013159460  -0.0010977493   0.0000000089
       -0.0000226039  -0.0005348785   0.0000000080  -0.0003769014   0.0000906909
       -0.0000000043   0.0001735045  -0.0001118690   0.0000000036   0.1306528973
       -0.3409583789   0.0000001257  -0.1433659438   0.3321268428  -0.0000000755
        0.0013057764   0.0027078056   0.0000000044  -0.0004362781  -0.0000133882
       -0.0000000028   0.0008799970   0.0017635795  -0.0000000042
        0.0000000122  -0.0000000015   0.0000828587   0.0000000055   0.0000000104
       -0.0001721778  -0.0000000184  -0.0000000241  -0.0006599177   0.0000000904
       -0.0000001353  -0.0016668898   0.0000000000   0.0000000053   0.0014695461
        0.0000000062  -0.0000000114   0.0014331742  -0.0000000006  -0.0000000028
        0.0000252033   0.0000000028   0.0000000041  -0.0002144115   0.0000000497
        0.0000001958  -0.0058909977  -0.0000001882  -0.0000000755   0.0060627396
        0.0000000283   0.0000000166  -0.0004514805   0.0000000000   0.0000000026
       -0.0001136971   0.0000000121   0.0000000158   0.0000960503
       -0.0032223798  -0.0018404846   0.0000000251  -0.0241457372   0.0293969167
        0.0000000621  -0.0571943696   0.0510683099   0.0000000401  -0.0039085571
        0.0040710227   0.0000000057   0.0015227715  -0.0030085383   0.0000000322
       -0.0011767692   0.0000580174  -0.0000000036   0.0004973810   0.0002746226
       -0.0000000041   0.0001513367  -0.0003531534  -0.0000000059   0.0067288118
       -0.0061551856  -0.0000000117   0.0014352226   0.0013057764   0.0000000283
        0.0800103379  -0.0754433706  -0.0000001549  -0.0007528623   0.0008231481
        0.0000000083   0.0000548136  -0.0001970814  -0.0000000216
       -0.0005534865   0.0004258742   0.0000000205   0.0151606671  -0.0090499590
       -0.0000000630   0.0515056054  -0.1074655297   0.0000000015   0.0180106786
       -0.0440793482   0.0000000110  -0.0072039906   0.0014463146   0.0000000008
        0.0025333683   0.0008533530   0.0000000126  -0.0005000514   0.0014268283
        0.0000000018  -0.0003446702   0.0006062715   0.0000000010  -0.0010805267
       -0.0025395911  -0.0000000094  -0.0029869195   0.0027078056   0.0000000166
       -0.0754433706   0.1567496004   0.0000000080   0.0001524279  -0.0000292894
       -0.0000000088   0.0007502682  -0.0010523301   0.0000000073
        0.0000000144   0.0000000168   0.0049760856   0.0000000672  -0.0000000971
        0.0010872345   0.0000000712  -0.0000000213  -0.0179814733  -0.0000000596
        0.0000000698   0.0016800382   0.0000000288   0.0000000243   0.0048012181
        0.0000000236   0.0000000080   0.0000298466  -0.0000000065  -0.0000000059
       -0.0017836912  -0.0000000067  -0.0000000041  -0.0010318117  -0.0000000011
        0.0000000252  -0.0008637510   0.0000000361   0.0000000044  -0.0004514805
       -0.0000001549   0.0000000080   0.0099057186   0.0000000062  -0.0000000052
        0.0000443426  -0.0000000187  -0.0000000229  -0.0004122766
       -0.1440185268  -0.0037237717   0.0000004702  -0.0350097277   0.0087601580
        0.0000001413  -0.0000741311   0.0018398150   0.0000000069   0.0070673340
        0.0009389120  -0.0000000347   0.0004561589  -0.0017802537  -0.0000000036
       -0.0330341090  -0.0111655592   0.0000001919   0.0010530908  -0.0001556817
        0.0000000098   0.0010660662   0.0001702878  -0.0000000030  -0.0063595831
       -0.0001668276  -0.0000000196   0.0008958352  -0.0004362781   0.0000000000
       -0.0007528623   0.0001524279   0.0000000062   0.2093483953   0.0059305449
       -0.0000007797  -0.0006379403  -0.0003637735   0.0000000144
       -0.0038903346  -0.0258036104   0.0000000269   0.0227280686   0.0006759787
       -0.0000000814   0.0000951195  -0.0032684417   0.0000000180   0.0001373632
        0.0009471594   0.0000000000   0.0000938602  -0.0033008884   0.0000000110
       -0.0249938895  -0.0014672320   0.0000000998   0.0006522101   0.0006792556
       -0.0000000063  -0.0006652168   0.0007223704   0.0000000002  -0.0000267806
        0.0000964064  -0.0000000036  -0.0000147744  -0.0000133882   0.0000000026
        0.0008231481  -0.0000292894  -0.0000000052   0.0059305449   0.0310258691
       -0.0000000607  -0.0008693186  -0.0002641893  -0.0000000015
        0.0000004692   0.0000000282  -0.0186998956   0.0000001260  -0.0000000621
        0.0015443772   0.0000000078   0.0000000097   0.0046127825   0.0000000567
        0.0000000026   0.0005125851   0.0000000000   0.0000000101   0.0045485832
        0.0000001957   0.0000000788   0.0014616314  -0.0000000147  -0.0000000030
       -0.0017604330  -0.0000000105  -0.0000000045  -0.0017018114  -0.0000000593
       -0.0000000050  -0.0008828887  -0.0000000107  -0.0000000028  -0.0001136971
        0.0000000083  -0.0000000088   0.0000443426  -0.0000007797  -0.0000000607
        0.0103908621   0.0000000112   0.0000000175   0.0000435616
       -0.0031846873   0.0016859505   0.0000000019  -0.0010083390  -0.0003793133
       -0.0000000103   0.0005303079   0.0029354717   0.0000000239  -0.0002771837
       -0.0019887398   0.0000000246  -0.0535148713  -0.0524839386   0.0000002379
       -0.0216317120  -0.0301287922   0.0000001667   0.0001805792   0.0003565504
       -0.0000000171   0.0006870113  -0.0005324952  -0.0000000006   0.0053089677
        0.0023286720  -0.0000000208  -0.0001112888   0.0008799970   0.0000000121
        0.0000548136   0.0007502682  -0.0000000187  -0.0006379403  -0.0008693186
        0.0000000112   0.0736043426   0.0774456880  -0.0000004108
        0.0004055162   0.0010367688  -0.0000000326  -0.0031630812   0.0001038631
       -0.0000000231   0.0070642352   0.0024969281   0.0000000086  -0.0196132825
       -0.0479159193   0.0000001880  -0.0496126759  -0.1199238235   0.0000003932
       -0.0174710058  -0.0126059164   0.0000001460   0.0003125806   0.0005536697
       -0.0000000304   0.0004302276   0.0011035110   0.0000000034   0.0059085544
        0.0028069015  -0.0000000120  -0.0011459018   0.0017635795   0.0000000158
       -0.0001970814  -0.0010523301  -0.0000000229  -0.0003637735  -0.0002641893
        0.0000000175   0.0774456880   0.1718969568  -0.0000006515
       -0.0000000084  -0.0000000205   0.0049107427  -0.0000000148  -0.0000000158
        0.0000888203   0.0000000487  -0.0000000048   0.0048087634  -0.0000000868
        0.0000001271   0.0024844246   0.0000002237   0.0000004116  -0.0190231410
        0.0000002031   0.0000001707   0.0015391307  -0.0000000024   0.0000000019
       -0.0009949338  -0.0000000166  -0.0000000065  -0.0020108802   0.0000000532
       -0.0000000139  -0.0019446794   0.0000000182  -0.0000000042   0.0000960503
       -0.0000000216   0.0000000073  -0.0004122766   0.0000000144  -0.0000000015
        0.0000435616  -0.0000004108  -0.0000006515   0.0104144173
