           1           2   1.39412370546081     
           2           3   1.41452874680606     
           3           4   1.32010798111640     
           4           5   1.31403748864394     
           1           6   1.39444438520271     
           5           6   1.41583158626508     
           2           7  0.958003760526625     
           6           8  0.956617107599061     
           4           9   1.13622729055786     
           9          10  0.817863453871566     
           3          11  0.968032603797531     
           1          12  0.974197074334085     
           5          13  0.984160538887600     
