           1           2   1.00825016775177     
           2           3   1.00825016775177     
           3           4  0.997965153711028     
           1           5  0.997965153711028     
           3           6  0.976237050353508     
           2           7  0.977997358343623     
           2           8  0.977597432340225     
           1           9  0.977699468550617     
           1          10  0.976237050353509     
           4          11  0.974528012764273     
           4          12  0.975253812854689     
           5          13  0.974528012764273     
           5          14  0.975253812854689     
           3          15  0.977699468550617     
           4          16   1.01132211622990     
           5          16   1.01132211622990     
          16          17  0.952981642510364     
