           1           2   1.42668410192932     
           2           3   1.45557878290898     
           3           4   1.35858666818070     
           4           5   1.34045499932309     
           1           6   1.43372785783453     
           3           6  0.107193034407406     
           5           6   1.41807923262407     
           6           7  0.966177712948578     
           4           8   1.09403037847945     
           8           9  0.837780395022961     
           2          10  0.967501226750238     
           3          11  0.964014810140731     
           1          12  0.967190296974485     
           5          13  0.927902393164838     
