           2           5  0.989374016724423     
           1           6  0.944369950238629     
           5           6  0.982887440834792     
           3           7  0.998874401401019     
           5           7  0.980491963076084     
           1           8   1.00802184813455     
           4           9   1.05059188160307     
           8           9   1.30239995689907     
           8          10   1.41836215449994     
           9          11   1.39071281579632     
          10          11  0.101967838183561     
          10          12   1.41938063134654     
           8          13  0.101736351842395     
          11          13   1.42542443890898     
          12          13   1.45008486766891     
           4          14  0.960793667775418     
           5          15  0.958564285631712     
           6          16  0.968049316266541     
           6          17  0.970869012961876     
           7          18  0.966671383663964     
           7          19  0.972527782670012     
          10          20  0.966843522773847     
          11          21  0.963071837363074     
           2          22  0.849878075521563     
          12          23  0.969085562777289     
          13          24  0.969152606295595     
           3          25  0.853395659070966     
          14          26  0.977434445244633     
          14          27  0.976727626736058     
          14          28  0.977326635195159     
