$hessian                                                                        
        0.6582412994   0.0088355817   0.0114914584  -0.1649093653   0.0670906544
        0.0158231080   0.0575439777   0.0343517660   0.0104744337  -0.0527114737
        0.0268516102   0.0077577488  -0.0306294674  -0.0810129832  -0.0229948275
       -0.3371526180   0.0236442252   0.0017434215  -0.0191001433   0.0014501072
       -0.0003683166   0.0016673208  -0.0009265258  -0.0004782058   0.0005100335
       -0.0002110854   0.0001260180  -0.0198510565   0.0237909913   0.0063485919
       -0.0001433533  -0.0031959437  -0.0008355713  -0.0945123622  -0.0986521920
       -0.0287553762   0.0028281670  -0.0023862216  -0.0004239042  -0.0004821509
        0.0007242539   0.0002427087  -0.0015206162  -0.0006445744   0.0000288707
        0.0005141936   0.0001120603   0.0000093722  -0.0002270628   0.0001491707
       -0.0000384340   0.0002695534  -0.0001330980   0.0000626247  -0.0000039422
        0.0001330337  -0.0001591564  -0.0001097380   0.0000120911  -0.0000442394
       -0.0000452439   0.0000057164  -0.0000711154  -0.0001162348  -0.0000103177
        0.0000542790  -0.0000597169   0.0000216799   0.0000065114
        0.0088355817   0.6297159510   0.1460864799   0.1437170050  -0.2448857486
       -0.0526146152  -0.0215259789  -0.0625935917  -0.0185992490   0.0284151011
       -0.0085953929  -0.0008308712  -0.0263936524   0.0175711622   0.0039199670
       -0.0521544629  -0.0902327721  -0.0132779521   0.0246257063  -0.0004574406
        0.0000481949  -0.0016826241  -0.0014150921  -0.0001291558   0.0000842761
        0.0002871978  -0.0000152080   0.0005367559   0.0005886814  -0.0000681091
       -0.0025735649  -0.0031810270  -0.0033413983  -0.0986473488  -0.2336410276
       -0.0585196970  -0.0028152770  -0.0033906933  -0.0030493032   0.0000106868
       -0.0000948669   0.0001075449  -0.0001697996   0.0000798494   0.0001832046
       -0.0001750871   0.0002180966   0.0001558632  -0.0000489736  -0.0001341589
       -0.0002135402  -0.0002182510   0.0002549542   0.0004406370  -0.0000193033
       -0.0000311663  -0.0001649675   0.0000650405  -0.0000076908  -0.0000129846
        0.0000367814  -0.0000273465   0.0000427570   0.0000364932   0.0000212771
       -0.0000585599   0.0000608958  -0.0000491542  -0.0000890374
        0.0114914584   0.1460864799   0.1536027322   0.0382646984  -0.0539739587
       -0.0614751536  -0.0054280944  -0.0177879974  -0.0034317006   0.0074043422
       -0.0006484416  -0.0057518443  -0.0081040158   0.0049999112   0.0019484169
       -0.0192509788  -0.0129088298  -0.0500803417   0.0068562284  -0.0003744532
        0.0007631691  -0.0004556416  -0.0003534535  -0.0001828653   0.0000271998
        0.0000900955   0.0000001525  -0.0002476617   0.0004278772   0.0008484489
       -0.0008688620  -0.0032877642   0.0069416676  -0.0288680362  -0.0584541371
       -0.0496603516  -0.0004142849  -0.0031402241   0.0063497253   0.0010951470
        0.0000632150   0.0000970643  -0.0014510700  -0.0001797897   0.0000263050
       -0.0000657525  -0.0003272716  -0.0001333257   0.0001159239   0.0000628027
       -0.0000012198  -0.0000778390  -0.0005204883   0.0000512510  -0.0000623998
        0.0000908717   0.0000393749   0.0000339661   0.0000870591  -0.0000525122
        0.0000856467  -0.0000016812   0.0000472900  -0.0001024172   0.0000073046
        0.0000067612   0.0000224430   0.0000428735   0.0000469561
       -0.1649093653   0.1437170050   0.0382646984   0.6765050351   0.0007720558
        0.0113407263  -0.1446411483  -0.1334552257  -0.0399180836  -0.0263964920
       -0.0287869000  -0.0090448683   0.0052377395   0.0055784237   0.0015052095
       -0.0439795169   0.0199971886   0.0053110936  -0.0059854481   0.0000354178
       -0.0001763891  -0.0054451666   0.0020269905   0.0002222477  -0.0012438369
       -0.0015074348  -0.0003320097  -0.3010907592  -0.0112694415  -0.0082872921
        0.0066153295   0.0134990415   0.0042046416   0.0065257549  -0.0104137690
       -0.0028930480  -0.0018357945  -0.0000872431  -0.0001398631   0.0003653940
       -0.0004364114  -0.0000839595   0.0004863728   0.0004098210  -0.0000370619
       -0.0001180120  -0.0000484479   0.0000798499  -0.0000198015  -0.0000410335
        0.0000979548  -0.0001698525   0.0000555962  -0.0000803578  -0.0000350022
       -0.0000136711  -0.0000528062   0.0000967458  -0.0000231220   0.0000235262
        0.0000140240  -0.0000174366   0.0000302541   0.0000149101   0.0000120944
       -0.0000310753   0.0000088905  -0.0000034980  -0.0000033877
        0.0670906544  -0.2448857486  -0.0539739587   0.0007720558   0.6157560300
        0.1419486200  -0.0593159827  -0.2733523566  -0.0680142513  -0.0849186347
        0.0180342782   0.0052423678   0.0025591912  -0.0583162682  -0.0150197990
        0.0784648959   0.0296009373   0.0089973293  -0.0005635764   0.0018378556
       -0.0019700166   0.0038448198   0.0031708389  -0.0011174249   0.0001394734
       -0.0005364895  -0.0002972222  -0.0115151637  -0.0436399624  -0.0029037935
       -0.0092710831  -0.0233895962  -0.0064889655   0.0130319492  -0.0241129612
       -0.0064404124   0.0002774869  -0.0005196683  -0.0000250772  -0.0000682049
       -0.0001195502   0.0002691186  -0.0005761336   0.0000548221   0.0000363574
        0.0000942464  -0.0000439275   0.0000613422  -0.0000022178   0.0002639398
       -0.0000779678   0.0001538615  -0.0000562695  -0.0000937275   0.0000159393
        0.0001425329  -0.0000744297   0.0000249168   0.0000234490  -0.0000320103
       -0.0000677257   0.0000586826  -0.0000736577  -0.0000976823  -0.0000176980
        0.0000338000  -0.0000730857   0.0000471297   0.0000137790
        0.0158231080  -0.0526146152  -0.0614751536   0.0113407263   0.1419486200
        0.1555403703  -0.0181505572  -0.0683643536  -0.0631727652  -0.0251804318
        0.0058017261  -0.0011587351   0.0008436733  -0.0157538375  -0.0085234708
        0.0220570949   0.0086792937   0.0042921366  -0.0003601704  -0.0016819905
        0.0071586154   0.0007789826  -0.0011978800   0.0051213495  -0.0000199247
       -0.0003964158   0.0012702022  -0.0082921632  -0.0028787139  -0.0350474994
       -0.0026308528  -0.0065872723  -0.0019067327   0.0037798393  -0.0069485991
       -0.0019272778   0.0001464886  -0.0001329818  -0.0002479519  -0.0000178215
       -0.0000230342   0.0001362037  -0.0001485628   0.0000377013  -0.0000222891
        0.0000180043  -0.0000038502   0.0000385409   0.0000108220   0.0000792534
       -0.0000299790   0.0000602616  -0.0000217522  -0.0000100862  -0.0000204615
        0.0000183746  -0.0000043730   0.0000226609   0.0000168988  -0.0000261768
       -0.0000205153   0.0000181122  -0.0000169744  -0.0000242354  -0.0000034705
        0.0000098255  -0.0000159654   0.0000087868   0.0000022210
        0.0575439777  -0.0215259789  -0.0054280944  -0.1446411483  -0.0593159827
       -0.0181505572   0.6446000981   0.0062621219   0.0099436481  -0.3085633481
       -0.0378377712  -0.0149015103  -0.0385720791   0.0669135109   0.0187843808
       -0.0435247528  -0.0267983277  -0.0082421014  -0.0000699562  -0.0006905532
        0.0000268064  -0.0304842316  -0.0190833748  -0.0057918265  -0.0008633113
       -0.0015364277  -0.0008301511  -0.0170771422  -0.0259676435  -0.0076537776
       -0.1182144390   0.1137407090   0.0312957640  -0.0009064177   0.0033080001
        0.0006629729   0.0013343137   0.0028216698   0.0005461311  -0.0009728810
        0.0006467661  -0.0003110675   0.0002164271  -0.0006661050   0.0001513505
        0.0000060483   0.0001024541  -0.0002898971  -0.0000469937  -0.0002237479
        0.0000966476   0.0002498685  -0.0000603404   0.0000621131  -0.0001398450
       -0.0000633889   0.0000178017  -0.0000963814  -0.0000027153   0.0000135222
        0.0000299952  -0.0000639571   0.0000341162   0.0001212142   0.0000618633
       -0.0000305660   0.0000709847  -0.0000207810  -0.0000057053
        0.0343517660  -0.0625935917  -0.0177879974  -0.1334552257  -0.2733523566
       -0.0683643536   0.0062621219   0.6474426010   0.1579866384   0.0361820767
       -0.0856479637  -0.0097095639   0.0181715417   0.0272316507   0.0073157799
       -0.0305879301  -0.0152626445  -0.0038356379  -0.0007547066   0.0004482668
        0.0002429592  -0.0442445820  -0.0118021188  -0.0060172334  -0.0024279847
       -0.0036327323  -0.0016512221  -0.0027841355  -0.0025940900  -0.0009962193
        0.1126563559  -0.2143671883  -0.0520468589   0.0029044129  -0.0030764103
       -0.0028704246   0.0029105391  -0.0028763610  -0.0028271937   0.0003363356
        0.0002304393  -0.0000661712   0.0000750829  -0.0002234054   0.0003846936
        0.0000863927   0.0002006140   0.0003844995   0.0000111537  -0.0001069006
       -0.0001464456   0.0002231088   0.0001997207   0.0002470420   0.0000100616
       -0.0001875150  -0.0001233669  -0.0001180474   0.0000495600  -0.0000505590
        0.0000677553  -0.0000331195   0.0000064425   0.0000908296   0.0000219803
        0.0000072659   0.0000330777  -0.0000684351  -0.0000820736
        0.0104744337  -0.0185992490  -0.0034317006  -0.0399180836  -0.0680142513
       -0.0631727652   0.0099436481   0.1579866384   0.1555981766   0.0065456746
       -0.0110883528  -0.0539180750   0.0045732370   0.0095647365   0.0022649809
       -0.0090674757  -0.0034794666  -0.0052549709  -0.0002053146   0.0001165348
       -0.0000451068  -0.0142493030  -0.0054192931   0.0024592444  -0.0012444086
       -0.0018804336   0.0009194310  -0.0010516136  -0.0012562791   0.0000284715
        0.0316809498  -0.0516424329  -0.0477687423   0.0006792775  -0.0028278267
        0.0064130012   0.0013470696  -0.0028218149   0.0060570089   0.0010755278
        0.0003107525  -0.0000644116  -0.0006330396  -0.0003011233  -0.0000983910
        0.0003658742  -0.0003576564  -0.0000835096   0.0000480850   0.0000324072
        0.0000570258  -0.0002981484  -0.0002481188  -0.0002301054  -0.0001609969
        0.0000932380   0.0000585493   0.0000054822  -0.0001677497   0.0001402505
        0.0001306145  -0.0000257725   0.0000090603  -0.0000460914  -0.0000201192
       -0.0000039722   0.0000046012   0.0000456325   0.0000665502
       -0.0527114737   0.0284151011   0.0074043422  -0.0263964920  -0.0849186347
       -0.0251804318  -0.3085633481   0.0361820767   0.0065456746   0.6516238948
       -0.0133321033   0.0079194082  -0.1524317567   0.0579282077   0.0177130886
        0.0584775346   0.0305287899   0.0101530255  -0.0005224281  -0.0028811795
       -0.0011202984  -0.0985367852  -0.0412022800  -0.0183898261  -0.0190461872
       -0.0347166111  -0.0100998517   0.0006388757  -0.0017525344  -0.0006159260
       -0.0195440272   0.0021521011   0.0009848362  -0.0002360504   0.0008999397
        0.0002023385  -0.0282804197   0.0225641686   0.0053822178  -0.0033917896
       -0.0017840164   0.0012393253   0.0006986473   0.0023385218  -0.0018505968
       -0.0008893753  -0.0000691340  -0.0013187901   0.0001575176   0.0003114852
        0.0004530077  -0.0006885756  -0.0007389850  -0.0010431443  -0.0001600794
       -0.0000409677   0.0012163004   0.0005156108  -0.0001203416   0.0001632070
       -0.0004685847   0.0001261396  -0.0000751072  -0.0001898634  -0.0000875412
        0.0000321451  -0.0000548445   0.0001977975   0.0002850552
        0.0268516102  -0.0085953929  -0.0006484416  -0.0287869000   0.0180342782
        0.0058017261  -0.0378377712  -0.0856479637  -0.0110883528  -0.0133321033
        0.5702284136   0.1346020658   0.1218183727  -0.2014272625  -0.0422271221
       -0.0214155271  -0.0580429577  -0.0175009417  -0.0019265874  -0.0018507319
       -0.0025268311  -0.0690218874  -0.2267205995  -0.0623123938  -0.0127477107
       -0.0009772266   0.0008370118  -0.0019722463  -0.0028743984  -0.0033255879
        0.0271926126  -0.0013522940  -0.0003359568   0.0009847262   0.0011507212
        0.0003973731   0.0168105915   0.0003380266  -0.0006623151  -0.0042622455
        0.0011739875  -0.0011753238  -0.0022220289  -0.0031595727  -0.0021626119
        0.0015143320   0.0005567053   0.0002146076   0.0003131493  -0.0000263694
        0.0002544352   0.0001822122  -0.0004022776  -0.0000891106  -0.0005720603
        0.0000142048   0.0012351656  -0.0003619863  -0.0007019807   0.0005733013
       -0.0004131279   0.0003070024  -0.0001388497  -0.0004839738  -0.0000807899
        0.0002555806  -0.0003114506   0.0000564778   0.0000225718
        0.0077577488  -0.0008308712  -0.0057518443  -0.0090448683   0.0052423678
       -0.0011587351  -0.0149015103  -0.0097095639  -0.0539180750   0.0079194082
        0.1346020658   0.1694900682   0.0401725200  -0.0435776401  -0.0626451278
       -0.0062857250  -0.0166964021  -0.0069514300  -0.0006832251  -0.0026775776
        0.0073078169  -0.0253268645  -0.0580354005  -0.0543944661  -0.0051865441
       -0.0036830991  -0.0025369056  -0.0007723314  -0.0033265001   0.0075677010
        0.0076860315  -0.0009820956   0.0019361285   0.0002915968   0.0002235337
        0.0006855728  -0.0003540271  -0.0006155982   0.0007562013  -0.0014230556
       -0.0000592280   0.0001008438   0.0008530239  -0.0002258986  -0.0005525275
       -0.0000998444   0.0000608528  -0.0000062472   0.0000793507   0.0001324864
        0.0000366762  -0.0007366532   0.0001445689  -0.0000825538   0.0002081479
        0.0001657944  -0.0000319822   0.0002050654  -0.0003032154   0.0002381685
       -0.0001439663   0.0001159686  -0.0000754587  -0.0001238068  -0.0000164079
        0.0000029939  -0.0000904713   0.0000518598  -0.0000168179
       -0.0306294674  -0.0263936524  -0.0081040158   0.0052377395   0.0025591912
        0.0008436733  -0.0385720791   0.0181715417   0.0045732370  -0.1524317567
        0.1218183727   0.0401725200   0.6181056310   0.0085396098   0.0035883034
       -0.1332574550  -0.1159180922  -0.0384482260   0.0061846496   0.0131714806
        0.0045492477   0.0078100219  -0.0133791180  -0.0049090101   0.0000853397
       -0.0014517515  -0.0001233752   0.0007584858  -0.0001043742   0.0001418304
       -0.0059648380   0.0000183938  -0.0003460096  -0.0058360099  -0.0007115059
       -0.0000152756  -0.2181424107  -0.0047078175  -0.0002705276  -0.0302273060
        0.0131142054  -0.0054663414  -0.0271409596  -0.0148313878   0.0038500377
        0.0022780000   0.0028744588  -0.0016572803   0.0008409813  -0.0010630350
        0.0005227312   0.0025255501  -0.0028245663   0.0011715545   0.0009270357
        0.0012084509  -0.0002265534  -0.0019290483  -0.0001566675   0.0000451857
       -0.0004581319  -0.0001562050  -0.0001007767  -0.0004029718   0.0002088452
        0.0001750924   0.0002389997   0.0000136233   0.0000339783
       -0.0810129832   0.0175711622   0.0049999112   0.0055784237  -0.0583162682
       -0.0157538375   0.0669135109   0.0272316507   0.0095647365   0.0579282077
       -0.2014272625  -0.0435776401   0.0085396098   0.6062605948   0.1197977957
       -0.0539636071  -0.2526205798  -0.0577646463  -0.0084668547  -0.0250347458
       -0.0076408564   0.0101536859  -0.0492059357  -0.0162250134   0.0025403938
        0.0004586572   0.0003760864  -0.0000149350  -0.0005442369  -0.0003697465
       -0.0008945766   0.0013056812  -0.0017609336  -0.0002283747   0.0015520454
       -0.0018469449  -0.0054879163  -0.0646825714   0.0002600335   0.0204655287
        0.0009871828   0.0013795039  -0.0225114641  -0.0008903541   0.0015615619
        0.0024120539  -0.0001432118   0.0054913806   0.0008495552  -0.0006701963
       -0.0015957543  -0.0019268376   0.0000124299   0.0056015863  -0.0006523828
       -0.0005823476  -0.0018030795  -0.0001401933  -0.0002250099   0.0000384625
        0.0010958953  -0.0001937831   0.0000230859  -0.0011422280  -0.0002381005
        0.0001079300  -0.0000345115  -0.0006048005  -0.0008636222
       -0.0229948275   0.0039199670   0.0019484169   0.0015052095  -0.0150197990
       -0.0085234708   0.0187843808   0.0073157799   0.0022649809   0.0177130886
       -0.0422271221  -0.0626451278   0.0035883034   0.1197977957   0.1670717740
       -0.0172547533  -0.0580797187  -0.0614860291  -0.0025421411  -0.0071344795
       -0.0012777725   0.0029007751  -0.0165034164  -0.0003869546   0.0013180368
        0.0003041787  -0.0005921908  -0.0000091249  -0.0001390992  -0.0000824964
       -0.0002543023  -0.0017400865   0.0067189178  -0.0004457902  -0.0016616727
        0.0068589012  -0.0015271306   0.0018370280  -0.0543950293  -0.0150170880
        0.0008151106   0.0007386704   0.0144374452   0.0017084047   0.0008755589
       -0.0012405409   0.0053417521   0.0035122723  -0.0005664724  -0.0016390907
       -0.0012284516   0.0011739449   0.0056618320   0.0033627648   0.0005603305
       -0.0016242218  -0.0012301863  -0.0001556598  -0.0001505900  -0.0001939623
       -0.0007811428   0.0000287709  -0.0000985624   0.0008081400   0.0000980827
       -0.0000580057  -0.0000006811  -0.0009094058  -0.0011540176
       -0.3371526180  -0.0521544629  -0.0192509788  -0.0439795169   0.0784648959
        0.0220570949  -0.0435247528  -0.0305879301  -0.0090674757   0.0584775346
       -0.0214155271  -0.0062857250  -0.1332574550  -0.0539636071  -0.0172547533
        0.6730707445  -0.0105978284   0.0028008493  -0.1215885193   0.1129524942
        0.0330334068  -0.0030500220   0.0053338421   0.0018541506  -0.0007106229
        0.0000591232  -0.0002938406  -0.0010363403   0.0030879978   0.0006548932
       -0.0000774924  -0.0004961014  -0.0003504883  -0.0158712498  -0.0029900253
       -0.0010723245  -0.0273624560  -0.0261739763  -0.0073627159   0.0001116856
       -0.0027647847   0.0002971906  -0.0020925755   0.0015709595  -0.0013821713
       -0.0001365140   0.0005094214   0.0007956705  -0.0002903614  -0.0004398596
       -0.0005199262  -0.0015379013   0.0004237265   0.0015366476  -0.0000210613
       -0.0002758260  -0.0002812251   0.0003321690  -0.0002942237   0.0002237762
       -0.0000304418  -0.0000056798   0.0000587865  -0.0003029233  -0.0000363148
        0.0000353485   0.0000306902  -0.0002063134  -0.0002261901
        0.0236442252  -0.0902327721  -0.0129088298   0.0199971886   0.0296009373
        0.0086792937  -0.0267983277  -0.0152626445  -0.0034794666   0.0305287899
       -0.0580429577  -0.0166964021  -0.1159180922  -0.2526205798  -0.0580797187
       -0.0105978284   0.6050876444   0.1398669047   0.1130264975  -0.2069880168
       -0.0498929846   0.0021829071  -0.0020528925  -0.0023124154  -0.0007441178
        0.0000525244  -0.0001174609   0.0036558885  -0.0029664444  -0.0028094215
       -0.0007551113   0.0004714819   0.0001462739  -0.0262830022  -0.0036581188
       -0.0014428382  -0.0173454288  -0.0026034908  -0.0009365163   0.0034167951
       -0.0023551938   0.0001182524   0.0026382840   0.0017648465  -0.0008018341
       -0.0008482190  -0.0002261354   0.0000433436   0.0003098917   0.0000936180
        0.0003430595  -0.0010460903   0.0001403525   0.0001612901  -0.0000713870
       -0.0001768801  -0.0000198786   0.0004557239  -0.0000813601   0.0001115626
        0.0002012546  -0.0000873669   0.0001312734   0.0001530022   0.0001246153
       -0.0000944946   0.0001971565   0.0000188336  -0.0000089926
        0.0017434215  -0.0132779521  -0.0500803417   0.0053110936   0.0089973293
        0.0042921366  -0.0082421014  -0.0038356379  -0.0052549709   0.0101530255
       -0.0175009417  -0.0069514300  -0.0384482260  -0.0577646463  -0.0614860291
        0.0028008493   0.1398669047   0.1546791667   0.0328646392  -0.0495323742
       -0.0481290336   0.0007792888  -0.0022624541   0.0062212640  -0.0002475246
        0.0000469525   0.0000813697   0.0008854299  -0.0029039702   0.0067399961
       -0.0002209057   0.0001910187  -0.0001739778  -0.0077206619  -0.0011063556
       -0.0004783582  -0.0000442961  -0.0009919718   0.0003190862  -0.0008011668
        0.0004963520  -0.0006658415   0.0008733495   0.0001892262   0.0002625646
        0.0005581009   0.0000832311   0.0001139054  -0.0001317570  -0.0002845254
        0.0002025916   0.0000548512   0.0000413754   0.0000634704  -0.0000397906
       -0.0001260734   0.0000850887  -0.0002398301  -0.0002240441   0.0002200145
        0.0000620214  -0.0000541242  -0.0000190078   0.0000508130  -0.0000030166
       -0.0000423468  -0.0000006233  -0.0000443020   0.0000006830
       -0.0191001433   0.0246257063   0.0068562284  -0.0059854481  -0.0005635764
       -0.0003601704  -0.0000699562  -0.0007547066  -0.0002053146  -0.0005224281
       -0.0019265874  -0.0006832251   0.0061846496  -0.0084668547  -0.0025421411
       -0.1215885193   0.1130264975   0.0328646392   0.1412585431  -0.1254673569
       -0.0352963550   0.0000976927  -0.0007874268  -0.0002931933   0.0001222169
       -0.0000906421  -0.0000014398  -0.0012091421   0.0012870045   0.0003329457
       -0.0000148830  -0.0000273722   0.0000175271   0.0006281033   0.0006234422
        0.0002111633   0.0007740684  -0.0011942582  -0.0003068554  -0.0002016593
       -0.0003746041  -0.0000813066   0.0000256806  -0.0000549383   0.0000083035
       -0.0002361425   0.0000495319   0.0001083505  -0.0001770842  -0.0000804984
       -0.0005611419  -0.0000257720  -0.0000106840   0.0000701007   0.0000035031
        0.0000793102  -0.0000843932  -0.0000459895   0.0000301442   0.0000079767
        0.0000231383   0.0000053753  -0.0000225530   0.0000198417   0.0000479667
       -0.0000075430   0.0000397299   0.0000245276  -0.0000316027
        0.0014501072  -0.0004574406  -0.0003744532   0.0000354178   0.0018378556
       -0.0016819905  -0.0006905532   0.0004482668   0.0001165348  -0.0028811795
       -0.0018507319  -0.0026775776   0.0131714806  -0.0250347458  -0.0071344795
        0.1129524942  -0.2069880168  -0.0495323742  -0.1254673569   0.2336119932
        0.0598954100   0.0003462062  -0.0028247331  -0.0008352888   0.0001404498
        0.0001548713   0.0000834169   0.0001160751  -0.0001357568  -0.0000054919
       -0.0000378518  -0.0001089768   0.0004178797  -0.0007023400   0.0007155900
        0.0009440725   0.0013891383   0.0001030854   0.0009749390   0.0001556768
        0.0001329290   0.0002890567  -0.0002245541  -0.0001948631   0.0001764852
       -0.0001373540  -0.0000781047  -0.0000356252  -0.0001509950   0.0004032521
       -0.0003408891   0.0002611949  -0.0000548011  -0.0000570588   0.0001026115
        0.0000842379  -0.0000531609   0.0000568701   0.0002082443  -0.0001694962
        0.0000701233   0.0000193662   0.0000006918   0.0000347076  -0.0000068241
       -0.0000000533   0.0000096312   0.0000153028  -0.0000005476
       -0.0003683166   0.0000481949   0.0007631691  -0.0001763891  -0.0019700166
        0.0071586154   0.0000268064   0.0002429592  -0.0000451068  -0.0011202984
       -0.0025268311   0.0073078169   0.0045492477  -0.0076408564  -0.0012777725
        0.0330334068  -0.0498929846  -0.0481290336  -0.0352963550   0.0598954100
        0.0415635757   0.0000836252  -0.0007576256  -0.0005652262   0.0000661029
        0.0000764660   0.0001020978   0.0000303576  -0.0000142712  -0.0000570352
        0.0000195939   0.0004371476  -0.0014983640  -0.0001446792   0.0009536258
       -0.0023465789  -0.0000848338   0.0010779638  -0.0023168015  -0.0006773025
       -0.0003784349   0.0002499667   0.0004039600   0.0000891434  -0.0000018031
       -0.0000408730   0.0002175094  -0.0000435977  -0.0005558533  -0.0000762272
       -0.0007142930   0.0001043828   0.0001636213   0.0000199294   0.0000528295
       -0.0000139091  -0.0000633960   0.0000616949   0.0000311051  -0.0000403747
       -0.0000357904   0.0000113238  -0.0000211332   0.0000439846   0.0000203415
       -0.0000077727   0.0000246991   0.0000063449  -0.0000368819
        0.0016673208  -0.0016826241  -0.0004556416  -0.0054451666   0.0038448198
        0.0007789826  -0.0304842316  -0.0442445820  -0.0142493030  -0.0985367852
       -0.0690218874  -0.0253268645   0.0078100219   0.0101536859   0.0029007751
       -0.0030500220   0.0021829071   0.0007792888   0.0000976927   0.0003462062
        0.0000836252   0.5292556419   0.0325390866   0.0652326660  -0.3989459571
        0.0616653925  -0.0338771804  -0.0014370818  -0.0015613660  -0.0004090254
        0.0020616010   0.0001503733   0.0001727916  -0.0001599761  -0.0001794283
       -0.0000893890  -0.0025243100   0.0025903017   0.0019527565   0.0015242998
       -0.0005760963   0.0007527471  -0.0023900120   0.0035185405   0.0026172463
       -0.0008806815  -0.0005857836   0.0000573208  -0.0000710351  -0.0001158168
       -0.0000854105   0.0014989400   0.0002578745   0.0004083034  -0.0003462975
        0.0001411399  -0.0003396329   0.0000612334   0.0008167844  -0.0007905303
        0.0000871307  -0.0001107303  -0.0000087179   0.0001696353  -0.0000291043
       -0.0000267127   0.0000380389  -0.0000996932  -0.0000780953
       -0.0009265258  -0.0014150921  -0.0003534535   0.0020269905   0.0031708389
       -0.0011978800  -0.0190833748  -0.0118021188  -0.0054192931  -0.0412022800
       -0.2267205995  -0.0580354005  -0.0133791180  -0.0492059357  -0.0165034164
        0.0053338421  -0.0020528925  -0.0022624541  -0.0007874268  -0.0028247331
       -0.0007576256   0.0325390866   0.3296466700   0.0895117367   0.0378793050
       -0.0391663201  -0.0060658831  -0.0007667497  -0.0004962145  -0.0000878644
        0.0000261237   0.0006888999   0.0009588087  -0.0002724096  -0.0005863229
        0.0001938052  -0.0039046500   0.0001789959   0.0010918492   0.0010096903
        0.0005538890   0.0002015872   0.0014211508   0.0001424117   0.0008490859
       -0.0005470808   0.0000089387  -0.0006083427  -0.0003249646  -0.0001171632
       -0.0001191115  -0.0002631258  -0.0001818400  -0.0001085998   0.0005035603
        0.0000290789  -0.0010227192  -0.0000372452   0.0003029048  -0.0002383277
        0.0002168358  -0.0002470486   0.0000937107   0.0002963937   0.0001000304
       -0.0001691974   0.0002419725  -0.0000063771   0.0000489853
       -0.0004782058  -0.0001291558  -0.0001828653   0.0002222477  -0.0011174249
        0.0051213495  -0.0057918265  -0.0060172334   0.0024592444  -0.0183898261
       -0.0623123938  -0.0543944661  -0.0049090101  -0.0162250134  -0.0003869546
        0.0018541506  -0.0023124154   0.0062212640  -0.0002931933  -0.0008352888
       -0.0005652262   0.0652326660   0.0895117367   0.0581653364  -0.0381062081
       -0.0020572576  -0.0108251091  -0.0003257534  -0.0002178725  -0.0000455500
       -0.0000359686   0.0011902891  -0.0027686266  -0.0000954470   0.0002117301
       -0.0013726867  -0.0006053339   0.0009809488  -0.0009973173   0.0002946983
        0.0000107718   0.0002749003   0.0006273846   0.0003599917  -0.0006417036
       -0.0002864670  -0.0001330927   0.0000493249  -0.0001113566  -0.0002271863
       -0.0000173527   0.0003779599  -0.0003062481   0.0000896490   0.0005672796
       -0.0005016804  -0.0000947806  -0.0000405573   0.0003126270  -0.0001514565
        0.0000830074  -0.0001325533   0.0000389512   0.0000693612   0.0000184446
       -0.0000173438   0.0001403984  -0.0000717236   0.0000414194
        0.0005100335   0.0000842761   0.0000271998  -0.0012438369   0.0001394734
       -0.0000199247  -0.0008633113  -0.0024279847  -0.0012444086  -0.0190461872
       -0.0127477107  -0.0051865441   0.0000853397   0.0025403938   0.0013180368
       -0.0007106229  -0.0007441178  -0.0002475246   0.0001222169   0.0001404498
        0.0000661029  -0.3989459571   0.0378793050  -0.0381062081   0.4178034883
       -0.0231752880   0.0442289403  -0.0000416233  -0.0003514373  -0.0000310037
        0.0008411273  -0.0004922337  -0.0001339568   0.0001328612  -0.0000156579
        0.0000111184   0.0028485076   0.0005174009  -0.0009249309  -0.0004764338
        0.0006133831  -0.0006320155   0.0008150362  -0.0026692617  -0.0003963857
        0.0004722939   0.0004614393  -0.0002107017  -0.0000431261   0.0000120093
        0.0000618161  -0.0019037441   0.0000563760  -0.0001503306   0.0000646511
        0.0006081592   0.0009245344  -0.0003400507  -0.0006057291   0.0005270863
        0.0000020022   0.0000381482   0.0000717162  -0.0000879744   0.0000599839
        0.0000054996   0.0000053099   0.0000786229   0.0000418844
       -0.0002110854   0.0002871978   0.0000900955  -0.0015074348  -0.0005364895
       -0.0003964158  -0.0015364277  -0.0036327323  -0.0018804336  -0.0347166111
       -0.0009772266  -0.0036830991  -0.0014517515   0.0004586572   0.0003041787
        0.0000591232   0.0000525244   0.0000469525  -0.0000906421   0.0001548713
        0.0000764660   0.0616653925  -0.0391663201  -0.0020572576  -0.0231752880
        0.0432160730   0.0073770111  -0.0000831681  -0.0002651813   0.0000220320
        0.0000491804  -0.0000017218  -0.0000592398   0.0000481861   0.0001175310
        0.0001014989   0.0001607438  -0.0006263596   0.0007292389   0.0004551565
       -0.0009574555   0.0005048568   0.0000831314   0.0013851430  -0.0007317091
       -0.0003002810  -0.0003848383   0.0002049762   0.0000252676   0.0000367803
       -0.0000217943   0.0007122169   0.0001688484  -0.0001198562   0.0002216585
        0.0004305025  -0.0003027581   0.0000041671   0.0003304563  -0.0002146193
       -0.0001079907   0.0000738007  -0.0000312469  -0.0001746641  -0.0001474741
        0.0000457759  -0.0001288793  -0.0000165869  -0.0000046526
        0.0001260180  -0.0000152080   0.0000001525  -0.0003320097  -0.0002972222
        0.0012702022  -0.0008301511  -0.0016512221   0.0009194310  -0.0100998517
        0.0008370118  -0.0025369056  -0.0001233752   0.0003760864  -0.0005921908
       -0.0002938406  -0.0001174609   0.0000813697  -0.0000014398   0.0000834169
        0.0001020978  -0.0338771804  -0.0060658831  -0.0108251091   0.0442289403
        0.0073770111   0.0143218324   0.0000168088  -0.0000037413  -0.0002339806
        0.0001810457  -0.0000824118  -0.0000452276   0.0000465702   0.0000671448
       -0.0001173393  -0.0001558341  -0.0011482071  -0.0002752964  -0.0000822263
       -0.0001368505  -0.0000773058   0.0004108744   0.0002972345   0.0005140493
       -0.0002187195   0.0001770190  -0.0000989112  -0.0000217820   0.0001681127
       -0.0000363454   0.0005204793   0.0002514243  -0.0000363491   0.0007800860
       -0.0002888589  -0.0021125190  -0.0000651990   0.0000710327  -0.0001936365
       -0.0000672096   0.0000841033   0.0000075881  -0.0000366842  -0.0000349217
        0.0000010457  -0.0001053194   0.0000523900  -0.0000366522
       -0.0198510565   0.0005367559  -0.0002476617  -0.3010907592  -0.0115151637
       -0.0082921632  -0.0170771422  -0.0027841355  -0.0010516136   0.0006388757
       -0.0019722463  -0.0007723314   0.0007584858  -0.0000149350  -0.0000091249
       -0.0010363403   0.0036558885   0.0008854299  -0.0012091421   0.0001160751
        0.0000303576  -0.0014370818  -0.0007667497  -0.0003257534  -0.0000416233
       -0.0000831681   0.0000168088   0.3382270659   0.0128282886   0.0095812843
        0.0009454612   0.0005399557   0.0002535327   0.0008297978  -0.0005015136
       -0.0000914902   0.0003748348  -0.0000060734   0.0000285354  -0.0000672140
       -0.0001296188   0.0000220151  -0.0000611338   0.0001063144  -0.0000427843
        0.0000354136  -0.0000176105   0.0000229076   0.0000406611  -0.0000011318
        0.0000277590   0.0000170770   0.0000194176  -0.0000222523   0.0000277952
        0.0000045713  -0.0000154757   0.0000032109  -0.0000106170   0.0000058640
       -0.0000114629   0.0000088602  -0.0000090671  -0.0000112755  -0.0000115092
        0.0000069126  -0.0000044474  -0.0000016546  -0.0000016893
        0.0237909913   0.0005886814   0.0004278772  -0.0112694415  -0.0436399624
       -0.0028787139  -0.0259676435  -0.0025940900  -0.0012562791  -0.0017525344
       -0.0028743984  -0.0033265001  -0.0001043742  -0.0005442369  -0.0001390992
        0.0030879978  -0.0029664444  -0.0029039702   0.0012870045  -0.0001357568
       -0.0000142712  -0.0015613660  -0.0004962145  -0.0002178725  -0.0003514373
       -0.0002651813  -0.0000037413   0.0128282886   0.0520482144   0.0081470103
       -0.0008064339   0.0005141251   0.0009428304   0.0007533963   0.0004780665
        0.0008199677   0.0000668139  -0.0001136946   0.0004554746   0.0000780148
        0.0000418941   0.0000284103  -0.0000896835  -0.0000239220   0.0000050436
       -0.0000043625  -0.0000220010  -0.0000156048  -0.0000265163   0.0000025136
       -0.0000205778   0.0000054881  -0.0000243441  -0.0000293907   0.0000260847
        0.0000102679  -0.0000090635   0.0000106637   0.0000197652  -0.0000175846
        0.0000044128  -0.0000015128   0.0000014684  -0.0000040709  -0.0000039979
        0.0000016757  -0.0000012924   0.0000022290   0.0000029109
        0.0063485919  -0.0000681091   0.0008484489  -0.0082872921  -0.0029037935
       -0.0350474994  -0.0076537776  -0.0009962193   0.0000284715  -0.0006159260
       -0.0033255879   0.0075677010   0.0001418304  -0.0003697465  -0.0000824964
        0.0006548932  -0.0028094215   0.0067399961   0.0003329457  -0.0000054919
       -0.0000570352  -0.0004090254  -0.0000878644  -0.0000455500  -0.0000310037
        0.0000220320  -0.0002339806   0.0095812843   0.0081470103   0.0264695276
       -0.0001663358   0.0009735235  -0.0025196552   0.0002551771   0.0008066086
       -0.0021830360  -0.0001159279   0.0004376525  -0.0015277368  -0.0002445578
       -0.0000361255  -0.0000030183   0.0001968876   0.0000696732   0.0000468510
       -0.0000093674   0.0000823964   0.0000480785  -0.0000255448  -0.0000111160
       -0.0000227195   0.0000344063   0.0001044545   0.0000510063   0.0000164702
       -0.0000218302  -0.0000336331  -0.0000026462   0.0000048759  -0.0000122070
       -0.0000201541   0.0000015959  -0.0000076568   0.0000205430   0.0000013269
       -0.0000046605  -0.0000014710  -0.0000158439  -0.0000191960
       -0.0001433533  -0.0025735649  -0.0008688620   0.0066153295  -0.0092710831
       -0.0026308528  -0.1182144390   0.1126563559   0.0316809498  -0.0195440272
        0.0271926126   0.0076860315  -0.0059648380  -0.0008945766  -0.0002543023
       -0.0000774924  -0.0007551113  -0.0002209057  -0.0000148830  -0.0000378518
        0.0000195939   0.0020616010   0.0000261237  -0.0000359686   0.0008411273
        0.0000491804   0.0001810457   0.0009454612  -0.0008064339  -0.0001663358
        0.1341630497  -0.1263223982  -0.0354792727   0.0002365212  -0.0005470033
       -0.0001344677  -0.0003638448   0.0013308851   0.0004001806  -0.0004208439
       -0.0001095628   0.0000654757  -0.0001006790   0.0000870836  -0.0001408823
       -0.0000272160  -0.0000292200  -0.0001048041   0.0000251969  -0.0000238610
        0.0000539141   0.0000227903  -0.0000373835  -0.0000799949   0.0000266437
        0.0000726623   0.0000079765   0.0000184594  -0.0000070277   0.0000040966
       -0.0000443074   0.0000084237  -0.0000089442  -0.0000285745  -0.0000142344
        0.0000106261  -0.0000116814   0.0000059854   0.0000157025
       -0.0031959437  -0.0031810270  -0.0032877642   0.0134990415  -0.0233895962
       -0.0065872723   0.1137407090  -0.2143671883  -0.0516424329   0.0021521011
       -0.0013522940  -0.0009820956   0.0000183938   0.0013056812  -0.0017400865
       -0.0004961014   0.0004714819   0.0001910187  -0.0000273722  -0.0001089768
        0.0004371476   0.0001503733   0.0006888999   0.0011902891  -0.0004922337
       -0.0000017218  -0.0000824118   0.0005399557   0.0005141251   0.0009735235
       -0.1263223982   0.2408482618   0.0618557394   0.0006964154  -0.0013079185
       -0.0004027916  -0.0002781673  -0.0001622077   0.0000733656   0.0000897992
        0.0000785042  -0.0000087699  -0.0000162505  -0.0000155483   0.0000406838
       -0.0000397626  -0.0000056185  -0.0000069661  -0.0000347610  -0.0000112604
       -0.0000104011  -0.0000094781  -0.0000178863   0.0000107355   0.0000200072
       -0.0000099060  -0.0000101378  -0.0000199614   0.0000269069  -0.0000176069
        0.0000121108  -0.0000123784   0.0000058530   0.0000063370   0.0000093880
       -0.0000022590   0.0000071861   0.0000002792   0.0000026397
       -0.0008355713  -0.0033413983   0.0069416676   0.0042046416  -0.0064889655
       -0.0019067327   0.0312957640  -0.0520468589  -0.0477687423   0.0009848362
       -0.0003359568   0.0019361285  -0.0003460096  -0.0017609336   0.0067189178
       -0.0003504883   0.0001462739  -0.0001739778   0.0000175271   0.0004178797
       -0.0014983640   0.0001727916   0.0009588087  -0.0027686266  -0.0001339568
       -0.0000592398  -0.0000452276   0.0002535327   0.0009428304  -0.0025196552
       -0.0354792727   0.0618557394   0.0412745317   0.0002080860  -0.0004693541
        0.0000907015  -0.0000303997   0.0001561824  -0.0002768636  -0.0000259456
        0.0000108366  -0.0000227772   0.0000432628  -0.0001108996   0.0000430100
        0.0000016846   0.0000407339   0.0000078746   0.0000009353   0.0000090942
       -0.0000092427   0.0000100498   0.0000228837   0.0000436518   0.0000029081
        0.0000350374  -0.0000321346  -0.0000007568   0.0000156902  -0.0000136672
       -0.0000084851  -0.0000000912  -0.0000029436   0.0000129142   0.0000072080
       -0.0000050843   0.0000019516  -0.0000055010  -0.0000124442
       -0.0945123622  -0.0986473488  -0.0288680362   0.0065257549   0.0130319492
        0.0037798393  -0.0009064177   0.0029044129   0.0006792775  -0.0002360504
        0.0009847262   0.0002915968  -0.0058360099  -0.0002283747  -0.0004457902
       -0.0158712498  -0.0262830022  -0.0077206619   0.0006281033  -0.0007023400
       -0.0001446792  -0.0001599761  -0.0002724096  -0.0000954470   0.0001328612
        0.0000481861   0.0000465702   0.0008297978   0.0007533963   0.0002551771
        0.0002365212   0.0006964154   0.0002080860   0.1099018085   0.1090514693
        0.0322597857  -0.0001610164  -0.0013164661  -0.0003732312  -0.0001382194
       -0.0001023717   0.0000807881  -0.0004078875   0.0000830807  -0.0000512123
        0.0000477792   0.0000359140   0.0000734112   0.0000282076  -0.0000726362
       -0.0000104860  -0.0000404697   0.0000435402   0.0001023997   0.0000156882
        0.0000203761  -0.0000504633   0.0000022299  -0.0000164286   0.0000082387
       -0.0000267502   0.0000123755  -0.0000099685  -0.0000409120  -0.0000146080
        0.0000039312  -0.0000114305  -0.0000098559  -0.0000191258
       -0.0986521920  -0.2336410276  -0.0584541371  -0.0104137690  -0.0241129612
       -0.0069485991   0.0033080001  -0.0030764103  -0.0028278267   0.0008999397
        0.0011507212   0.0002235337  -0.0007115059   0.0015520454  -0.0016616727
       -0.0029900253  -0.0036581188  -0.0011063556   0.0006234422   0.0007155900
        0.0009536258  -0.0001794283  -0.0005863229   0.0002117301  -0.0000156579
        0.0001175310   0.0000671448  -0.0005015136   0.0004780665   0.0008066086
       -0.0005470033  -0.0013079185  -0.0004693541   0.1090514693   0.2625853726
        0.0692974573   0.0002530129  -0.0002657179  -0.0000994875  -0.0000758545
       -0.0000517600   0.0000751370  -0.0001398541   0.0000696776  -0.0000372088
        0.0000405399  -0.0000057755   0.0000306128  -0.0000108973   0.0000072917
       -0.0000228339   0.0000415078   0.0000256986   0.0000033699   0.0000365216
       -0.0000055127  -0.0000129763   0.0000285384   0.0000215490  -0.0000198280
       -0.0000154645   0.0000120156  -0.0000123013  -0.0000150070  -0.0000188786
        0.0000090356  -0.0000147990  -0.0000051552  -0.0000056744
       -0.0287553762  -0.0585196970  -0.0496603516  -0.0028930480  -0.0064404124
       -0.0019272778   0.0006629729  -0.0028704246   0.0064130012   0.0002023385
        0.0003973731   0.0006855728  -0.0000152756  -0.0018469449   0.0068589012
       -0.0010723245  -0.0014428382  -0.0004783582   0.0002111633   0.0009440725
       -0.0023465789  -0.0000893890   0.0001938052  -0.0013726867   0.0000111184
        0.0001014989  -0.0001173393  -0.0000914902   0.0008199677  -0.0021830360
       -0.0001344677  -0.0004027916   0.0000907015   0.0322597857   0.0692974573
        0.0439017675  -0.0002498191  -0.0001488311   0.0001912214   0.0000899542
       -0.0001065541  -0.0000087849  -0.0000630041   0.0000483817  -0.0000542595
       -0.0000394373  -0.0000258020   0.0000325185  -0.0000133375  -0.0000144032
       -0.0000133233  -0.0000344561   0.0000068480  -0.0000019439   0.0000084144
       -0.0000020143  -0.0000111118   0.0000257762   0.0000101447  -0.0000039872
       -0.0000056428   0.0000049168  -0.0000011931  -0.0000087193   0.0000004593
        0.0000092350  -0.0000057360  -0.0000042118  -0.0000026870
        0.0028281670  -0.0028152770  -0.0004142849  -0.0018357945   0.0002774869
        0.0001464886   0.0013343137   0.0029105391   0.0013470696  -0.0282804197
        0.0168105915  -0.0003540271  -0.2181424107  -0.0054879163  -0.0015271306
       -0.0273624560  -0.0173454288  -0.0000442961   0.0007740684   0.0013891383
       -0.0000848338  -0.0025243100  -0.0039046500  -0.0006053339   0.0028485076
        0.0001607438  -0.0001558341   0.0003748348   0.0000668139  -0.0001159279
       -0.0003638448  -0.0002781673  -0.0000303997  -0.0001610164   0.0002530129
       -0.0002498191   0.6181562814   0.0045116059   0.0062118861  -0.1441093086
        0.1014900082  -0.0791246070  -0.1375751134  -0.0971436379   0.0758761745
       -0.0392786235   0.0183256080  -0.0142373910   0.0064393461  -0.0089984211
        0.0071472095  -0.0345275794  -0.0209583961   0.0153082212   0.0065365584
        0.0096407431  -0.0081272060   0.0060107023   0.0015580370  -0.0007427382
       -0.0060052263   0.0000894588  -0.0000695100  -0.0059876890  -0.0005938003
       -0.0001562228   0.0008510126   0.0000419075   0.0000025125
       -0.0023862216  -0.0033906933  -0.0031402241  -0.0000872431  -0.0005196683
       -0.0001329818   0.0028216698  -0.0028763610  -0.0028218149   0.0225641686
        0.0003380266  -0.0006155982  -0.0047078175  -0.0646825714   0.0018370280
       -0.0261739763  -0.0026034908  -0.0009919718  -0.0011942582   0.0001030854
        0.0010779638   0.0025903017   0.0001789959   0.0009809488   0.0005174009
       -0.0006263596  -0.0011482071  -0.0000060734  -0.0001136946   0.0004376525
        0.0013308851  -0.0001622077   0.0001561824  -0.0013164661  -0.0002657179
       -0.0001488311   0.0045116059   0.4815803559  -0.2279335361   0.0492009120
       -0.1834959200   0.0959462565  -0.0475250281  -0.1869976227   0.1020346160
        0.0655963707   0.0199656741  -0.0138522075   0.0090024250  -0.0173157459
        0.0132528889  -0.0676961191   0.0156997559  -0.0128856546  -0.0080342220
       -0.0167795963   0.0125155006   0.0013257267  -0.0452831181   0.0285104574
       -0.0005089559   0.0038322404   0.0033580364   0.0001299926   0.0037994748
        0.0031596228   0.0000449224  -0.0003848414   0.0004038731
       -0.0004239042  -0.0030493032   0.0063497253  -0.0001398631  -0.0000250772
       -0.0002479519   0.0005461311  -0.0028271937   0.0060570089   0.0053822178
       -0.0006623151   0.0007562013  -0.0002705276   0.0002600335  -0.0543950293
       -0.0073627159  -0.0009365163   0.0003190862  -0.0003068554   0.0009749390
       -0.0023168015   0.0019527565   0.0010918492  -0.0009973173  -0.0009249309
        0.0007292389  -0.0002752964   0.0000285354   0.0004554746  -0.0015277368
        0.0004001806   0.0000733656  -0.0002768636  -0.0003732312  -0.0000994875
        0.0001912214   0.0062118861  -0.2279335361   0.2987850545  -0.0377893883
        0.0969183983  -0.1190316352   0.0329904241   0.0983997563  -0.1203740629
       -0.0479710272  -0.0133604594   0.0098111891  -0.0065909601   0.0129401427
       -0.0083545948   0.0490943357  -0.0111556513   0.0099093603   0.0064199172
        0.0133022468  -0.0086979868  -0.0007306841   0.0283474844  -0.0269852306
       -0.0000352999   0.0031400131   0.0058365287  -0.0001128608   0.0032023953
        0.0058028097   0.0000058643   0.0002142021  -0.0003376783
       -0.0004821509   0.0000106868   0.0010951470   0.0003653940  -0.0000682049
       -0.0000178215  -0.0009728810   0.0003363356   0.0010755278  -0.0033917896
       -0.0042622455  -0.0014230556  -0.0302273060   0.0204655287  -0.0150170880
        0.0001116856   0.0034167951  -0.0008011668  -0.0002016593   0.0001556768
       -0.0006773025   0.0015242998   0.0010096903   0.0002946983  -0.0004764338
        0.0004551565  -0.0000822263  -0.0000672140   0.0000780148  -0.0002445578
       -0.0004208439   0.0000897992  -0.0000259456  -0.0001382194  -0.0000758545
        0.0000899542  -0.1441093086   0.0492009120  -0.0377893883   0.6650508773
        0.0166917310  -0.0028864831   0.0565504748   0.0235550553  -0.0167155602
       -0.3364847291   0.0256717598  -0.0237893213  -0.1029765301  -0.0876051360
        0.0634075096  -0.0498683863   0.0238026482  -0.0181308800  -0.0005569651
       -0.0027009863   0.0018204914  -0.0341539496  -0.0701101661   0.0503202853
       -0.0184902515   0.0017489138  -0.0015975342  -0.0001552424   0.0004968525
       -0.0004860355  -0.0004288708  -0.0023629632   0.0015807531
        0.0007242539  -0.0000948669   0.0000632150  -0.0004364114  -0.0001195502
       -0.0000230342   0.0006467661   0.0002304393   0.0003107525  -0.0017840164
        0.0011739875  -0.0000592280   0.0131142054   0.0009871828   0.0008151106
       -0.0027647847  -0.0023551938   0.0004963520  -0.0003746041   0.0001329290
       -0.0003784349  -0.0005760963   0.0005538890   0.0000107718   0.0006133831
       -0.0009574555  -0.0001368505  -0.0001296188   0.0000418941  -0.0000361255
       -0.0001095628   0.0000785042   0.0000108366  -0.0001023717  -0.0000517600
       -0.0001065541   0.1014900082  -0.1834959200   0.0969183983   0.0166917310
        0.4668062993  -0.2536813709  -0.0186439757  -0.0406796467   0.0311533783
       -0.0387606659  -0.0784318139   0.0224838490  -0.0875052487  -0.1698454754
        0.0978765188   0.0226739985  -0.0096539447   0.0033219342  -0.0023497117
       -0.0001768755   0.0057308813  -0.0214504675   0.0163208639  -0.0114837010
        0.0212571747  -0.0006479403   0.0014805283   0.0005597871   0.0003424482
       -0.0004492173  -0.0027837721  -0.0001579943   0.0056819897
        0.0002427087   0.0001075449   0.0000970643  -0.0000839595   0.0002691186
        0.0001362037  -0.0003110675  -0.0000661712  -0.0000644116   0.0012393253
       -0.0011753238   0.0001008438  -0.0054663414   0.0013795039   0.0007386704
        0.0002971906   0.0001182524  -0.0006658415  -0.0000813066   0.0002890567
        0.0002499667   0.0007527471   0.0002015872   0.0002749003  -0.0006320155
        0.0005048568  -0.0000773058   0.0000220151   0.0000284103  -0.0000030183
        0.0000654757  -0.0000087699  -0.0000227772   0.0000807881   0.0000751370
       -0.0000087849  -0.0791246070   0.0959462565  -0.1190316352  -0.0028864831
       -0.2536813709   0.2986146388   0.0157515728   0.0316077909  -0.0216633928
        0.0215559369   0.0229884969  -0.0634001853   0.0634180525   0.0975182778
       -0.1043202747  -0.0174835013   0.0034535969  -0.0085736914   0.0015035339
        0.0058066025   0.0035963248   0.0153737108  -0.0119223674   0.0102487134
       -0.0157010474   0.0012024407  -0.0001631065  -0.0004032575  -0.0003922115
        0.0001105101   0.0018705294   0.0057492844   0.0038265889
       -0.0015206162  -0.0001697996  -0.0014510700   0.0004863728  -0.0005761336
       -0.0001485628   0.0002164271   0.0000750829  -0.0006330396   0.0006986473
       -0.0022220289   0.0008530239  -0.0271409596  -0.0225114641   0.0144374452
       -0.0020925755   0.0026382840   0.0008733495   0.0000256806  -0.0002245541
        0.0004039600  -0.0023900120   0.0014211508   0.0006273846   0.0008150362
        0.0000831314   0.0004108744  -0.0000611338  -0.0000896835   0.0001968876
       -0.0001006790  -0.0000162505   0.0000432628  -0.0004078875  -0.0001398541
       -0.0000630041  -0.1375751134  -0.0475250281   0.0329904241   0.0565504748
       -0.0186439757   0.0157515728   0.6599053405  -0.0051536279   0.0161810321
       -0.0474424150  -0.0256501532   0.0180246711  -0.0008677847   0.0026237452
       -0.0021818765  -0.3330003069  -0.0371245892   0.0232207710  -0.1094267488
        0.0864525409  -0.0698377703  -0.0384595338   0.0673345040  -0.0499761252
       -0.0001412261  -0.0006320786   0.0002938507  -0.0173724348  -0.0022756446
        0.0018503989  -0.0006985522   0.0023264263  -0.0018674601
       -0.0006445744   0.0000798494  -0.0001797897   0.0004098210   0.0000548221
        0.0000377013  -0.0006661050  -0.0002234054  -0.0003011233   0.0023385218
       -0.0031595727  -0.0002258986  -0.0148313878  -0.0008903541   0.0017084047
        0.0015709595   0.0017648465   0.0001892262  -0.0000549383  -0.0001948631
        0.0000891434   0.0035185405   0.0001424117   0.0003599917  -0.0026692617
        0.0013851430   0.0002972345   0.0001063144  -0.0000239220   0.0000696732
        0.0000870836  -0.0000155483  -0.0001108996   0.0000830807   0.0000696776
        0.0000483817  -0.0971436379  -0.1869976227   0.0983997563   0.0235550553
       -0.0406796467   0.0316077909  -0.0051536279   0.4542575619  -0.2555727449
       -0.0239838442  -0.0117870643   0.0041752352   0.0021934826  -0.0001546272
        0.0055133537   0.0258107625  -0.0774007708   0.0233282171   0.0863958219
       -0.1548107943   0.0971889704   0.0187235859   0.0198202506  -0.0134322549
       -0.0005682014   0.0003000978  -0.0004177426  -0.0217848964  -0.0016928908
        0.0016217857   0.0027074453   0.0001564218   0.0056055875
        0.0000288707   0.0001832046   0.0000263050  -0.0000370619   0.0000363574
       -0.0000222891   0.0001513505   0.0003846936  -0.0000983910  -0.0018505968
       -0.0021626119  -0.0005525275   0.0038500377   0.0015615619   0.0008755589
       -0.0013821713  -0.0008018341   0.0002625646   0.0000083035   0.0001764852
       -0.0000018031   0.0026172463   0.0008490859  -0.0006417036  -0.0003963857
       -0.0007317091   0.0005140493  -0.0000427843   0.0000050436   0.0000468510
       -0.0001408823   0.0000406838   0.0000430100  -0.0000512123  -0.0000372088
       -0.0000542595   0.0758761745   0.1020346160  -0.1203740629  -0.0167155602
        0.0311533783  -0.0216633928   0.0161810321  -0.2555727449   0.3073159553
        0.0172190695   0.0041968949  -0.0084770131  -0.0018316883   0.0056174698
        0.0036214909  -0.0232637939   0.0222143325  -0.0640789366  -0.0694395217
        0.0964120011  -0.1108364461  -0.0148887833  -0.0127165255   0.0105556385
        0.0004294480  -0.0003863173   0.0001214139   0.0158825144   0.0018237139
       -0.0003653634  -0.0022036052   0.0057194293   0.0037833514
        0.0005141936  -0.0001750871  -0.0000657525  -0.0001180120   0.0000942464
        0.0000180043   0.0000060483   0.0000863927   0.0003658742  -0.0008893753
        0.0015143320  -0.0000998444   0.0022780000   0.0024120539  -0.0012405409
       -0.0001365140  -0.0008482190   0.0005581009  -0.0002361425  -0.0001373540
       -0.0000408730  -0.0008806815  -0.0005470808  -0.0002864670   0.0004722939
       -0.0003002810  -0.0002187195   0.0000354136  -0.0000043625  -0.0000093674
       -0.0000272160  -0.0000397626   0.0000016846   0.0000477792   0.0000405399
       -0.0000394373  -0.0392786235   0.0655963707  -0.0479710272  -0.3364847291
       -0.0387606659   0.0215559369  -0.0474424150  -0.0239838442   0.0172190695
        0.6592523838  -0.0032553402   0.0122686583  -0.0170301391  -0.0024622276
        0.0012674036   0.0601999788  -0.0217320367   0.0167571478  -0.0001457659
       -0.0005220272   0.0004031521  -0.1501202048  -0.0492139104   0.0332160031
       -0.1113847770   0.0909598095  -0.0667746686  -0.0005827117   0.0028510874
       -0.0020534811  -0.0180487836  -0.0215726331   0.0151691437
        0.0001120603   0.0002180966  -0.0003272716  -0.0000484479  -0.0000439275
       -0.0000038502   0.0001024541   0.0002006140  -0.0003576564  -0.0000691340
        0.0005567053   0.0000608528   0.0028744588  -0.0001432118   0.0053417521
        0.0005094214  -0.0002261354   0.0000832311   0.0000495319  -0.0000781047
        0.0002175094  -0.0005857836   0.0000089387  -0.0001330927   0.0004614393
       -0.0003848383   0.0001770190  -0.0000176105  -0.0000220010   0.0000823964
       -0.0000292200  -0.0000056185   0.0000407339   0.0000359140  -0.0000057755
       -0.0000258020   0.0183256080   0.0199656741  -0.0133604594   0.0256717598
       -0.0784318139   0.0229884969  -0.0256501532  -0.0117870643   0.0041968949
       -0.0032553402   0.4782679659  -0.2607621243  -0.0219309538  -0.0017186672
        0.0014101401   0.0264639868  -0.0440204246   0.0331246426  -0.0005176240
        0.0003043755  -0.0004154281  -0.1139810821  -0.1989446753   0.1064554437
        0.0909382556  -0.1629727307   0.0942127638   0.0023391958   0.0002367203
        0.0057919200  -0.0017987365  -0.0009741016   0.0012018880
        0.0000093722   0.0001558632  -0.0001333257   0.0000798499   0.0000613422
        0.0000385409  -0.0002898971   0.0003844995  -0.0000835096  -0.0013187901
        0.0002146076  -0.0000062472  -0.0016572803   0.0054913806   0.0035122723
        0.0007956705   0.0000433436   0.0001139054   0.0001083505  -0.0000356252
       -0.0000435977   0.0000573208  -0.0006083427   0.0000493249  -0.0002107017
        0.0002049762  -0.0000989112   0.0000229076  -0.0000156048   0.0000480785
       -0.0001048041  -0.0000069661   0.0000078746   0.0000734112   0.0000306128
        0.0000325185  -0.0142373910  -0.0138522075   0.0098111891  -0.0237893213
        0.0224838490  -0.0634001853   0.0180246711   0.0041752352  -0.0084770131
        0.0122686583  -0.2607621243   0.3049362912   0.0155488311   0.0017908705
       -0.0002352639  -0.0184451205   0.0324183964  -0.0224304189   0.0003786809
       -0.0003878151   0.0000564857   0.0803642115   0.1074418298  -0.1238151166
       -0.0668516659   0.0941251025  -0.1037680510  -0.0018035479   0.0057779862
        0.0037548462   0.0009765842   0.0008687903   0.0001303130
       -0.0002270628  -0.0000489736   0.0001159239  -0.0000198015  -0.0000022178
        0.0000108220  -0.0000469937   0.0000111537   0.0000480850   0.0001575176
        0.0003131493   0.0000793507   0.0008409813   0.0008495552  -0.0005664724
       -0.0002903614   0.0003098917  -0.0001317570  -0.0001770842  -0.0001509950
       -0.0005558533  -0.0000710351  -0.0003249646  -0.0001113566  -0.0000431261
        0.0000252676  -0.0000217820   0.0000406611  -0.0000265163  -0.0000255448
        0.0000251969  -0.0000347610   0.0000009353   0.0000282076  -0.0000108973
       -0.0000133375   0.0064393461   0.0090024250  -0.0065909601  -0.1029765301
       -0.0875052487   0.0634180525  -0.0008677847   0.0021934826  -0.0018316883
       -0.0170301391  -0.0219309538   0.0155488311   0.1203953959   0.0979231577
       -0.0696151924  -0.0001757030   0.0004756065  -0.0003219576   0.0002443545
        0.0005721649  -0.0004601380  -0.0058292100   0.0000389122  -0.0002838510
        0.0006372556  -0.0005666356   0.0004560247  -0.0000149091   0.0000114208
        0.0000338048  -0.0010391757  -0.0011240233   0.0008180610
        0.0001491707  -0.0001341589   0.0000628027  -0.0000410335   0.0002639398
        0.0000792534  -0.0002237479  -0.0001069006   0.0000324072   0.0003114852
       -0.0000263694   0.0001324864  -0.0010630350  -0.0006701963  -0.0016390907
       -0.0004398596   0.0000936180  -0.0002845254  -0.0000804984   0.0004032521
       -0.0000762272  -0.0001158168  -0.0001171632  -0.0002271863   0.0000120093
        0.0000367803   0.0001681127  -0.0000011318   0.0000025136  -0.0000111160
       -0.0000238610  -0.0000112604   0.0000090942  -0.0000726362   0.0000072917
       -0.0000144032  -0.0089984211  -0.0173157459   0.0129401427  -0.0876051360
       -0.1698454754   0.0975182778   0.0026237452  -0.0001546272   0.0056174698
       -0.0024622276  -0.0017186672   0.0017908705   0.0979231577   0.1872482244
       -0.1170451309   0.0005918973   0.0003423714  -0.0003989508  -0.0005512650
       -0.0010471906   0.0007277389  -0.0004291910   0.0038011894   0.0031523724
        0.0005934329  -0.0002515094  -0.0017912577   0.0000052655  -0.0006196960
       -0.0008626305  -0.0001023028  -0.0001802204   0.0001194901
       -0.0000384340  -0.0002135402  -0.0000012198   0.0000979548  -0.0000779678
       -0.0000299790   0.0000966476  -0.0001464456   0.0000570258   0.0004530077
        0.0002544352   0.0000366762   0.0005227312  -0.0015957543  -0.0012284516
       -0.0005199262   0.0003430595   0.0002025916  -0.0005611419  -0.0003408891
       -0.0007142930  -0.0000854105  -0.0001191115  -0.0000173527   0.0000618161
       -0.0000217943  -0.0000363454   0.0000277590  -0.0000205778  -0.0000227195
        0.0000539141  -0.0000104011  -0.0000092427  -0.0000104860  -0.0000228339
       -0.0000133233   0.0071472095   0.0132528889  -0.0083545948   0.0634075096
        0.0978765188  -0.1043202747  -0.0021818765   0.0055133537   0.0036214909
        0.0012674036   0.0014101401  -0.0002352639  -0.0696151924  -0.1170451309
        0.1084924870  -0.0002527600  -0.0004432445   0.0000725162   0.0003824709
        0.0006820062  -0.0005720661   0.0000329777   0.0033291378   0.0058320127
       -0.0003559844  -0.0018121138  -0.0014662779   0.0000102800  -0.0008984867
       -0.0012116996   0.0000595298   0.0001067512  -0.0000816966
        0.0002695534  -0.0002182510  -0.0000778390  -0.0001698525   0.0001538615
        0.0000602616   0.0002498685   0.0002231088  -0.0002981484  -0.0006885756
        0.0001822122  -0.0007366532   0.0025255501  -0.0019268376   0.0011739449
       -0.0015379013  -0.0010460903   0.0000548512  -0.0000257720   0.0002611949
        0.0001043828   0.0014989400  -0.0002631258   0.0003779599  -0.0019037441
        0.0007122169   0.0005204793   0.0000170770   0.0000054881   0.0000344063
        0.0000227903  -0.0000094781   0.0000100498  -0.0000404697   0.0000415078
       -0.0000344561  -0.0345275794  -0.0676961191   0.0490943357  -0.0498683863
        0.0226739985  -0.0174835013  -0.3330003069   0.0258107625  -0.0232637939
        0.0601999788   0.0264639868  -0.0184451205  -0.0001757030   0.0005918973
       -0.0002527600   0.6562249962   0.0101659240   0.0000089461  -0.0182570133
        0.0018781724  -0.0011108003  -0.1585130698   0.0519596255  -0.0392171723
       -0.0003033778  -0.0028410985   0.0018737931  -0.1029016960  -0.0878456062
        0.0628817219  -0.0190953064   0.0207226495  -0.0152748876
       -0.0001330980   0.0002549542  -0.0005204883   0.0000555962  -0.0000562695
       -0.0000217522  -0.0000603404   0.0001997207  -0.0002481188  -0.0007389850
       -0.0004022776   0.0001445689  -0.0028245663   0.0000124299   0.0056618320
        0.0004237265   0.0001403525   0.0000413754  -0.0000106840  -0.0000548011
        0.0001636213   0.0002578745  -0.0001818400  -0.0003062481   0.0000563760
        0.0001688484   0.0002514243   0.0000194176  -0.0000243441   0.0001044545
       -0.0000373835  -0.0000178863   0.0000228837   0.0000435402   0.0000256986
        0.0000068480  -0.0209583961   0.0156997559  -0.0111556513   0.0238026482
       -0.0096539447   0.0034535969  -0.0371245892  -0.0774007708   0.0222143325
       -0.0217320367  -0.0440204246   0.0324183964   0.0004756065   0.0003423714
       -0.0004432445   0.0101659240   0.4762098204  -0.2636804850   0.0209026758
       -0.0006625040   0.0012490908   0.1163816994  -0.1908692271   0.1060333085
       -0.0023737397  -0.0001521580   0.0057935618  -0.0875484448  -0.1696148243
        0.0982999335   0.0009571789   0.0000573201   0.0005167597
        0.0000626247   0.0004406370   0.0000512510  -0.0000803578  -0.0000937275
       -0.0000100862   0.0000621131   0.0002470420  -0.0002301054  -0.0010431443
       -0.0000891106  -0.0000825538   0.0011715545   0.0056015863   0.0033627648
        0.0015366476   0.0001612901   0.0000634704   0.0000701007  -0.0000570588
        0.0000199294   0.0004083034  -0.0001085998   0.0000896490  -0.0001503306
       -0.0001198562  -0.0000363491  -0.0000222523  -0.0000293907   0.0000510063
       -0.0000799949   0.0000107355   0.0000436518   0.0001023997   0.0000033699
       -0.0000019439   0.0153082212  -0.0128856546   0.0099093603  -0.0181308800
        0.0033219342  -0.0085736914   0.0232207710   0.0233282171  -0.0640789366
        0.0167571478   0.0331246426  -0.0224304189  -0.0003219576  -0.0003989508
        0.0000725162   0.0000089461  -0.2636804850   0.3100684149  -0.0161704276
        0.0010447165  -0.0002190803  -0.0865488692   0.1055357793  -0.1261293470
        0.0015690520   0.0058309673   0.0038390792   0.0632744294   0.0980283783
       -0.1058642002  -0.0010040970   0.0007835379   0.0000856194
       -0.0000039422  -0.0000193033  -0.0000623998  -0.0000350022   0.0000159393
       -0.0000204615  -0.0001398450   0.0000100616  -0.0001609969  -0.0001600794
       -0.0005720603   0.0002081479   0.0009270357  -0.0006523828   0.0005603305
       -0.0000210613  -0.0000713870  -0.0000397906   0.0000035031   0.0001026115
        0.0000528295  -0.0003462975   0.0005035603   0.0005672796   0.0000646511
        0.0002216585   0.0007800860   0.0000277952   0.0000260847   0.0000164702
        0.0000266437   0.0000200072   0.0000029081   0.0000156882   0.0000365216
        0.0000084144   0.0065365584  -0.0080342220   0.0064199172  -0.0005569651
       -0.0023497117   0.0015035339  -0.1094267488   0.0863958219  -0.0694395217
       -0.0001457659  -0.0005176240   0.0003786809   0.0002443545  -0.0005512650
        0.0003824709  -0.0182570133   0.0209026758  -0.0161704276   0.1276097085
       -0.0967115241   0.0760616515  -0.0058794079  -0.0005040474   0.0000704365
       -0.0000028863   0.0000235931   0.0000359198   0.0006187133   0.0006124131
       -0.0003757619  -0.0010996367   0.0011125792  -0.0007797170
        0.0001330337  -0.0000311663   0.0000908717  -0.0000136711   0.0001425329
        0.0000183746  -0.0000633889  -0.0001875150   0.0000932380  -0.0000409677
        0.0000142048   0.0001657944   0.0012084509  -0.0005823476  -0.0016242218
       -0.0002758260  -0.0001768801  -0.0001260734   0.0000793102   0.0000842379
       -0.0000139091   0.0001411399   0.0000290789  -0.0005016804   0.0006081592
        0.0004305025  -0.0002888589   0.0000045713   0.0000102679  -0.0000218302
        0.0000726623  -0.0000099060   0.0000350374   0.0000203761  -0.0000055127
       -0.0000020143   0.0096407431  -0.0167795963   0.0133022468  -0.0027009863
       -0.0001768755   0.0058066025   0.0864525409  -0.1548107943   0.0964120011
       -0.0005220272   0.0003043755  -0.0003878151   0.0005721649  -0.0010471906
        0.0006820062   0.0018781724  -0.0006625040   0.0010447165  -0.0967115241
        0.1706421923  -0.1152945537   0.0000029001   0.0038757291   0.0032847683
        0.0000113032  -0.0006479069  -0.0009409478  -0.0005541362  -0.0002987592
       -0.0018203002   0.0000569990  -0.0001161674   0.0000865474
       -0.0001591564  -0.0001649675   0.0000393749  -0.0000528062  -0.0000744297
       -0.0000043730   0.0000178017  -0.0001233669   0.0000585493   0.0012163004
        0.0012351656  -0.0000319822  -0.0002265534  -0.0018030795  -0.0012301863
       -0.0002812251  -0.0000198786   0.0000850887  -0.0000843932  -0.0000531609
       -0.0000633960  -0.0003396329  -0.0010227192  -0.0000947806   0.0009245344
       -0.0003027581  -0.0021125190  -0.0000154757  -0.0000090635  -0.0000336331
        0.0000079765  -0.0000101378  -0.0000321346  -0.0000504633  -0.0000129763
       -0.0000111118  -0.0081272060   0.0125155006  -0.0086979868   0.0018204914
        0.0057308813   0.0035963248  -0.0698377703   0.0971889704  -0.1108364461
        0.0004031521  -0.0004154281   0.0000564857  -0.0004601380   0.0007277389
       -0.0005720661  -0.0011108003   0.0012490908  -0.0002190803   0.0760616515
       -0.1152945537   0.1170897783  -0.0001507961   0.0032008214   0.0056887268
        0.0000098531  -0.0008736720  -0.0012170201   0.0004883881  -0.0017731766
       -0.0013794998  -0.0000537324   0.0001051994  -0.0000781125
       -0.0001097380   0.0000650405   0.0000339661   0.0000967458   0.0000249168
        0.0000226609  -0.0000963814  -0.0001180474   0.0000054822   0.0005156108
       -0.0003619863   0.0002050654  -0.0019290483  -0.0001401933  -0.0001556598
        0.0003321690   0.0004557239  -0.0002398301  -0.0000459895   0.0000568701
        0.0000616949   0.0000612334  -0.0000372452  -0.0000405573  -0.0003400507
        0.0000041671  -0.0000651990   0.0000032109   0.0000106637  -0.0000026462
        0.0000184594  -0.0000199614  -0.0000007568   0.0000022299   0.0000285384
        0.0000257762   0.0060107023   0.0013257267  -0.0007306841  -0.0341539496
       -0.0214504675   0.0153737108  -0.0384595338   0.0187235859  -0.0148887833
       -0.1501202048  -0.1139810821   0.0803642115  -0.0058292100  -0.0004291910
        0.0000329777  -0.1585130698   0.1163816994  -0.0865488692  -0.0058794079
        0.0000029001  -0.0001507961   0.6759407051   0.0042931992   0.0075354893
        0.0065582260   0.0108768557  -0.0078125418   0.0066169465  -0.0096274225
        0.0073521428  -0.3006796553  -0.0060842909  -0.0003768541
        0.0000120911  -0.0000076908   0.0000870591  -0.0000231220   0.0000234490
        0.0000168988  -0.0000027153   0.0000495600  -0.0001677497  -0.0001203416
       -0.0007019807  -0.0003032154  -0.0001566675  -0.0002250099  -0.0001505900
       -0.0002942237  -0.0000813601  -0.0002240441   0.0000301442   0.0002082443
        0.0000311051   0.0008167844   0.0003029048   0.0003126270  -0.0006057291
        0.0003304563   0.0000710327  -0.0000106170   0.0000197652   0.0000048759
       -0.0000070277   0.0000269069   0.0000156902  -0.0000164286   0.0000215490
        0.0000101447   0.0015580370  -0.0452831181   0.0283474844  -0.0701101661
        0.0163208639  -0.0119223674   0.0673345040   0.0198202506  -0.0127165255
       -0.0492139104  -0.1989446753   0.1074418298   0.0000389122   0.0038011894
        0.0033291378   0.0519596255  -0.1908692271   0.1055357793  -0.0005040474
        0.0038757291   0.0032008214   0.0042931992   0.4659053394  -0.2531571646
       -0.0088055226  -0.0170403335   0.0127356905   0.0098634783  -0.0170222795
        0.0128485988  -0.0060362567  -0.0405305329   0.0046528811
       -0.0000442394  -0.0000129846  -0.0000525122   0.0000235262  -0.0000320103
       -0.0000261768   0.0000135222  -0.0000505590   0.0001402505   0.0001632070
        0.0005733013   0.0002381685   0.0000451857   0.0000384625  -0.0001939623
        0.0002237762   0.0001115626   0.0002200145   0.0000079767  -0.0001694962
       -0.0000403747  -0.0007905303  -0.0002383277  -0.0001514565   0.0005270863
       -0.0002146193  -0.0001936365   0.0000058640  -0.0000175846  -0.0000122070
        0.0000040966  -0.0000176069  -0.0000136672   0.0000082387  -0.0000198280
       -0.0000039872  -0.0007427382   0.0285104574  -0.0269852306   0.0503202853
       -0.0114837010   0.0102487134  -0.0499761252  -0.0134322549   0.0105556385
        0.0332160031   0.1064554437  -0.1238151166  -0.0002838510   0.0031523724
        0.0058320127  -0.0392171723   0.1060333085  -0.1261293470   0.0000704365
        0.0032847683   0.0056887268   0.0075354893  -0.2531571646   0.2988848710
        0.0064224188   0.0131148778  -0.0083644518  -0.0071761925   0.0129833775
       -0.0084335598  -0.0003562638   0.0045882050  -0.0373927099
       -0.0000452439   0.0000367814   0.0000856467   0.0000140240  -0.0000677257
       -0.0000205153   0.0000299952   0.0000677553   0.0001306145  -0.0004685847
       -0.0004131279  -0.0001439663  -0.0004581319   0.0010958953  -0.0007811428
       -0.0000304418   0.0002012546   0.0000620214   0.0000231383   0.0000701233
       -0.0000357904   0.0000871307   0.0002168358   0.0000830074   0.0000020022
       -0.0001079907  -0.0000672096  -0.0000114629   0.0000044128  -0.0000201541
       -0.0000443074   0.0000121108  -0.0000084851  -0.0000267502  -0.0000154645
       -0.0000056428  -0.0060052263  -0.0005089559  -0.0000352999  -0.0184902515
        0.0212571747  -0.0157010474  -0.0001412261  -0.0005682014   0.0004294480
       -0.1113847770   0.0909382556  -0.0668516659   0.0006372556   0.0005934329
       -0.0003559844  -0.0003033778  -0.0023737397   0.0015690520  -0.0000028863
        0.0000113032   0.0000098531   0.0065582260  -0.0088055226   0.0064224188
        0.1289375267  -0.1005133063   0.0743476419   0.0002280422  -0.0004800586
        0.0003588274   0.0008953270  -0.0006512425   0.0005283727
        0.0000057164  -0.0000273465  -0.0000016812  -0.0000174366   0.0000586826
        0.0000181122  -0.0000639571  -0.0000331195  -0.0000257725   0.0001261396
        0.0003070024   0.0001159686  -0.0001562050  -0.0001937831   0.0000287709
       -0.0000056798  -0.0000873669  -0.0000541242   0.0000053753   0.0000193662
        0.0000113238  -0.0001107303  -0.0002470486  -0.0001325533   0.0000381482
        0.0000738007   0.0000841033   0.0000088602  -0.0000015128   0.0000015959
        0.0000084237  -0.0000123784  -0.0000000912   0.0000123755   0.0000120156
        0.0000049168   0.0000894588   0.0038322404   0.0031400131   0.0017489138
       -0.0006479403   0.0012024407  -0.0006320786   0.0003000978  -0.0003863173
        0.0909598095  -0.1629727307   0.0941251025  -0.0005666356  -0.0002515094
       -0.0018121138  -0.0028410985  -0.0001521580   0.0058309673   0.0000235931
       -0.0006479069  -0.0008736720   0.0108768557  -0.0170403335   0.0131148778
       -0.1005133063   0.1791855401  -0.1135904072   0.0005560667  -0.0010477855
        0.0007441250   0.0004473912  -0.0004258255  -0.0015455854
       -0.0000711154   0.0000427570   0.0000472900   0.0000302541  -0.0000736577
       -0.0000169744   0.0000341162   0.0000064425   0.0000090603  -0.0000751072
       -0.0001388497  -0.0000754587  -0.0001007767   0.0000230859  -0.0000985624
        0.0000587865   0.0001312734  -0.0000190078  -0.0000225530   0.0000006918
       -0.0000211332  -0.0000087179   0.0000937107   0.0000389512   0.0000717162
       -0.0000312469   0.0000075881  -0.0000090671   0.0000014684  -0.0000076568
       -0.0000089442   0.0000058530  -0.0000029436  -0.0000099685  -0.0000123013
       -0.0000011931  -0.0000695100   0.0033580364   0.0058365287  -0.0015975342
        0.0014805283  -0.0001631065   0.0002938507  -0.0004177426   0.0001214139
       -0.0667746686   0.0942127638  -0.1037680510   0.0004560247  -0.0017912577
       -0.0014662779   0.0018737931   0.0057935618   0.0038390792   0.0000359198
       -0.0009409478  -0.0012170201  -0.0078125418   0.0127356905  -0.0083644518
        0.0743476419  -0.1135904072   0.1073590268  -0.0003783014   0.0006692675
       -0.0005848639  -0.0002632970  -0.0015587201  -0.0014522369
       -0.0001162348   0.0000364932  -0.0001024172   0.0000149101  -0.0000976823
       -0.0000242354   0.0001212142   0.0000908296  -0.0000460914  -0.0001898634
       -0.0004839738  -0.0001238068  -0.0004029718  -0.0011422280   0.0008081400
       -0.0003029233   0.0001530022   0.0000508130   0.0000198417   0.0000347076
        0.0000439846   0.0001696353   0.0002963937   0.0000693612  -0.0000879744
       -0.0001746641  -0.0000366842  -0.0000112755  -0.0000040709   0.0000205430
       -0.0000285745   0.0000063370   0.0000129142  -0.0000409120  -0.0000150070
       -0.0000087193  -0.0059876890   0.0001299926  -0.0001128608  -0.0001552424
        0.0005597871  -0.0004032575  -0.0173724348  -0.0217848964   0.0158825144
       -0.0005827117   0.0023391958  -0.0018035479  -0.0000149091   0.0000052655
        0.0000102800  -0.1029016960  -0.0875484448   0.0632744294   0.0006187133
       -0.0005541362   0.0004883881   0.0066169465   0.0098634783  -0.0071761925
        0.0002280422   0.0005560667  -0.0003783014   0.1195325106   0.0970353365
       -0.0699831752   0.0008735989   0.0006982177  -0.0004620781
       -0.0000103177   0.0000212771   0.0000073046   0.0000120944  -0.0000176980
       -0.0000034705   0.0000618633   0.0000219803  -0.0000201192  -0.0000875412
       -0.0000807899  -0.0000164079   0.0002088452  -0.0002381005   0.0000980827
       -0.0000363148   0.0001246153  -0.0000030166   0.0000479667  -0.0000068241
        0.0000203415  -0.0000291043   0.0001000304   0.0000184446   0.0000599839
       -0.0001474741  -0.0000349217  -0.0000115092  -0.0000039979   0.0000013269
       -0.0000142344   0.0000093880   0.0000072080  -0.0000146080  -0.0000188786
        0.0000004593  -0.0005938003   0.0037994748   0.0032023953   0.0004968525
        0.0003424482  -0.0003922115  -0.0022756446  -0.0016928908   0.0018237139
        0.0028510874   0.0002367203   0.0057779862   0.0000114208  -0.0006196960
       -0.0008984867  -0.0878456062  -0.1696148243   0.0980283783   0.0006124131
       -0.0002987592  -0.0017731766  -0.0096274225  -0.0170222795   0.0129833775
       -0.0004800586  -0.0010477855   0.0006692675   0.0970353365   0.1866019609
       -0.1179111566  -0.0003717022  -0.0004478971  -0.0015853193
        0.0000542790  -0.0000585599   0.0000067612  -0.0000310753   0.0000338000
        0.0000098255  -0.0000305660   0.0000072659  -0.0000039722   0.0000321451
        0.0002555806   0.0000029939   0.0001750924   0.0001079300  -0.0000580057
        0.0000353485  -0.0000944946  -0.0000423468  -0.0000075430  -0.0000000533
       -0.0000077727  -0.0000267127  -0.0001691974  -0.0000173438   0.0000054996
        0.0000457759   0.0000010457   0.0000069126   0.0000016757  -0.0000046605
        0.0000106261  -0.0000022590  -0.0000050843   0.0000039312   0.0000090356
        0.0000092350  -0.0001562228   0.0031596228   0.0058028097  -0.0004860355
       -0.0004492173   0.0001105101   0.0018503989   0.0016217857  -0.0003653634
       -0.0020534811   0.0057919200   0.0037548462   0.0000338048  -0.0008626305
       -0.0012116996   0.0628817219   0.0982999335  -0.1058642002  -0.0003757619
       -0.0018203002  -0.0013794998   0.0073521428   0.0128485988  -0.0084335598
        0.0003588274   0.0007441250  -0.0005848639  -0.0699831752  -0.1179111566
        0.1097250743   0.0003498432  -0.0015591806  -0.0014447289
       -0.0000597169   0.0000608958   0.0000224430   0.0000088905  -0.0000730857
       -0.0000159654   0.0000709847   0.0000330777   0.0000046012  -0.0000548445
       -0.0003114506  -0.0000904713   0.0002389997  -0.0000345115  -0.0000006811
        0.0000306902   0.0001971565  -0.0000006233   0.0000397299   0.0000096312
        0.0000246991   0.0000380389   0.0002419725   0.0001403984   0.0000053099
       -0.0001288793  -0.0001053194  -0.0000044474  -0.0000012924  -0.0000014710
       -0.0000116814   0.0000071861   0.0000019516  -0.0000114305  -0.0000147990
       -0.0000057360   0.0008510126   0.0000449224   0.0000058643  -0.0004288708
       -0.0027837721   0.0018705294  -0.0006985522   0.0027074453  -0.0022036052
       -0.0180487836  -0.0017987365   0.0009765842  -0.0010391757  -0.0001023028
        0.0000595298  -0.0190953064   0.0009571789  -0.0010040970  -0.0010996367
        0.0000569990  -0.0000537324  -0.3006796553  -0.0060362567  -0.0003562638
        0.0008953270   0.0004473912  -0.0002632970   0.0008735989  -0.0003717022
        0.0003498432   0.3381795191   0.0068929322   0.0006448186
        0.0000216799  -0.0000491542   0.0000428735  -0.0000034980   0.0000471297
        0.0000087868  -0.0000207810  -0.0000684351   0.0000456325   0.0001977975
        0.0000564778   0.0000518598   0.0000136233  -0.0006048005  -0.0009094058
       -0.0002063134   0.0000188336  -0.0000443020   0.0000245276   0.0000153028
        0.0000063449  -0.0000996932  -0.0000063771  -0.0000717236   0.0000786229
       -0.0000165869   0.0000523900  -0.0000016546   0.0000022290  -0.0000158439
        0.0000059854   0.0000002792  -0.0000055010  -0.0000098559  -0.0000051552
       -0.0000042118   0.0000419075  -0.0003848414   0.0002142021  -0.0023629632
       -0.0001579943   0.0057492844   0.0023264263   0.0001564218   0.0057194293
       -0.0215726331  -0.0009741016   0.0008687903  -0.0011240233  -0.0001802204
        0.0001067512   0.0207226495   0.0000573201   0.0007835379   0.0011125792
       -0.0001161674   0.0001051994  -0.0060842909  -0.0405305329   0.0045882050
       -0.0006512425  -0.0004258255  -0.0015587201   0.0006982177  -0.0004478971
       -0.0015591806   0.0068929322   0.0436140957  -0.0141743983
        0.0000065114  -0.0000890374   0.0000469561  -0.0000033877   0.0000137790
        0.0000022210  -0.0000057053  -0.0000820736   0.0000665502   0.0002850552
        0.0000225718  -0.0000168179   0.0000339783  -0.0008636222  -0.0011540176
       -0.0002261901  -0.0000089926   0.0000006830  -0.0000316027  -0.0000005476
       -0.0000368819  -0.0000780953   0.0000489853   0.0000414194   0.0000418844
       -0.0000046526  -0.0000366522  -0.0000016893   0.0000029109  -0.0000191960
        0.0000157025   0.0000026397  -0.0000124442  -0.0000191258  -0.0000056744
       -0.0000026870   0.0000025125   0.0004038731  -0.0003376783   0.0015807531
        0.0056819897   0.0038265889  -0.0018674601   0.0056055875   0.0037833514
        0.0151691437   0.0012018880   0.0001303130   0.0008180610   0.0001194901
       -0.0000816966  -0.0152748876   0.0005167597   0.0000856194  -0.0007797170
        0.0000865474  -0.0000781125  -0.0003768541   0.0046528811  -0.0373927099
        0.0005283727  -0.0015455854  -0.0014522369  -0.0004620781  -0.0015853193
       -0.0014447289   0.0006448186  -0.0141743983   0.0340821575
