           1           2   1.42383080365583     
           2           3   1.45381846777997     
           3           4   1.37249122818645     
           2           5  0.100768154073532     
           4           5   1.33102417329567     
           1           6   1.44752491313979     
           3           6  0.105173002066242     
           5           6   1.39779952498643     
           6           7  0.968803025444940     
           4           8   1.07193929131512     
           8           9  0.846477490888993     
           2          10  0.970431236963823     
           3          11  0.967796016393012     
           1          12  0.970166715035622     
           5          13   1.03561277216731     
          13          14   1.38966367198848     
          13          15   1.39146085280779     
          14          16   1.45279221682324     
          15          16  0.108407164821866     
          14          17  0.969163460026728     
          14          18  0.110043055594319     
          15          18   1.44410643958130     
          15          19  0.967777351393979     
          13          20  0.106181439252047     
          16          20   1.43282112206789     
          18          20   1.43913175450727     
          16          21  0.970281551973866     
          18          22  0.970241441906067     
          20          23  0.971047975693582     
