           1           2   1.42076136000093     
           2           3   1.37576702148117     
           3           4   1.25191999762938     
           4           5   1.29584151771936     
           1           6   1.30535019755764     
           5           6   1.52706221367592     
           5           7  0.952022853863455     
           6           8  0.951243318791109     
           4           9   1.22792028325906     
           9          10  0.758208091221802     
           1          11  0.974565726951727     
          11          12   1.43697234615836     
          11          13   1.43791860373872     
          12          13  0.337112524608225     
           2          14  0.945668289018655     
           3          15   1.00855035478457     
          15          16   1.38021210424714     
          15          17   1.45683137974299     
          16          17  0.316160863105471     
