$hessian                                                                        
        0.0845638916  -0.0291892558   0.0173170763  -0.0007743877   0.0002351480
       -0.0001573854   0.0025850288  -0.0433377328   0.0334266205  -0.0037381669
        0.0058868237  -0.0041164332  -0.0014579978   0.0016955615  -0.0015323478
       -0.0103683500   0.0314166293  -0.0208856623   0.0012046597  -0.0003582954
        0.0003766804  -0.0002277543   0.0000053910  -0.0000074208  -0.0000417398
       -0.0001783690  -0.0000324096  -0.0001890812  -0.0001647410  -0.0001087616
       -0.0003531119  -0.0001525446  -0.0000926525  -0.0702807711   0.0305804433
       -0.0221601042   0.0007924395   0.0000118965   0.0001530870   0.0005172385
       -0.0003836335  -0.0010838122   0.0000246082   0.0002949449  -0.0002061107
        0.0007788693   0.0002761691   0.0008486608   0.0002891822   0.0001244474
        0.0000487837   0.0000542326  -0.0000375286   0.0000142862  -0.0000490072
        0.0000229725  -0.0000004351  -0.0040897090   0.0016444539  -0.0009002451
        0.0003662533   0.0010186988  -0.0000650660   0.0000956976  -0.0000279619
        0.0000201190   0.0002446979   0.0003808750  -0.0008630065   0.0007316151
        0.0006201057   0.0001877363  -0.0001732269  -0.0003238575  -0.0000592523
       -0.0005051104  -0.0000606405  -0.0001219449
       -0.0291892558   0.4596468737  -0.3257974554   0.0008202335  -0.0002878357
        0.0001373392  -0.0219006927  -0.0481034809   0.0528636099   0.0093185551
       -0.0056901641   0.0052556561  -0.0005983889   0.0004124929   0.0023427996
        0.0244122090  -0.0225087239   0.0244215123  -0.0011403913   0.0003431176
       -0.0009836596   0.0000052218  -0.0001579962  -0.0000684155   0.0002368014
        0.0001310047   0.0000957261   0.0002823371   0.0002545977   0.0001863824
        0.0002317599   0.0002195461   0.0001707149   0.0243878990  -0.3864977313
        0.2415460012  -0.0009706741   0.0001407944  -0.0001036054   0.0002069738
        0.0000790408  -0.0005866142  -0.0002047634  -0.0002108718   0.0000199512
        0.0019656542  -0.0008903336   0.0015559457   0.0001948651  -0.0000142275
        0.0000102531  -0.0001619637   0.0000610864   0.0000043726  -0.0000332654
       -0.0000046711  -0.0000119540  -0.0068738505   0.0039351037  -0.0014619861
       -0.0004512619  -0.0011417230  -0.0005438346  -0.0000595814   0.0000861190
       -0.0000145330  -0.0003105050   0.0006134242   0.0009881976  -0.0004986284
       -0.0008135609  -0.0001726311  -0.0000834455   0.0002878002   0.0000225638
        0.0004141580   0.0001103185   0.0001236635
        0.0173170763  -0.3257974554   0.2703193391  -0.0003876845   0.0001376775
       -0.0000182548   0.0172304147   0.0537462458  -0.0214526908  -0.0073791419
        0.0052484565  -0.0023849920   0.0006898526  -0.0003655622  -0.0005924048
       -0.0160082506   0.0257241743  -0.0042489386  -0.0000740647   0.0000161435
        0.0013187014  -0.0000176528   0.0000339256   0.0001200933  -0.0001821522
       -0.0000234752  -0.0000371613  -0.0000931826  -0.0001038406  -0.0001638601
       -0.0000703644  -0.0001127524  -0.0001401867  -0.0177882855   0.2430746049
       -0.2449496321   0.0005414893  -0.0000945773   0.0000139395  -0.0014050407
       -0.0005461702   0.0003012292  -0.0002681314   0.0007560976  -0.0000147646
        0.0016792475  -0.0001992149  -0.0000722529  -0.0000682111  -0.0000637348
       -0.0000647079   0.0000721136   0.0000084787   0.0000021679   0.0000108358
        0.0000147496   0.0000107862   0.0054659818  -0.0022177321   0.0024230884
        0.0003805647   0.0005229155   0.0005937780   0.0000365810  -0.0000322726
       -0.0000272464   0.0001880436   0.0000157856  -0.0009468420   0.0003622861
        0.0004401796   0.0000644008   0.0000213140  -0.0001659288  -0.0000068845
       -0.0002536386  -0.0000167181  -0.0000467040
       -0.0007743877   0.0008202335  -0.0003876845   0.4802638523   0.0616337943
        0.1040090405  -0.0013721025  -0.0002662777   0.0001491724  -0.0005787348
       -0.0004359420   0.0007886130  -0.0003697317   0.0005811322   0.0007586225
       -0.0019790779   0.0005012778  -0.0008283782   0.0040660434   0.0143051029
        0.0020203917  -0.0143310229  -0.0014397607  -0.0049124656   0.0120885678
       -0.0135482590   0.0003728693  -0.0146653380   0.0361952608  -0.0019926025
       -0.0666926367  -0.0106454221  -0.0165978564   0.0030605147  -0.0008890218
        0.0008596928  -0.2754667801   0.0774975485  -0.0486520315  -0.0001112391
       -0.0000184149  -0.0001604614  -0.0002846179  -0.0001850835  -0.0001434760
        0.0003699280  -0.0001244485  -0.0002829454  -0.0012800600  -0.0004322675
       -0.0005564485  -0.0013421858   0.0004284472  -0.0002113241   0.0011234019
        0.0009108197   0.0006713591   0.0003079120   0.0000930351  -0.0000608111
        0.0001612669   0.0000715260  -0.0001880171  -0.1155184809  -0.1377056206
       -0.0305445018   0.0004098869   0.0002568886  -0.0002638946  -0.0280720733
       -0.0238118847  -0.0072606576  -0.0012550498   0.0117408299   0.0006934389
        0.0222421453  -0.0155334935   0.0027203565
        0.0002351480  -0.0002878357   0.0001376775   0.0616337943   0.3927067111
        0.0360582787   0.0003819705   0.0000262058  -0.0000394403   0.0001575285
        0.0001548225  -0.0001635024   0.0001247128   0.0000198003  -0.0000111086
        0.0004689005  -0.0001270226   0.0001812765  -0.0004638919  -0.0001672506
       -0.0001421008   0.0017924578  -0.0059797021  -0.0003153244  -0.0039539105
       -0.0040168920  -0.0016141725   0.0394373501  -0.0158331358   0.0072830481
       -0.0271183704   0.0105657419  -0.0058570933  -0.0008137437   0.0002211119
       -0.0002571198   0.0535132807  -0.1029080402   0.0081163040  -0.0000037064
       -0.0000124436   0.0000066066   0.0001512660   0.0000147509   0.0000260245
       -0.0001246312  -0.0000145474   0.0001172561   0.0017105097  -0.0003421912
        0.0003313128  -0.0011759364   0.0000679706  -0.0002400396   0.0006143242
        0.0014706813   0.0005263712  -0.0001232728  -0.0000042338  -0.0000033640
       -0.0000473941  -0.0000422175   0.0000749524  -0.1283327152  -0.2511786905
       -0.0432647292  -0.0000904798  -0.0000390551   0.0000993718  -0.0032758871
        0.0074963894  -0.0000104190   0.0030871167  -0.0041351655   0.0003302926
        0.0022155796  -0.0276557623  -0.0013703589
       -0.0001573854   0.0001373392  -0.0000182548   0.1040090405   0.0360582787
        0.0591303120  -0.0002375283  -0.0000685672   0.0000677273  -0.0000917502
       -0.0001105010   0.0002047320   0.0001891858   0.0002297709  -0.0008559161
       -0.0001697658   0.0000239434  -0.0001875040   0.0008629540   0.0032559684
        0.0001878845  -0.0044025649  -0.0011249390   0.0042985867   0.0014197702
       -0.0037468734   0.0049384160  -0.0020228948   0.0064878947   0.0065168550
       -0.0183113420  -0.0022722761   0.0007643109   0.0005961460  -0.0001571920
        0.0000610916  -0.0498190057   0.0137970087  -0.0500078286  -0.0001171432
        0.0000888689  -0.0000659225  -0.0000917442  -0.0000411066  -0.0000689041
        0.0000574446  -0.0000238772  -0.0000671652  -0.0003539662  -0.0001656940
        0.0006592346  -0.0003197741   0.0001213018  -0.0002504774   0.0009480543
        0.0005367634  -0.0025936997   0.0000479405   0.0000012488  -0.0000266674
       -0.0000077631   0.0000461278  -0.0000806024  -0.0303604258  -0.0453533022
       -0.0232753235   0.0000843269   0.0000485232  -0.0001052603  -0.0060942385
       -0.0046707248  -0.0032320286   0.0000955134   0.0023644590  -0.0006142212
        0.0042469160  -0.0054624432   0.0046206252
        0.0025850288  -0.0219006927   0.0172304147  -0.0013721025   0.0003819705
       -0.0002375283   0.4133389027   0.1852313369  -0.1619625711  -0.0257578459
        0.0046635072  -0.0013119044  -0.0058844053   0.0015690967  -0.0029392504
       -0.0713323162  -0.0069594725   0.0103316351   0.0004965948   0.0003278680
        0.0028155067  -0.0003186275   0.0003303391   0.0001361567  -0.0004752335
       -0.0003047788  -0.0001860507  -0.0004252485  -0.0004201833  -0.0004049711
       -0.0005481607  -0.0002314260  -0.0004053114  -0.3032125591  -0.1605326712
        0.1354487677   0.0015062933   0.0000401899   0.0002740255   0.0003365468
       -0.0004745865  -0.0004033450   0.0000549679   0.0003535293  -0.0002406677
       -0.0046420610   0.0018187065  -0.0014454721   0.0003237689   0.0001575735
        0.0001117453   0.0001018733  -0.0000722168   0.0000441513  -0.0000666471
        0.0000311400   0.0000020655  -0.0020727275  -0.0021675955   0.0010971915
       -0.0013432770  -0.0003477086   0.0023491470   0.0001516530  -0.0000395922
        0.0000392563  -0.0017363883  -0.0020189851  -0.0004362159   0.0011596592
        0.0015757465   0.0003325531  -0.0000787214  -0.0008557553  -0.0000767680
       -0.0007889670  -0.0001553397  -0.0001625603
       -0.0433377328  -0.0481034809   0.0537462458  -0.0002662777   0.0000262058
       -0.0000685672   0.1852313369   0.2217151371  -0.1558441301   0.0373045092
       -0.0046944096   0.0054271916  -0.0019165705   0.0011392948  -0.0020515554
       -0.0099900014   0.0054858059   0.0108710525  -0.0000417842   0.0000334472
        0.0009595203  -0.0002742615  -0.0000026438  -0.0000075277  -0.0001384931
       -0.0000487170  -0.0001478275  -0.0000278704  -0.0000455709  -0.0001769107
       -0.0001286802   0.0000522596  -0.0001466755  -0.1530144368  -0.1811648402
        0.0973573075   0.0003018933   0.0000307978   0.0001281790   0.0009053282
       -0.0003875384  -0.0004070558  -0.0002357783   0.0001116312   0.0004394039
        0.0017839725  -0.0004257165   0.0007001411   0.0002099718   0.0000106623
        0.0000933454  -0.0000999429   0.0000656890   0.0001308439  -0.0000517760
        0.0000095605   0.0000128764  -0.0186007977   0.0040713294  -0.0096275164
        0.0018155169   0.0001554568  -0.0018496898   0.0000388384   0.0000802178
        0.0000436298   0.0004606293   0.0017725973   0.0004024817   0.0002515161
        0.0003529783   0.0000749280  -0.0000162373  -0.0002726437  -0.0000306561
       -0.0001628715   0.0000324901  -0.0000290345
        0.0334266205   0.0528636099  -0.0214526908   0.0001491724  -0.0000394403
        0.0000677273  -0.1619625711  -0.1558441301   0.1546275869  -0.0251038607
        0.0073405514   0.0017174459  -0.0011742086   0.0002901596   0.0009050750
        0.0124250512   0.0110024241   0.0113125656  -0.0001275179   0.0000024278
        0.0000410396   0.0001863403  -0.0000222913   0.0000136223  -0.0000074811
        0.0000418578   0.0001458320  -0.0000126574   0.0000048901   0.0000439932
        0.0001624686   0.0000175329   0.0001145604   0.1290531410   0.0967599643
       -0.1442830524  -0.0001553822  -0.0000378127  -0.0000925266  -0.0003958540
        0.0000588469  -0.0000053650  -0.0004447880   0.0001181394  -0.0001800961
        0.0030384335  -0.0007301763   0.0001080061  -0.0001873169  -0.0000311816
       -0.0000565813  -0.0000113988  -0.0000131552  -0.0000701302   0.0000062431
       -0.0000040127   0.0000005656   0.0127372701  -0.0105328926  -0.0037027451
        0.0000623907  -0.0003804619   0.0011490214  -0.0000181572  -0.0000029706
       -0.0000189869  -0.0016226500  -0.0008488112  -0.0003685989  -0.0001309353
       -0.0000952486  -0.0000691783   0.0000543673   0.0000765224   0.0000248194
        0.0000532803   0.0000056585   0.0000280909
       -0.0037381669   0.0093185551  -0.0073791419  -0.0005787348   0.0001575285
       -0.0000917502  -0.0257578459   0.0373045092  -0.0251038607   0.4571359409
       -0.0723127082   0.0620692489  -0.0025862295  -0.0125412371   0.0126824337
       -0.0639032107  -0.0170911088   0.0102337980   0.0008639774  -0.0003912962
        0.0000088606   0.0002512012   0.0002394072   0.0000505024   0.0001375220
       -0.0001763111   0.0003359912  -0.0002596467  -0.0002484961   0.0000209242
       -0.0001184757  -0.0003531622   0.0000620656  -0.0128889249   0.0081514525
       -0.0034858041   0.0006385087   0.0001121152   0.0000240179  -0.0016068640
        0.0009412872   0.0027899299   0.0001885654   0.0001747272  -0.0011722604
       -0.0011288374  -0.0132074563   0.0075897968   0.0000432475   0.0000208059
       -0.0000795105  -0.0000287206  -0.0002105758  -0.0001788808   0.0000110937
       -0.0000018989  -0.0000157448  -0.1997868881  -0.0086090835   0.0157700153
       -0.0846677715  -0.0108712960  -0.1160191774   0.0000823359  -0.0000392364
       -0.0000055129  -0.0624713267   0.0793477616   0.0418517461   0.0006362557
        0.0007596637   0.0001709102  -0.0000472143  -0.0003732048  -0.0000275911
       -0.0004197905  -0.0001007419  -0.0001010058
        0.0058868237  -0.0056901641   0.0052484565  -0.0004359420   0.0001548225
       -0.0001105010   0.0046635072  -0.0046944096   0.0073405514  -0.0723127082
        0.5431408341   0.0623533789  -0.0023458662  -0.0000947344   0.0057380502
       -0.0203373672  -0.1472345414   0.0443322861   0.0015599853   0.0000364057
        0.0001795677  -0.0005971119  -0.0003792348  -0.0000108058   0.0003480050
       -0.0002177576  -0.0004161287   0.0003764314   0.0001157915   0.0000676311
       -0.0004677774   0.0000422453  -0.0002188089   0.0072719098  -0.0135254377
        0.0102249057   0.0003913314   0.0000520138   0.0001546085  -0.0004833053
        0.0009243190   0.0005447911   0.0003404304   0.0012121408  -0.0012020273
       -0.0037225857  -0.0266929221   0.0164374013   0.0002852488   0.0001902508
       -0.0000348633  -0.0000314204   0.0000828960   0.0001520470  -0.0000727464
        0.0000141143   0.0000002129   0.0065501130  -0.0405924584  -0.0043288710
       -0.0114004941  -0.0431866504  -0.0260275843   0.0000683882   0.0000137229
        0.0000546086   0.0845795900  -0.2635907938  -0.1204731519   0.0002741940
       -0.0003294984   0.0000100400  -0.0002397716   0.0001988391   0.0000203821
       -0.0001488621   0.0000502068  -0.0000361770
       -0.0041164332   0.0052556561  -0.0023849920   0.0007886130  -0.0001635024
        0.0002047320  -0.0013119044   0.0054271916   0.0017174459   0.0620692489
        0.0623533789   0.5998013963   0.0062804265   0.0240606360  -0.0245495068
        0.0119329531   0.0479026678  -0.1052273784  -0.0019470875   0.0006305444
        0.0002586429   0.0000827358  -0.0000671542   0.0002387993  -0.0002461673
        0.0000579465  -0.0001388529   0.0002380883   0.0002650667   0.0000987049
        0.0003359865   0.0002043107   0.0000842350  -0.0043756609   0.0109946582
       -0.0068331949  -0.0006851538  -0.0000003038  -0.0002602077   0.0041311973
       -0.0006488362  -0.0062665694  -0.0003095257   0.0015414635   0.0016646148
       -0.0005645675  -0.0054822735   0.0044812117  -0.0001036021  -0.0000714601
       -0.0000568751  -0.0000105212   0.0001297620  -0.0000686164   0.0000363017
       -0.0000090264  -0.0000166226   0.0059708848  -0.0039119698  -0.0451363933
       -0.1226052064  -0.0280454826  -0.3099926931  -0.0001218401  -0.0000354217
       -0.0000581005   0.0445954973  -0.1201226685  -0.1074815135  -0.0006483458
       -0.0006787408  -0.0002752304   0.0000181310   0.0003716151   0.0000734301
        0.0005659517   0.0000419424   0.0001235344
       -0.0014579978  -0.0005983889   0.0006898526  -0.0003697317   0.0001247128
        0.0001891858  -0.0058844053  -0.0019165705  -0.0011742086  -0.0025862295
       -0.0023458662   0.0062804265   0.4646195421   0.0209980042   0.0379672675
       -0.0803786807   0.0143832170   0.0503054239  -0.1926778247   0.0251554667
       -0.0283093230  -0.0291256292  -0.0042491238  -0.0071841900  -0.0156970962
        0.0093619848  -0.0040727794   0.0005555562  -0.0023959526  -0.0015853216
        0.0015202235   0.0017383529  -0.0004905781  -0.0145946717   0.0095134920
        0.0172564949  -0.0005608056  -0.0004397741  -0.0003616400  -0.0411952401
        0.0129780367  -0.0154277790  -0.0861228637  -0.0804400170  -0.0482197015
        0.0059265010  -0.0025269353  -0.0082202158   0.0003817921   0.0011131380
        0.0010590290   0.0008256373  -0.0013860063   0.0006481590  -0.0004181090
        0.0000022588  -0.0000097431  -0.0010885708  -0.0005349154   0.0006744128
       -0.0003701729   0.0002639891  -0.0001898825   0.0000842800   0.0000307065
        0.0001013851  -0.0000318916   0.0009798484   0.0004005521  -0.0009158636
        0.0005174591  -0.0002242320   0.0001826614  -0.0000053439  -0.0000206171
       -0.0006204096  -0.0003217732  -0.0000819776
        0.0016955615   0.0004124929  -0.0003655622   0.0005811322   0.0000198003
        0.0002297709   0.0015690967   0.0011392948   0.0002901596  -0.0125412371
       -0.0000947344   0.0240606360   0.0209980042   0.5412401353  -0.0046425682
        0.0133726312  -0.0690687781  -0.0340636384   0.0212527057  -0.0691482119
        0.0035963994  -0.0198957953   0.0032449256  -0.0038974549   0.0266026899
       -0.0087905645   0.0045060502  -0.0020992945  -0.0022597736  -0.0006654762
        0.0015492355  -0.0043184704  -0.0010141169   0.0042353007  -0.0028767700
       -0.0053869372  -0.0003237409  -0.0002651613  -0.0001074021   0.0151175607
       -0.1940452461   0.1123287809  -0.0798776166  -0.1883506473  -0.0809080023
        0.0089652603  -0.0055188033  -0.0191283351  -0.0007873427   0.0008528702
       -0.0001708056   0.0013924547   0.0009142193   0.0006959092   0.0012371796
       -0.0002553885   0.0003076617   0.0004823451  -0.0022453608   0.0017443417
       -0.0015023754  -0.0018711816   0.0017191804  -0.0000602623  -0.0000541970
       -0.0000042915  -0.0001682789   0.0016372870   0.0012809572  -0.0015560907
       -0.0009326258  -0.0003747027  -0.0002352850   0.0008674094   0.0000215569
       -0.0000038383  -0.0002325201  -0.0000521109
       -0.0015323478   0.0023427996  -0.0005924048   0.0007586225  -0.0000111086
       -0.0008559161  -0.0029392504  -0.0020515554   0.0009050750   0.0126824337
        0.0057380502  -0.0245495068   0.0379672675  -0.0046425682   0.4568568907
        0.0490723743  -0.0298103248  -0.1452645744  -0.0384795631   0.0055556403
       -0.0627387045  -0.0071835465   0.0010217582  -0.0019309719  -0.0024448789
        0.0002965246   0.0013456496  -0.0022029287  -0.0010218457   0.0064661536
       -0.0013530448  -0.0001636846   0.0053128648   0.0083452991  -0.0015515993
        0.0031506899  -0.0006185838  -0.0001583736   0.0001978285  -0.0149186942
        0.1125990053  -0.1253079836  -0.0469117480  -0.0822928202  -0.0892985098
        0.0079661958  -0.0075732171  -0.0179453161   0.0008605454   0.0004251139
       -0.0025102322   0.0008848809  -0.0001766132  -0.0014798779  -0.0000480033
        0.0000153456  -0.0000135888  -0.0010304438   0.0015160267  -0.0018533880
        0.0017589724   0.0017632996  -0.0014582042  -0.0000232178  -0.0000271913
       -0.0001329664   0.0000537287  -0.0016289853   0.0015199143  -0.0009277465
       -0.0004871352   0.0006198182  -0.0000682862   0.0003949820   0.0000611413
        0.0003319635  -0.0000715234  -0.0005038804
       -0.0103683500   0.0244122090  -0.0160082506  -0.0019790779   0.0004689005
       -0.0001697658  -0.0713323162  -0.0099900014   0.0124250512  -0.0639032107
       -0.0203373672   0.0119329531  -0.0803786807   0.0133726312   0.0490723743
        0.4140590679   0.0746779725  -0.0156372343  -0.0258718637   0.0083975814
        0.0237827066  -0.0000810441   0.0014069537   0.0008921120  -0.0014854554
       -0.0014879060   0.0001801808  -0.0004170500  -0.0003000686  -0.0019030380
       -0.0011166300   0.0002520611  -0.0017587888  -0.0634029909  -0.0027600404
       -0.0020780745   0.0021579032  -0.0000868125   0.0003437527   0.0005669600
       -0.0015408780   0.0025969534   0.0053364952  -0.0018194205  -0.0066496686
       -0.0921611623  -0.0801418014  -0.0618202377  -0.0002108880   0.0001310677
        0.0006900884  -0.0000145156  -0.0000053384   0.0003885126  -0.0001453936
        0.0000653840  -0.0000775348  -0.0143722091  -0.0161112376   0.0121738645
        0.0025447334   0.0073763851  -0.0038563597   0.0002548129   0.0000459166
        0.0000950256   0.0020109643   0.0032568722  -0.0046781103   0.0013198361
        0.0016796230   0.0001794129   0.0000631230  -0.0008000724  -0.0000314565
       -0.0010730580  -0.0001626136  -0.0000844685
        0.0314166293  -0.0225087239   0.0257241743   0.0005012778  -0.0001270226
        0.0000239434  -0.0069594725   0.0054858059   0.0110024241  -0.0170911088
       -0.1472345414   0.0479026678   0.0143832170  -0.0690687781  -0.0298103248
        0.0746779725   0.4870399544   0.0346643389   0.0075358351  -0.0011889588
       -0.0062771621  -0.0009184303  -0.0003929597  -0.0006821723   0.0010492217
        0.0002455281   0.0008436484   0.0002671196  -0.0000227932   0.0005780378
        0.0003416559  -0.0002498303   0.0008111320   0.0076157781  -0.0594204805
       -0.0075702239  -0.0005433495   0.0000823631  -0.0001348991  -0.0094399141
        0.0028509653   0.0192933051   0.0109923293  -0.0079923829  -0.0218595987
       -0.0902002349  -0.1611380330  -0.0930289714  -0.0004922143  -0.0002141696
       -0.0001779750   0.0000707747  -0.0001415570  -0.0003543150   0.0000775179
       -0.0000433059  -0.0000322357  -0.0189940387  -0.0043551204   0.0061334751
        0.0011066029   0.0001204065   0.0019646347  -0.0000832963  -0.0000258006
       -0.0000437058  -0.0052264727  -0.0215186192   0.0110739978  -0.0005186790
       -0.0005367370  -0.0001240133   0.0000905309   0.0003198903   0.0000285289
        0.0003407483   0.0000349005   0.0000512887
       -0.0208856623   0.0244215123  -0.0042489386  -0.0008283782   0.0001812765
       -0.0001875040   0.0103316351   0.0108710525   0.0113125656   0.0102337980
        0.0443322861  -0.1052273784   0.0503054239  -0.0340636384  -0.1452645744
       -0.0156372343   0.0346643389   0.4491202002   0.0127649220  -0.0018995532
        0.0028827920  -0.0019339450  -0.0010767228  -0.0003454209  -0.0006496448
        0.0011981818  -0.0006715725   0.0001424601  -0.0003766558   0.0000687231
       -0.0001353901  -0.0000927892  -0.0001255518  -0.0119090564  -0.0054042133
       -0.0633636196   0.0006832581   0.0000512350   0.0002345326   0.0080369348
        0.0001953264  -0.0191397175   0.0070881267  -0.0067519793  -0.0173311263
       -0.0641617826  -0.0850133580  -0.1014031794   0.0000162589   0.0001662950
        0.0001616665  -0.0000371205  -0.0000135798   0.0000444208  -0.0000546857
        0.0000141248   0.0000217516   0.0144613045   0.0061140470  -0.0016119361
        0.0054037941   0.0176558221  -0.0126899592   0.0001165832   0.0000419328
       -0.0000029336  -0.0034364622  -0.0054731361   0.0076830686   0.0006292550
        0.0007764236   0.0000927779   0.0000053525  -0.0004686631   0.0000208931
       -0.0005497448  -0.0000495659  -0.0000299797
        0.0012046597  -0.0011403913  -0.0000740647   0.0040660434  -0.0004638919
        0.0008629540   0.0004965948  -0.0000417842  -0.0001275179   0.0008639774
        0.0015599853  -0.0019470875  -0.1926778247   0.0212527057  -0.0384795631
       -0.0258718637   0.0075358351   0.0127649220   0.6058010845   0.0177192877
        0.0981083330  -0.1898929183  -0.1570645023  -0.0429853622  -0.1132581995
        0.1028800849  -0.0054871233  -0.0455783764  -0.0144425919  -0.0107069009
       -0.0143617792   0.0333557037  -0.0007526122  -0.0037675893   0.0013861000
        0.0017893521  -0.0021403923  -0.0100793589   0.0001475724  -0.0088543135
        0.0068303196  -0.0025875991  -0.0176702379  -0.0012501350  -0.0042443628
        0.0012179078  -0.0001409343  -0.0006425248   0.0062416676   0.0052086991
        0.0003080057   0.0051466437  -0.0156279177  -0.0010967861  -0.0045720496
        0.0013142504  -0.0028727384  -0.0008104980  -0.0000777820  -0.0000541291
        0.0002088709  -0.0001293025   0.0003955257  -0.0003396376  -0.0003720727
       -0.0001392311   0.0002363087  -0.0011994127   0.0003350009  -0.0045424842
        0.0023835164  -0.0029619984   0.0007622311   0.0014252186   0.0006995500
       -0.0019078254  -0.0008216289  -0.0002516140
       -0.0003582954   0.0003431176   0.0000161435   0.0143051029  -0.0001672506
        0.0032559684   0.0003278680   0.0000334472   0.0000024278  -0.0003912962
        0.0000364057   0.0006305444   0.0251554667  -0.0691482119   0.0055556403
        0.0083975814  -0.0011889588  -0.0018995532   0.0177192877   0.6351308201
        0.0440978603  -0.0901255336  -0.2356610358  -0.0325107476   0.0293974020
       -0.2658626624  -0.0115531495  -0.0627729049   0.0198098061  -0.0127816930
        0.0828273385   0.0044626412   0.0190474429   0.0014342680  -0.0003877193
       -0.0011148687  -0.0237374494  -0.0482712223  -0.0085403943   0.0234803533
       -0.0067604986   0.0061457899  -0.0218267173   0.0022854838  -0.0053004979
        0.0008028573  -0.0003545633   0.0001105513  -0.0163026106  -0.0229041007
       -0.0056724275   0.0050402799  -0.0224473126  -0.0004690490   0.0006097184
        0.0015423910  -0.0003582778  -0.0000512503   0.0000533204  -0.0000571954
       -0.0000304104   0.0000946590  -0.0001811814  -0.0013462575  -0.0028824134
       -0.0005906566  -0.0004534009  -0.0000255871   0.0001531083   0.0159480932
        0.0177556342   0.0038896624   0.0026569379  -0.0087192279   0.0000805832
       -0.0107064287   0.0032330384  -0.0019560310
        0.0003766804  -0.0009836596   0.0013187014   0.0020203917  -0.0001421008
        0.0001878845   0.0028155067   0.0009595203   0.0000410396   0.0000088606
        0.0001795677   0.0002586429  -0.0283093230   0.0035963994  -0.0627387045
        0.0237827066  -0.0062771621   0.0028827920   0.0981083330   0.0440978603
        0.1667058526  -0.0382156898  -0.0478839962  -0.0594282404  -0.0115723776
        0.0057440764  -0.0529092053  -0.0146926313  -0.0021585020  -0.0039265797
        0.0023902933   0.0074502354   0.0025134301  -0.0013241885   0.0003775782
       -0.0046928597  -0.0011112239  -0.0049142548  -0.0053876566  -0.0177439336
        0.0048663924  -0.0030544639  -0.0128913332   0.0011950036  -0.0022312454
        0.0004159526   0.0000716454   0.0007968443  -0.0002678401  -0.0005100473
        0.0025923356   0.0009608584  -0.0058327429   0.0022272223  -0.0028293225
       -0.0002989810   0.0076025882  -0.0000321176  -0.0000384540  -0.0001633207
        0.0001616704  -0.0003886546   0.0013602969  -0.0001912245  -0.0003221495
        0.0001394273   0.0001026869  -0.0001095647  -0.0001385033  -0.0016522601
        0.0014916032   0.0087112129   0.0008069294  -0.0002874499  -0.0013618517
       -0.0011174044   0.0001178370  -0.0013056394
       -0.0002277543   0.0000052218  -0.0000176528  -0.0143310229   0.0017924578
       -0.0044025649  -0.0003186275  -0.0002742615   0.0001863403   0.0002512012
       -0.0005971119   0.0000827358  -0.0291256292  -0.0198957953  -0.0071835465
       -0.0000810441  -0.0009184303  -0.0019339450  -0.1898929183  -0.0901255336
       -0.0382156898   0.6148179214   0.0189934002   0.1134794519   0.0466811162
       -0.0435957673   0.0073036369  -0.2621149134   0.0378865809  -0.0462128709
       -0.0456871088  -0.0177474923  -0.0110396671   0.0003575208   0.0001426021
        0.0001316550  -0.0000534160   0.0624715535   0.0048218323   0.0002578766
       -0.0017830259   0.0006646101  -0.0056259691   0.0003467689  -0.0014493880
        0.0000049421   0.0000268895  -0.0003034557  -0.0673302084   0.0792338646
       -0.0023709523   0.0000517560   0.0015413794  -0.0013636628  -0.0002629631
       -0.0009925087  -0.0001227459  -0.0001961724   0.0000707875   0.0000157683
       -0.0001686885   0.0000773342   0.0001040407   0.0006907149   0.0022401597
        0.0003419869  -0.0006220115  -0.0000331000   0.0002682062  -0.0477523776
       -0.0360060315  -0.0121998764  -0.0076459382   0.0123626626  -0.0010705550
        0.0083237142  -0.0052226043   0.0004863087
        0.0000053910  -0.0001579962   0.0000339256  -0.0014397607  -0.0059797021
       -0.0011249390   0.0003303391  -0.0000026438  -0.0000222913   0.0002394072
       -0.0003792348  -0.0000671542  -0.0042491238   0.0032449256   0.0010217582
        0.0014069537  -0.0003929597  -0.0010767228  -0.1570645023  -0.2356610358
       -0.0478839962   0.0189934002   0.6828126440   0.0420667123   0.0063679924
       -0.0643693836  -0.0036796743   0.0754724989  -0.0932042078   0.0131661282
       -0.0194336029  -0.0043713822  -0.0044323652  -0.0002696641   0.0002466130
       -0.0000954017   0.0328127011   0.0043662204   0.0078113396   0.0014334911
        0.0004639034   0.0002259820   0.0010954483   0.0000491563   0.0000382701
        0.0004133229   0.0004087677  -0.0003914525   0.0795540022  -0.2784655226
        0.0032459454   0.0019791106  -0.0057874090  -0.0005231073  -0.0003258364
        0.0005100514  -0.0000310759  -0.0001649758   0.0000385549   0.0000119893
       -0.0001930525   0.0000266934   0.0001067044   0.0004828797   0.0005672623
        0.0001208697  -0.0002912360  -0.0002991447   0.0000725789  -0.0241408113
        0.0009336538  -0.0051275571  -0.0069461133   0.0002368821  -0.0015579551
       -0.0060682592  -0.0048347060  -0.0019085113
       -0.0000074208  -0.0000684155   0.0001200933  -0.0049124656  -0.0003153244
        0.0042985867   0.0001361567  -0.0000075277   0.0000136223   0.0000505024
       -0.0000108058   0.0002387993  -0.0071841900  -0.0038974549  -0.0019309719
        0.0008921120  -0.0006821723  -0.0003454209  -0.0429853622  -0.0325107476
       -0.0594282404   0.1134794519   0.0420667123   0.1436347510   0.0111891643
       -0.0148738811   0.0032170993  -0.0435427810   0.0050393033  -0.0533596031
       -0.0113883606  -0.0042284391  -0.0053791755  -0.0000357593   0.0001920944
       -0.0000937756   0.0031629761   0.0143394972  -0.0000934412   0.0000336448
       -0.0005508140   0.0006060981  -0.0020400641  -0.0001493708   0.0003120554
       -0.0000078126   0.0001264276   0.0001426478  -0.0023733432   0.0026246403
       -0.0355281437  -0.0014009333  -0.0006408252   0.0059909762  -0.0000465741
       -0.0001643805  -0.0001890893   0.0000394807  -0.0000327724   0.0000083028
        0.0000119176  -0.0000260188  -0.0000026598   0.0002160777   0.0005535518
        0.0000382316  -0.0000275799  -0.0000632254  -0.0001126593  -0.0110962217
       -0.0075260908  -0.0075510932  -0.0025396921   0.0025878320   0.0008142571
        0.0003770762  -0.0017817923   0.0045787531
       -0.0000417398   0.0002368014  -0.0001821522   0.0120885678  -0.0039539105
        0.0014197702  -0.0004752335  -0.0001384931  -0.0000074811   0.0001375220
        0.0003480050  -0.0002461673  -0.0156970962   0.0266026899  -0.0024448789
       -0.0014854554   0.0010492217  -0.0006496448  -0.1132581995   0.0293974020
       -0.0115723776   0.0466811162   0.0063679924   0.0111891643   0.6552335609
        0.0043366773   0.1254206610  -0.0297282999   0.0185244742  -0.0043290279
       -0.3382230671   0.0853648702  -0.0607676560   0.0002527283  -0.0002008842
        0.0007785393  -0.0600135337  -0.0541200468  -0.0174865306  -0.0037471051
        0.0013739090  -0.0008569452   0.0006890833   0.0020106312   0.0006229010
       -0.0001404289   0.0000268258   0.0001747811  -0.0017441759  -0.0023965587
       -0.0023369374  -0.1373436779  -0.1227614681  -0.0359087811  -0.0113399677
        0.0044454652  -0.0021686332  -0.0000142964   0.0000412871  -0.0001228164
       -0.0000439639   0.0000457080   0.0000666538  -0.0026377190  -0.0021805182
       -0.0010778977  -0.0000073280   0.0000071911  -0.0000907174   0.0046275888
        0.0061852909   0.0014331552   0.0010837280  -0.0023834915   0.0001571110
       -0.0048526072   0.0017709288  -0.0010140922
       -0.0001783690   0.0001310047  -0.0000234752  -0.0135482590  -0.0040168920
       -0.0037468734  -0.0003047788  -0.0000487170   0.0000418578  -0.0001763111
       -0.0002177576   0.0000579465   0.0093619848  -0.0087905645   0.0002965246
       -0.0014879060   0.0002455281   0.0011981818   0.1028800849  -0.2658626624
        0.0057440764  -0.0435957673  -0.0643693836  -0.0148738811   0.0043366773
        0.6320053325   0.0464612725   0.0295868616  -0.0128318682   0.0059928733
        0.0145184748  -0.1038448361  -0.0017298927   0.0006693719  -0.0000891595
        0.0000308978  -0.0010084321   0.0392387580   0.0030728534   0.0004887684
       -0.0000621209   0.0001209579  -0.0020009466   0.0009300561  -0.0003636059
        0.0001171075  -0.0002620399  -0.0003230562  -0.0025810610  -0.0035934029
       -0.0015124365  -0.1214521055  -0.1983357238  -0.0449898016   0.0259823469
       -0.0065494530   0.0052679454   0.0001851798  -0.0000525280   0.0000322375
        0.0002192630  -0.0000258624  -0.0003438839  -0.0001349404   0.0020731298
        0.0000724435  -0.0002321684   0.0002564075   0.0003163606  -0.0063269787
       -0.0093633584  -0.0019898683  -0.0024610295   0.0049613641  -0.0002190268
        0.0071429325  -0.0015252506   0.0014093726
       -0.0000324096   0.0000957261  -0.0000371613   0.0003728693  -0.0016141725
        0.0049384160  -0.0001860507  -0.0001478275   0.0001458320   0.0003359912
       -0.0004161287  -0.0001388529  -0.0040727794   0.0045060502   0.0013456496
        0.0001801808   0.0008436484  -0.0006715725  -0.0054871233  -0.0115531495
       -0.0529092053   0.0073036369  -0.0036796743   0.0032170993   0.1254206610
        0.0464612725   0.1521968664  -0.0033027650   0.0040409706  -0.0050347650
       -0.0661644038   0.0145199947  -0.0561050508   0.0003935752  -0.0000332278
        0.0003052470  -0.0131576503  -0.0094421901  -0.0061864956  -0.0017346193
        0.0007585752  -0.0002631134   0.0001226124   0.0006268402   0.0000942698
        0.0000559724  -0.0000505708   0.0000778999  -0.0024921014  -0.0013823626
        0.0076579011  -0.0354421097  -0.0444423546  -0.0488178733  -0.0005635593
        0.0005147819   0.0000525811  -0.0001180060   0.0000686982  -0.0000129633
        0.0001781802  -0.0002485074  -0.0009167040  -0.0009557787  -0.0003825750
        0.0010298860  -0.0006256854   0.0003316183   0.0002929041   0.0003934483
        0.0003102920  -0.0002834689   0.0000633103   0.0000507516  -0.0001128911
       -0.0004853960   0.0002635209   0.0001355651
       -0.0001890812   0.0002823371  -0.0000931826  -0.0146653380   0.0394373501
       -0.0020228948  -0.0004252485  -0.0000278704  -0.0000126574  -0.0002596467
        0.0003764314   0.0002380883   0.0005555562  -0.0020992945  -0.0022029287
       -0.0004170500   0.0002671196   0.0001424601  -0.0455783764  -0.0627729049
       -0.0146926313  -0.2621149134   0.0754724989  -0.0435427810  -0.0297282999
        0.0295868616  -0.0033027650   0.6077733327  -0.0652909036   0.1046666068
        0.0383754675   0.0016350123   0.0083190290   0.0009143479  -0.0003664339
        0.0001388988  -0.1199496839   0.0429119356  -0.0120136237  -0.0001282484
        0.0003452845  -0.0002624845  -0.0009041392   0.0002073166  -0.0000639134
       -0.0000635741   0.0000281494   0.0002389699  -0.0118109888   0.0066515107
       -0.0024852920   0.0000622443   0.0011047997   0.0001139958  -0.0019652717
       -0.0028141782  -0.0022160543   0.0002016591  -0.0000251264  -0.0001003504
        0.0000555525  -0.0000809075  -0.0001204542  -0.0008091547  -0.0043622795
       -0.0002530218   0.0004643569   0.0001876037  -0.0002664908  -0.1008279092
       -0.0364109878  -0.0087416083   0.0126460554   0.0030470238  -0.0007279680
       -0.0712116484  -0.0272903484  -0.0207369466
       -0.0001647410   0.0002545977  -0.0001038406   0.0361952608  -0.0158331358
        0.0064878947  -0.0004201833  -0.0000455709   0.0000048901  -0.0002484961
        0.0001157915   0.0002650667  -0.0023959526  -0.0022597736  -0.0010218457
       -0.0003000686  -0.0000227932  -0.0003766558  -0.0144425919   0.0198098061
       -0.0021585020   0.0378865809  -0.0932042078   0.0050393033   0.0185244742
       -0.0128318682   0.0040409706  -0.0652909036   0.5927036673   0.0199652254
       -0.0348852500  -0.0465324239  -0.0117409303   0.0008012941  -0.0004646571
        0.0001881364   0.0697121113  -0.2248955545   0.0029802900  -0.0000470607
       -0.0001664260  -0.0002053546  -0.0010376595   0.0000073601  -0.0003662798
        0.0000194138  -0.0002260537   0.0001739011   0.0270594499  -0.0079144583
        0.0054086432   0.0005570450   0.0006266675   0.0002413748  -0.0021004130
       -0.0021652651  -0.0011233216   0.0000730102   0.0000185660  -0.0000363056
        0.0000995763  -0.0000289283  -0.0000391581  -0.0037496166  -0.0069285444
       -0.0011890944   0.0002137771   0.0001299186  -0.0000481069  -0.0345051880
       -0.1213191974  -0.0104085320  -0.0055601120  -0.0915258672  -0.0099959640
       -0.0259937567   0.0126983503  -0.0059818050
       -0.0001087616   0.0001863824  -0.0001638601  -0.0019926025   0.0072830481
        0.0065168550  -0.0004049711  -0.0001769107   0.0000439932   0.0000209242
        0.0000676311   0.0000987049  -0.0015853216  -0.0006654762   0.0064661536
       -0.0019030380   0.0005780378   0.0000687231  -0.0107069009  -0.0127816930
       -0.0039265797  -0.0462128709   0.0131661282  -0.0533596031  -0.0043290279
        0.0059928733  -0.0050347650   0.1046666068   0.0199652254   0.1401819984
        0.0054642862  -0.0031249093   0.0027383259   0.0005780615  -0.0001132090
        0.0004434401  -0.0103827950  -0.0027185859  -0.0532152990   0.0006226945
       -0.0003877278   0.0001110062   0.0003251715  -0.0001184220   0.0001688102
       -0.0000175026  -0.0000242150  -0.0000626483  -0.0012750370   0.0007524600
        0.0019740264   0.0000152058   0.0002731031   0.0002076184  -0.0021104765
       -0.0012931162   0.0062105625  -0.0000137956   0.0000190520  -0.0000303206
       -0.0000604044  -0.0000015389  -0.0000177458  -0.0001599444  -0.0013862188
       -0.0010162430   0.0000934850   0.0000166687  -0.0000849113  -0.0084964122
       -0.0115738523  -0.0768527190  -0.0016195420  -0.0077674356   0.0168047058
       -0.0204070312  -0.0061672993   0.0117297710
       -0.0003531119   0.0002317599  -0.0000703644  -0.0666926367  -0.0271183704
       -0.0183113420  -0.0005481607  -0.0001286802   0.0001624686  -0.0001184757
       -0.0004677774   0.0003359865   0.0015202235   0.0015492355  -0.0013530448
       -0.0011166300   0.0003416559  -0.0001353901  -0.0143617792   0.0828273385
        0.0023902933  -0.0456871088  -0.0194336029  -0.0113883606  -0.3382230671
        0.0145184748  -0.0661644038   0.0383754675  -0.0348852500   0.0054642862
        0.6638255424  -0.0484646918   0.1216862237   0.0011340003  -0.0002398628
        0.0001516462  -0.1410780058  -0.0623962323  -0.0237281447  -0.0010125821
        0.0003249716   0.0001299292   0.0000863662  -0.0002178466   0.0000743008
        0.0001035805  -0.0001129472  -0.0003156367  -0.0000195916  -0.0011231733
       -0.0000082234  -0.0205124282   0.0015346186  -0.0045088873  -0.0755614048
        0.0882578502  -0.0026412147   0.0001777731   0.0000330532  -0.0000308429
       -0.0000098362   0.0001018698  -0.0000640259  -0.0012943397   0.0052655380
       -0.0006051069  -0.0001543618  -0.0000007239  -0.0001753096  -0.0020429613
        0.0015148529  -0.0023210896  -0.0000512837   0.0011155714   0.0006037993
        0.0036148120  -0.0030276314   0.0008224538
       -0.0001525446   0.0002195461  -0.0001127524  -0.0106454221   0.0105657419
       -0.0022722761  -0.0002314260   0.0000522596   0.0000175329  -0.0003531622
        0.0000422453   0.0002043107   0.0017383529  -0.0043184704  -0.0001636846
        0.0002520611  -0.0002498303  -0.0000927892   0.0333557037   0.0044626412
        0.0074502354  -0.0177474923  -0.0043713822  -0.0042284391   0.0853648702
       -0.1038448361   0.0145199947   0.0016350123  -0.0465324239  -0.0031249093
       -0.0484646918   0.6415186236   0.0309103102   0.0005078288  -0.0002654839
        0.0000020467  -0.1202897271  -0.2139842318  -0.0389382317   0.0008689365
       -0.0002120861   0.0002452286  -0.0002291979  -0.0002082360  -0.0000889656
        0.0000607374  -0.0000188211   0.0000180528  -0.0001091204   0.0002107776
       -0.0000057253  -0.0207576962   0.0031752395  -0.0044463103   0.0894673192
       -0.2777463605   0.0004268671   0.0001859692  -0.0000554240   0.0000188401
        0.0000943111  -0.0000067686  -0.0000797355   0.0024372425   0.0016498741
        0.0004693823   0.0003022483  -0.0000367145  -0.0002014581   0.0002800534
       -0.0080740337  -0.0010980836  -0.0014197984  -0.0013297373  -0.0002628098
        0.0038496323  -0.0006421083   0.0008333692
       -0.0000926525   0.0001707149  -0.0001401867  -0.0165978564  -0.0058570933
        0.0007643109  -0.0004053114  -0.0001466755   0.0001145604   0.0000620656
       -0.0002188089   0.0000842350  -0.0004905781  -0.0010141169   0.0053128648
       -0.0017587888   0.0008111320  -0.0001255518  -0.0007526122   0.0190474429
        0.0025134301  -0.0110396671  -0.0044323652  -0.0053791755  -0.0607676560
       -0.0017298927  -0.0561050508   0.0083190290  -0.0117409303   0.0027383259
        0.1216862237   0.0309103102   0.1386238288   0.0005572792  -0.0001692710
        0.0003936118  -0.0289462868  -0.0260367618  -0.0631918831   0.0008323307
       -0.0002883487   0.0002157344   0.0001308368   0.0000064853   0.0000546203
        0.0000148519  -0.0000243039  -0.0000895028   0.0000053589  -0.0002388333
       -0.0000747606  -0.0067310677   0.0005088121  -0.0000011443  -0.0023755414
        0.0002935654  -0.0339076455   0.0000219280   0.0000145237  -0.0000229880
       -0.0000725668   0.0000934164  -0.0000584153  -0.0007883097   0.0010576515
        0.0028571169  -0.0001087052   0.0000474417  -0.0000953118  -0.0023309767
       -0.0008329749   0.0086661758   0.0004366481   0.0003724976  -0.0024555959
        0.0011920251  -0.0006036176  -0.0006916031
       -0.0702807711   0.0243878990  -0.0177882855   0.0030605147  -0.0008137437
        0.0005961460  -0.3032125591  -0.1530144368   0.1290531410  -0.0128889249
        0.0072719098  -0.0043756609  -0.0145946717   0.0042353007   0.0083452991
       -0.0634029909   0.0076157781  -0.0119090564  -0.0037675893   0.0014342680
       -0.0013241885   0.0003575208  -0.0002696641  -0.0000357593   0.0002527283
        0.0006693719   0.0003935752   0.0009143479   0.0008012941   0.0005780615
        0.0011340003   0.0005078288   0.0005572792   0.4646257086   0.1199834796
       -0.1064203021  -0.0031118129   0.0001240008  -0.0005922415  -0.0005809089
        0.0002361147   0.0010811417   0.0008332632  -0.0003895988  -0.0001640511
       -0.0142608780  -0.0000878973  -0.0050510768  -0.0006066385  -0.0002254728
       -0.0001060450  -0.0002435287   0.0000285283  -0.0001094266   0.0001174942
       -0.0000686605  -0.0000162454   0.0195918967  -0.0121399502   0.0079741922
       -0.0018586538  -0.0002482621  -0.0010277112  -0.0003922670   0.0000050459
       -0.0000825946  -0.0013264480   0.0010641915   0.0005856560  -0.0024916711
       -0.0028091364  -0.0007007160   0.0001689913   0.0015016739   0.0001179104
        0.0019638479   0.0002001376   0.0004209588
        0.0305804433  -0.3864977313   0.2430746049  -0.0008890218   0.0002211119
       -0.0001571920  -0.1605326712  -0.1811648402   0.0967599643   0.0081514525
       -0.0135254377   0.0109946582   0.0095134920  -0.0028767700  -0.0015515993
       -0.0027600404  -0.0594204805  -0.0054042133   0.0013861000  -0.0003877193
        0.0003775782   0.0001426021   0.0002466130   0.0001920944  -0.0002008842
       -0.0000891595  -0.0000332278  -0.0003664339  -0.0004646571  -0.0001132090
       -0.0002398628  -0.0002654839  -0.0001692710   0.1199834796   0.6558910774
       -0.3532571530   0.0009710727  -0.0000652127   0.0000804651  -0.0022470979
        0.0003713806   0.0015565212   0.0003056644  -0.0001234186  -0.0005363470
       -0.0163460883   0.0067022689  -0.0065297947  -0.0002255915   0.0000562490
       -0.0000979980   0.0002325407  -0.0001314248  -0.0000394529  -0.0000253703
        0.0000348917  -0.0000100334   0.0099092926  -0.0126621401   0.0105957741
        0.0010319556  -0.0025184669   0.0026474933   0.0000844939  -0.0000261302
        0.0000137429   0.0013013106  -0.0038039497   0.0015637397   0.0007151112
        0.0011869832   0.0002392900   0.0001117693  -0.0005256382  -0.0000178349
       -0.0005877181  -0.0001619151  -0.0001785999
       -0.0221601042   0.2415460012  -0.2449496321   0.0008596928  -0.0002571198
        0.0000610916   0.1354487677   0.0973573075  -0.1442830524  -0.0034858041
        0.0102249057  -0.0068331949   0.0172564949  -0.0053869372   0.0031506899
       -0.0020780745  -0.0075702239  -0.0633636196   0.0017893521  -0.0011148687
       -0.0046928597   0.0001316550  -0.0000954017  -0.0000937756   0.0007785393
        0.0000308978   0.0003052470   0.0001388988   0.0001881364   0.0004434401
        0.0001516462   0.0000020467   0.0003936118  -0.1064203021  -0.3532571530
        0.4701506883  -0.0009582593   0.0002377255  -0.0000412457   0.0024511472
        0.0004022988  -0.0003381216   0.0007619686  -0.0009768894   0.0002419289
       -0.0149274936   0.0023597964  -0.0016374987   0.0002281457   0.0000313790
       -0.0000966394  -0.0000471879   0.0000637885  -0.0000291373   0.0000346465
       -0.0000203682   0.0000028109  -0.0082746057   0.0122205833  -0.0058765952
       -0.0008793836   0.0026025687  -0.0018965903  -0.0001023781   0.0000405919
       -0.0000170719  -0.0005808066   0.0017596198  -0.0005733760  -0.0005863013
       -0.0006914723  -0.0000348332  -0.0000464256   0.0002372315  -0.0000740307
        0.0005161720   0.0000655555   0.0000817657
        0.0007924395  -0.0009706741   0.0005414893  -0.2754667801   0.0535132807
       -0.0498190057   0.0015062933   0.0003018933  -0.0001553822   0.0006385087
        0.0003913314  -0.0006851538  -0.0005608056  -0.0003237409  -0.0006185838
        0.0021579032  -0.0005433495   0.0006832581  -0.0021403923  -0.0237374494
       -0.0011112239  -0.0000534160   0.0328127011   0.0031629761  -0.0600135337
       -0.0010084321  -0.0131576503  -0.1199496839   0.0697121113  -0.0103827950
       -0.1410780058  -0.1202897271  -0.0289462868  -0.0031118129   0.0009710727
       -0.0009582593   0.6179767917  -0.0083051211   0.1086670545   0.0003830488
       -0.0001469905   0.0003214937   0.0005671593   0.0002721679   0.0002868452
       -0.0003195692   0.0000888911   0.0001678715  -0.0043224633   0.0013065204
       -0.0020636693  -0.0040755248   0.0010309546  -0.0029431603   0.0071202310
        0.0064536629   0.0019947193  -0.0003778727   0.0000036112   0.0000069170
       -0.0002652093  -0.0000295593   0.0001758754  -0.0372148999  -0.0131780740
       -0.0094703232  -0.0004347105  -0.0001373442   0.0001785056   0.0381842833
        0.0121587882   0.0099019807   0.0014379640  -0.0221146486  -0.0023878122
       -0.0213799428   0.0117681238  -0.0033896804
        0.0000118965   0.0001407944  -0.0000945773   0.0774975485  -0.1029080402
        0.0137970087   0.0000401899   0.0000307978  -0.0000378127   0.0001121152
        0.0000520138  -0.0000003038  -0.0004397741  -0.0002651613  -0.0001583736
       -0.0000868125   0.0000823631   0.0000512350  -0.0100793589  -0.0482712223
       -0.0049142548   0.0624715535   0.0043662204   0.0143394972  -0.0541200468
        0.0392387580  -0.0094421901   0.0429119356  -0.2248955545  -0.0027185859
       -0.0623962323  -0.2139842318  -0.0260367618   0.0001240008  -0.0000652127
        0.0002377255  -0.0083051211   0.6071019737   0.0321452468   0.0001220930
        0.0001566007  -0.0001861751  -0.0001686881   0.0001853818  -0.0000193733
        0.0000150698   0.0001498213   0.0001845276  -0.0005911887   0.0012737159
       -0.0005270172   0.0013597376   0.0005601856  -0.0004466673  -0.0173615440
       -0.0259929689  -0.0061189872   0.0000205904   0.0000227381  -0.0000186595
       -0.0000356105   0.0000283117   0.0000388747  -0.0222887645   0.0152701894
       -0.0040953451   0.0000463861  -0.0000257059  -0.0001220344  -0.0190263408
       -0.0560660987  -0.0081314604  -0.0059606136   0.0087423854  -0.0008938232
        0.0161269789  -0.0049280551   0.0031682871
        0.0001530870  -0.0001036054   0.0000139395  -0.0486520315   0.0081163040
       -0.0500078286   0.0002740255   0.0001281790  -0.0000925266   0.0000240179
        0.0001546085  -0.0002602077  -0.0003616400  -0.0001074021   0.0001978285
        0.0003437527  -0.0001348991   0.0002345326   0.0001475724  -0.0085403943
       -0.0053876566   0.0048218323   0.0078113396  -0.0000934412  -0.0174865306
        0.0030728534  -0.0061864956  -0.0120136237   0.0029802900  -0.0532152990
       -0.0237281447  -0.0389382317  -0.0631918831  -0.0005922415   0.0000804651
       -0.0000412457   0.1086670545   0.0321452468   0.1641147615   0.0000611898
       -0.0000797100   0.0000602754   0.0000906430   0.0000907967   0.0000932672
       -0.0000245001   0.0000119374   0.0000406170  -0.0022087359   0.0000656857
        0.0050758974  -0.0030603277  -0.0006440871   0.0087736252  -0.0002911913
       -0.0008130391   0.0020349285   0.0000244726  -0.0000458109   0.0000494159
        0.0000312187  -0.0000097775   0.0000165537  -0.0095632593  -0.0019337458
       -0.0028081826   0.0000369400  -0.0000642556   0.0000667288   0.0078616729
       -0.0010665855  -0.0021878894  -0.0011784958  -0.0046163268   0.0042504297
       -0.0033767569   0.0024401647  -0.0015501446
        0.0005172385   0.0002069738  -0.0014050407  -0.0001112391  -0.0000037064
       -0.0001171432   0.0003365468   0.0009053282  -0.0003958540  -0.0016068640
       -0.0004833053   0.0041311973  -0.0411952401   0.0151175607  -0.0149186942
        0.0005669600  -0.0094399141   0.0080369348  -0.0088543135   0.0234803533
       -0.0177439336   0.0002578766   0.0014334911   0.0000336448  -0.0037471051
        0.0004887684  -0.0017346193  -0.0001282484  -0.0000470607   0.0006226945
       -0.0010125821   0.0008689365   0.0008323307  -0.0005809089  -0.0022470979
        0.0024511472   0.0003830488   0.0001220930   0.0000611898   0.0536974064
       -0.0178226048   0.0131207539   0.0015644571  -0.0115919441   0.0071148436
        0.0001969932  -0.0000563616  -0.0001332579  -0.0002356386  -0.0004720758
       -0.0005104367  -0.0000997438  -0.0001670900  -0.0002211470  -0.0002682948
        0.0000283959   0.0000130706   0.0004099868  -0.0004129835   0.0003271886
       -0.0002968593  -0.0003756020   0.0003876577   0.0000054005   0.0000060000
       -0.0000310573  -0.0000227104   0.0003165219  -0.0000372866  -0.0000261123
        0.0002621336   0.0000995480   0.0001376054  -0.0001084372   0.0000638487
        0.0001123404  -0.0000083731  -0.0000475799
       -0.0003836335   0.0000790408  -0.0005461702  -0.0000184149  -0.0000124436
        0.0000888689  -0.0004745865  -0.0003875384   0.0000588469   0.0009412872
        0.0009243190  -0.0006488362   0.0129780367  -0.1940452461   0.1125990053
       -0.0015408780   0.0028509653   0.0001953264   0.0068303196  -0.0067604986
        0.0048663924  -0.0017830259   0.0004639034  -0.0005508140   0.0013739090
       -0.0000621209   0.0007585752   0.0003452845  -0.0001664260  -0.0003877278
        0.0003249716  -0.0002120861  -0.0002883487   0.0002361147   0.0003713806
        0.0004022988  -0.0001469905   0.0001566007  -0.0000797100  -0.0178226048
        0.2206682728  -0.1305383224  -0.0006638549  -0.0248711766   0.0142596063
       -0.0000068400   0.0002890835  -0.0001876896  -0.0002574320   0.0001492421
        0.0001500390  -0.0000730045   0.0002605921   0.0001247440   0.0000472728
        0.0000234600   0.0000028417   0.0002534100   0.0000955584  -0.0000777011
       -0.0000361399   0.0000842867  -0.0000901655  -0.0000154703   0.0000200991
        0.0000075151   0.0000374957   0.0001642370  -0.0001259010  -0.0002282095
       -0.0000588416   0.0000062150   0.0000234252   0.0000156465  -0.0000263471
        0.0000595581  -0.0000403102   0.0000274587
       -0.0010838122  -0.0005866142   0.0003012292  -0.0001604614   0.0000066066
       -0.0000659225  -0.0004033450  -0.0004070558  -0.0000053650   0.0027899299
        0.0005447911  -0.0062665694  -0.0154277790   0.1123287809  -0.1253079836
        0.0025969534   0.0192933051  -0.0191397175  -0.0025875991   0.0061457899
       -0.0030544639   0.0006646101   0.0002259820   0.0006060981  -0.0008569452
        0.0001209579  -0.0002631134  -0.0002624845  -0.0002053546   0.0001110062
        0.0001299292   0.0002452286   0.0002157344   0.0010811417   0.0015565212
       -0.0003381216   0.0003214937  -0.0001861751   0.0000602754   0.0131207539
       -0.1305383224   0.1466208092   0.0003657874  -0.0092609580   0.0079876845
       -0.0002862291   0.0000849742  -0.0002209626  -0.0005129906  -0.0004092194
       -0.0001820214  -0.0000309925  -0.0000373322  -0.0000299179  -0.0000309613
       -0.0000220077  -0.0000128985  -0.0002246735   0.0005826606  -0.0004171216
        0.0004812003   0.0007295683  -0.0003295252   0.0000340722   0.0000101115
       -0.0000009575   0.0000478560  -0.0004767909  -0.0003155220   0.0002129224
        0.0005131580   0.0001366219   0.0001856389  -0.0002557205  -0.0000311481
       -0.0001640158  -0.0000028850  -0.0000581269
        0.0000246082  -0.0002047634  -0.0002681314  -0.0002846179   0.0001512660
       -0.0000917442   0.0000549679  -0.0002357783  -0.0004447880   0.0001885654
        0.0003404304  -0.0003095257  -0.0861228637  -0.0798776166  -0.0469117480
        0.0053364952   0.0109923293   0.0070881267  -0.0176702379  -0.0218267173
       -0.0128913332  -0.0056259691   0.0010954483  -0.0020400641   0.0006890833
       -0.0020009466   0.0001226124  -0.0009041392  -0.0010376595   0.0003251715
        0.0000863662  -0.0002291979   0.0001308368   0.0008332632   0.0003056644
        0.0007619686   0.0005671593  -0.0001686881   0.0000906430   0.0015644571
       -0.0006638549   0.0003657874   0.1021975210   0.0912923700   0.0518170921
       -0.0008033441   0.0005225470   0.0027399588   0.0000870521   0.0004169376
       -0.0001184816  -0.0003946599   0.0010555417  -0.0002030553   0.0001231928
       -0.0000235547   0.0000429985  -0.0000164029   0.0000793100   0.0002606628
        0.0000176410   0.0000218166   0.0000001892   0.0000766388   0.0000047711
       -0.0000003975   0.0005168481  -0.0001907574  -0.0004088640  -0.0001457750
        0.0002288444   0.0001473953  -0.0000777262   0.0000710720  -0.0000335354
       -0.0003181235  -0.0001188139  -0.0001717747
        0.0002949449  -0.0002108718   0.0007560976  -0.0001850835   0.0000147509
       -0.0000411066   0.0003535293   0.0001116312   0.0001181394   0.0001747272
        0.0012121408   0.0015414635  -0.0804400170  -0.1883506473  -0.0822928202
       -0.0018194205  -0.0079923829  -0.0067519793  -0.0012501350   0.0022854838
        0.0011950036   0.0003467689   0.0000491563  -0.0001493708   0.0020106312
        0.0009300561   0.0006268402   0.0002073166   0.0000073601  -0.0001184220
       -0.0002178466  -0.0002082360   0.0000064853  -0.0003895988  -0.0001234186
       -0.0009768894   0.0002721679   0.0001853818   0.0000907967  -0.0115919441
       -0.0248711766  -0.0092609580   0.0912923700   0.2163330610   0.0964830051
        0.0009033995   0.0001627721  -0.0015594792   0.0001624539   0.0001883782
        0.0000873795   0.0002504064  -0.0001628016   0.0000409763   0.0000232944
       -0.0000000998  -0.0000049599  -0.0004406954   0.0001471650  -0.0001429788
        0.0000179951  -0.0000795872   0.0003639658   0.0000511760   0.0000251155
       -0.0000270228  -0.0001060727   0.0003149030   0.0000043231   0.0003034901
        0.0000471366   0.0000229253  -0.0000986664  -0.0000243765  -0.0000247225
       -0.0001251911   0.0000091057   0.0000133079
       -0.0002061107   0.0000199512  -0.0000147646  -0.0001434760   0.0000260245
       -0.0000689041  -0.0002406677   0.0004394039  -0.0001800961  -0.0011722604
       -0.0012020273   0.0016646148  -0.0482197015  -0.0809080023  -0.0892985098
       -0.0066496686  -0.0218595987  -0.0173311263  -0.0042443628  -0.0053004979
       -0.0022312454  -0.0014493880   0.0000382701   0.0003120554   0.0006229010
       -0.0003636059   0.0000942698  -0.0000639134  -0.0003662798   0.0001688102
        0.0000743008  -0.0000889656   0.0000546203  -0.0001640511  -0.0005363470
        0.0002419289   0.0002868452  -0.0000193733   0.0000932672   0.0071148436
        0.0142596063   0.0079876845   0.0518170921   0.0964830051   0.1041806167
        0.0025215073  -0.0017732713  -0.0046489722  -0.0000121463  -0.0000075646
       -0.0000740886  -0.0002630959   0.0004243859   0.0000369931   0.0000622574
       -0.0000227845   0.0000034243   0.0003660161  -0.0004015738  -0.0001646207
        0.0000874286  -0.0000473885   0.0001727809   0.0000288593   0.0000263571
        0.0000237371  -0.0001230521   0.0010775612  -0.0009750668   0.0000692248
        0.0001829407  -0.0000077616   0.0000149580  -0.0000632760   0.0000028273
       -0.0001143399  -0.0000169495  -0.0000424742
        0.0007788693   0.0019656542   0.0016792475   0.0003699280  -0.0001246312
        0.0000574446  -0.0046420610   0.0017839725   0.0030384335  -0.0011288374
       -0.0037225857  -0.0005645675   0.0059265010   0.0089652603   0.0079661958
       -0.0921611623  -0.0902002349  -0.0641617826   0.0012179078   0.0008028573
        0.0004159526   0.0000049421   0.0004133229  -0.0000078126  -0.0001404289
        0.0001171075   0.0000559724  -0.0000635741   0.0000194138  -0.0000175026
        0.0001035805   0.0000607374   0.0000148519  -0.0142608780  -0.0163460883
       -0.0149274936  -0.0003195692   0.0000150698  -0.0000245001   0.0001969932
       -0.0000068400  -0.0002862291  -0.0008033441   0.0009033995   0.0025215073
        0.1058156854   0.0967836130   0.0637443295  -0.0002164369  -0.0004400590
        0.0003158234  -0.0000140432  -0.0000702964   0.0000086571   0.0000123121
       -0.0000116569  -0.0000169898  -0.0013342451  -0.0011355121   0.0004054916
        0.0008716406  -0.0000488928  -0.0001576253  -0.0000791156  -0.0000009300
       -0.0000065767  -0.0001424351   0.0003380419  -0.0000525647  -0.0004063847
       -0.0001558445  -0.0000053748   0.0001486119   0.0000539081  -0.0000330650
        0.0002655440   0.0000412136   0.0000381771
        0.0002761691  -0.0008903336  -0.0001992149  -0.0001244485  -0.0000145474
       -0.0000238772   0.0018187065  -0.0004257165  -0.0007301763  -0.0132074563
       -0.0266929221  -0.0054822735  -0.0025269353  -0.0055188033  -0.0075732171
       -0.0801418014  -0.1611380330  -0.0850133580  -0.0001409343  -0.0003545633
        0.0000716454   0.0000268895   0.0004087677   0.0001264276   0.0000268258
       -0.0002620399  -0.0000505708   0.0000281494  -0.0002260537  -0.0000242150
       -0.0001129472  -0.0000188211  -0.0000243039  -0.0000878973   0.0067022689
        0.0023597964   0.0000888911   0.0001498213   0.0000119374  -0.0000563616
        0.0002890835   0.0000849742   0.0005225470   0.0001627721  -0.0017732713
        0.0967836130   0.1928696575   0.0963579208  -0.0001399055   0.0001549536
        0.0001927747  -0.0000508741   0.0000408156   0.0000378427  -0.0000549413
        0.0000222308  -0.0000144174  -0.0002352313  -0.0025232690   0.0009743142
       -0.0003919894   0.0001632083  -0.0012760776   0.0000095302   0.0000355598
        0.0000156852  -0.0023165859  -0.0029959288   0.0019809413  -0.0000041115
        0.0003568413   0.0000290890   0.0000549293  -0.0002026649  -0.0000270835
       -0.0000438300  -0.0000922839  -0.0000312922
        0.0008486608   0.0015559457  -0.0000722529  -0.0002829454   0.0001172561
       -0.0000671652  -0.0014454721   0.0007001411   0.0001080061   0.0075897968
        0.0164374013   0.0044812117  -0.0082202158  -0.0191283351  -0.0179453161
       -0.0618202377  -0.0930289714  -0.1014031794  -0.0006425248   0.0001105513
        0.0007968443  -0.0003034557  -0.0003914525   0.0001426478   0.0001747811
       -0.0003230562   0.0000778999   0.0002389699   0.0001739011  -0.0000626483
       -0.0003156367   0.0000180528  -0.0000895028  -0.0050510768  -0.0065297947
       -0.0016374987   0.0001678715   0.0001845276   0.0000406170  -0.0001332579
       -0.0001876896  -0.0002209626   0.0027399588  -0.0015594792  -0.0046489722
        0.0637443295   0.0963579208   0.1204718595   0.0005963626   0.0004898855
       -0.0000841886  -0.0000686996   0.0001798771  -0.0000164532  -0.0000418237
        0.0000272453  -0.0000067349   0.0005488646   0.0011866943  -0.0006625698
        0.0007068353   0.0017935249   0.0015633959   0.0000373630   0.0000057970
        0.0000021363   0.0010792090   0.0018892243  -0.0007190943   0.0001631694
       -0.0001709486   0.0000472629  -0.0001906854   0.0000984751  -0.0000736218
       -0.0001201407  -0.0000066939  -0.0000217207
        0.0002891822   0.0001948651  -0.0000682111  -0.0012800600   0.0017105097
       -0.0003539662   0.0003237689   0.0002099718  -0.0001873169   0.0000432475
        0.0002852488  -0.0001036021   0.0003817921  -0.0007873427   0.0008605454
       -0.0002108880  -0.0004922143   0.0000162589   0.0062416676  -0.0163026106
       -0.0002678401  -0.0673302084   0.0795540022  -0.0023733432  -0.0017441759
       -0.0025810610  -0.0024921014  -0.0118109888   0.0270594499  -0.0012750370
       -0.0000195916  -0.0001091204   0.0000053589  -0.0006066385  -0.0002255915
        0.0002281457  -0.0043224633  -0.0005911887  -0.0022087359  -0.0002356386
       -0.0002574320  -0.0005129906   0.0000870521   0.0001624539  -0.0000121463
       -0.0002164369  -0.0001399055   0.0005963626   0.0806247329  -0.0870461050
        0.0070756563   0.0001849709  -0.0009285131   0.0001520177  -0.0001196326
       -0.0000937344   0.0003033576  -0.0000063411  -0.0000321352   0.0000216762
        0.0000353124  -0.0000013444   0.0000135625   0.0000946098   0.0002178453
        0.0000714431   0.0000545277   0.0000206878  -0.0000077405  -0.0012631664
        0.0032317999   0.0007209928  -0.0006957143  -0.0028013658  -0.0004876076
        0.0015010801  -0.0002571699   0.0002852611
        0.0001244474  -0.0000142275  -0.0000637348  -0.0004322675  -0.0003421912
       -0.0001656940   0.0001575735   0.0000106623  -0.0000311816   0.0000208059
        0.0001902508  -0.0000714601   0.0011131380   0.0008528702   0.0004251139
        0.0001310677  -0.0002141696   0.0001662950   0.0052086991  -0.0229041007
       -0.0005100473   0.0792338646  -0.2784655226   0.0026246403  -0.0023965587
       -0.0035934029  -0.0013823626   0.0066515107  -0.0079144583   0.0007524600
       -0.0011231733   0.0002107776  -0.0002388333  -0.0002254728   0.0000562490
        0.0000313790   0.0013065204   0.0012737159   0.0000656857  -0.0004720758
        0.0001492421  -0.0004092194   0.0004169376   0.0001883782  -0.0000075646
       -0.0004400590   0.0001549536   0.0004898855  -0.0870461050   0.3125740032
       -0.0013203924   0.0003924907  -0.0010231188   0.0000614489  -0.0000583711
        0.0000776582   0.0000906220   0.0000490263  -0.0000118843   0.0000069294
        0.0000052547  -0.0000430887   0.0000369291  -0.0000334037   0.0001202699
        0.0000062355   0.0000652406  -0.0000146573  -0.0000199653   0.0001575452
       -0.0004131607   0.0001956018  -0.0029972594  -0.0005432727  -0.0007519515
        0.0001906239  -0.0003617758   0.0000191810
        0.0000487837   0.0000102531  -0.0000647079  -0.0005564485   0.0003313128
        0.0006592346   0.0001117453   0.0000933454  -0.0000565813  -0.0000795105
       -0.0000348633  -0.0000568751   0.0010590290  -0.0001708056  -0.0025102322
        0.0006900884  -0.0001779750   0.0001616665   0.0003080057  -0.0056724275
        0.0025923356  -0.0023709523   0.0032459454  -0.0355281437  -0.0023369374
       -0.0015124365   0.0076579011  -0.0024852920   0.0054086432   0.0019740264
       -0.0000082234  -0.0000057253  -0.0000747606  -0.0001060450  -0.0000979980
       -0.0000966394  -0.0020636693  -0.0005270172   0.0050758974  -0.0005104367
        0.0001500390  -0.0001820214  -0.0001184816   0.0000873795  -0.0000740886
        0.0003158234   0.0001927747  -0.0000841886   0.0070756563  -0.0013203924
        0.0255437166   0.0002825625  -0.0001803217  -0.0006908408   0.0003175621
        0.0001106199  -0.0014612207   0.0000515332  -0.0000104093   0.0000261286
        0.0000267579   0.0000078039  -0.0000066120   0.0000578098   0.0000839468
       -0.0001187136   0.0000065824   0.0000149454   0.0000040793   0.0003333237
        0.0007880187  -0.0030863331  -0.0005222337  -0.0007071792   0.0002981298
        0.0004729670  -0.0001074767   0.0000988431
        0.0000542326  -0.0001619637   0.0000721136  -0.0013421858  -0.0011759364
       -0.0003197741   0.0001018733  -0.0000999429  -0.0000113988  -0.0000287206
       -0.0000314204  -0.0000105212   0.0008256373   0.0013924547   0.0008848809
       -0.0000145156   0.0000707747  -0.0000371205   0.0051466437   0.0050402799
        0.0009608584   0.0000517560   0.0019791106  -0.0014009333  -0.1373436779
       -0.1214521055  -0.0354421097   0.0000622443   0.0005570450   0.0000152058
       -0.0205124282  -0.0207576962  -0.0067310677  -0.0002435287   0.0002325407
       -0.0000471879  -0.0040755248   0.0013597376  -0.0030603277  -0.0000997438
       -0.0000730045  -0.0000309925  -0.0003946599   0.0002504064  -0.0002630959
       -0.0000140432  -0.0000508741  -0.0000686996   0.0001849709   0.0003924907
        0.0002825625   0.1578800392   0.1331544425   0.0436012136   0.0002867094
       -0.0009088663   0.0006696389  -0.0001961152   0.0001027945   0.0000486169
        0.0000288683  -0.0000645686  -0.0000077088  -0.0003077381   0.0000505506
        0.0000391380   0.0000047628   0.0001849718   0.0004943436  -0.0001230680
       -0.0000221351   0.0005900592  -0.0000019836   0.0001141857  -0.0001736175
        0.0000701955  -0.0000832717  -0.0000540761
       -0.0000375286   0.0000610864   0.0000084787   0.0004284472   0.0000679706
        0.0001213018  -0.0000722168   0.0000656890  -0.0000131552  -0.0002105758
        0.0000828960   0.0001297620  -0.0013860063   0.0009142193  -0.0001766132
       -0.0000053384  -0.0001415570  -0.0000135798  -0.0156279177  -0.0224473126
       -0.0058327429   0.0015413794  -0.0057874090  -0.0006408252  -0.1227614681
       -0.1983357238  -0.0444423546   0.0011047997   0.0006266675   0.0002731031
        0.0015346186   0.0031752395   0.0005088121   0.0000285283  -0.0001314248
        0.0000637885   0.0010309546   0.0005601856  -0.0006440871  -0.0001670900
        0.0002605921  -0.0000373322   0.0010555417  -0.0001628016   0.0004243859
       -0.0000702964   0.0000408156   0.0001798771  -0.0009285131  -0.0010231188
       -0.0001803217   0.1331544425   0.2210496582   0.0502209146   0.0008258653
        0.0008965919   0.0005603575   0.0000280300   0.0000345834  -0.0000288725
        0.0000065493  -0.0000119401  -0.0000718710   0.0001179637   0.0000656153
        0.0000516727   0.0005508135   0.0003792628  -0.0005644995  -0.0002354813
       -0.0004915490   0.0001714258  -0.0002683866   0.0003101743  -0.0001158888
        0.0003628854  -0.0000584109   0.0000482636
        0.0000142862   0.0000043726   0.0000021679  -0.0002113241  -0.0002400396
       -0.0002504774   0.0000441513   0.0001308439  -0.0000701302  -0.0001788808
        0.0001520470  -0.0000686164   0.0006481590   0.0006959092  -0.0014798779
        0.0003885126  -0.0003543150   0.0000444208  -0.0010967861  -0.0004690490
        0.0022272223  -0.0013636628  -0.0005231073   0.0059909762  -0.0359087811
       -0.0449898016  -0.0488178733   0.0001139958   0.0002413748   0.0002076184
       -0.0045088873  -0.0044463103  -0.0000011443  -0.0001094266  -0.0000394529
       -0.0000291373  -0.0029431603  -0.0004466673   0.0087736252  -0.0002211470
        0.0001247440  -0.0000299179  -0.0002030553   0.0000409763   0.0000369931
        0.0000086571   0.0000378427  -0.0000164532   0.0001520177   0.0000614489
       -0.0006908408   0.0436012136   0.0502209146   0.0389130540   0.0008115528
        0.0001111602  -0.0026969523   0.0001096882  -0.0000627772   0.0000124961
        0.0000010549  -0.0000153328  -0.0000730055   0.0000538750   0.0000537338
       -0.0004430414   0.0004993822  -0.0003107494  -0.0000773177   0.0004796284
        0.0000672719  -0.0023922594  -0.0002024891   0.0000074167   0.0006939418
        0.0000214259  -0.0000524542   0.0002345294
       -0.0000490072  -0.0000332654   0.0000108358   0.0011234019   0.0006143242
        0.0009480543  -0.0000666471  -0.0000517760   0.0000062431   0.0000110937
       -0.0000727464   0.0000363017  -0.0004181090   0.0012371796  -0.0000480033
       -0.0001453936   0.0000775179  -0.0000546857  -0.0045720496   0.0006097184
       -0.0028293225  -0.0002629631  -0.0003258364  -0.0000465741  -0.0113399677
        0.0259823469  -0.0005635593  -0.0019652717  -0.0021004130  -0.0021104765
       -0.0755614048   0.0894673192  -0.0023755414   0.0001174942  -0.0000253703
        0.0000346465   0.0071202310  -0.0173615440  -0.0002911913  -0.0002682948
        0.0000472728  -0.0000309613   0.0001231928   0.0000232944   0.0000622574
        0.0000123121  -0.0000549413  -0.0000418237  -0.0001196326  -0.0000583711
        0.0003175621   0.0002867094   0.0008258653   0.0008115528   0.0856469766
       -0.0977177266   0.0061664131  -0.0000015446   0.0000319853  -0.0000290521
        0.0000023093   0.0000291101  -0.0000039282   0.0000924018   0.0000410277
        0.0000316612  -0.0000042709   0.0000987631  -0.0000244030   0.0003548268
       -0.0007773788   0.0001228590  -0.0001124495  -0.0005778313  -0.0000937158
       -0.0000039437   0.0000714757  -0.0000051488
        0.0000229725  -0.0000046711   0.0000147496   0.0009108197   0.0014706813
        0.0005367634   0.0000311400   0.0000095605  -0.0000040127  -0.0000018989
        0.0000141143  -0.0000090264   0.0000022588  -0.0002553885   0.0000153456
        0.0000653840  -0.0000433059   0.0000141248   0.0013142504   0.0015423910
       -0.0002989810  -0.0009925087   0.0005100514  -0.0001643805   0.0044454652
       -0.0065494530   0.0005147819  -0.0028141782  -0.0021652651  -0.0012931162
        0.0882578502  -0.2777463605   0.0002935654  -0.0000686605   0.0000348917
       -0.0000203682   0.0064536629  -0.0259929689  -0.0008130391   0.0000283959
        0.0000234600  -0.0000220077  -0.0000235547  -0.0000000998  -0.0000227845
       -0.0000116569   0.0000222308   0.0000272453  -0.0000937344   0.0000776582
        0.0001106199  -0.0009088663   0.0008965919   0.0001111602  -0.0977177266
        0.3090932350   0.0007660826  -0.0000222208   0.0000173314  -0.0000010910
       -0.0000083575  -0.0000182161   0.0000187110   0.0004458177   0.0005231220
        0.0001350235   0.0000182723  -0.0000225539   0.0000002318   0.0007568894
       -0.0011481436   0.0001366699  -0.0003076753  -0.0004464599  -0.0001108707
        0.0002178596   0.0001575667   0.0000646029
       -0.0000004351  -0.0000119540   0.0000107862   0.0006713591   0.0005263712
       -0.0025936997   0.0000020655   0.0000128764   0.0000005656  -0.0000157448
        0.0000002129  -0.0000166226  -0.0000097431   0.0003076617  -0.0000135888
       -0.0000775348  -0.0000322357   0.0000217516  -0.0028727384  -0.0003582778
        0.0076025882  -0.0001227459  -0.0000310759  -0.0001890893  -0.0021686332
        0.0052679454   0.0000525811  -0.0022160543  -0.0011233216   0.0062105625
       -0.0026412147   0.0004268671  -0.0339076455  -0.0000162454  -0.0000100334
        0.0000028109   0.0019947193  -0.0061189872   0.0020349285   0.0000130706
        0.0000028417  -0.0000128985   0.0000429985  -0.0000049599   0.0000034243
       -0.0000169898  -0.0000144174  -0.0000067349   0.0003033576   0.0000906220
       -0.0014612207   0.0006696389   0.0005603575  -0.0026969523   0.0061664131
        0.0007660826   0.0251703532  -0.0000057203  -0.0000195449   0.0000030125
        0.0000195658   0.0000234563  -0.0000216338   0.0000875989   0.0000895848
        0.0000519157  -0.0000004980   0.0000300278   0.0000569660   0.0002618485
       -0.0002266913  -0.0002838276  -0.0000636568  -0.0001770776   0.0000130531
       -0.0000046813   0.0000236692  -0.0000313857
       -0.0040897090  -0.0068738505   0.0054659818   0.0003079120  -0.0001232728
        0.0000479405  -0.0020727275  -0.0186007977   0.0127372701  -0.1997868881
        0.0065501130   0.0059708848  -0.0010885708   0.0004823451  -0.0010304438
       -0.0143722091  -0.0189940387   0.0144613045  -0.0008104980  -0.0000512503
       -0.0000321176  -0.0001961724  -0.0001649758   0.0000394807  -0.0000142964
        0.0001851798  -0.0001180060   0.0002016591   0.0000730102  -0.0000137956
        0.0001777731   0.0001859692   0.0000219280   0.0195918967   0.0099092926
       -0.0082746057  -0.0003778727   0.0000205904   0.0000244726   0.0004099868
        0.0002534100  -0.0002246735  -0.0000164029  -0.0004406954   0.0003660161
       -0.0013342451  -0.0002352313   0.0005488646  -0.0000063411   0.0000490263
        0.0000515332  -0.0001961152   0.0000280300   0.0001096882  -0.0000015446
       -0.0000222208  -0.0000057203   0.2248805416   0.0210341764  -0.0268832169
       -0.0119952970   0.0000307176  -0.0070084926  -0.0000061133   0.0000700121
       -0.0000160517  -0.0091077236   0.0067645704   0.0037454061  -0.0001811230
       -0.0002931636  -0.0000709551  -0.0000048999   0.0001123663   0.0000266146
        0.0000889804   0.0000506874   0.0000606930
        0.0016444539   0.0039351037  -0.0022177321   0.0000930351  -0.0000042338
        0.0000012488  -0.0021675955   0.0040713294  -0.0105328926  -0.0086090835
       -0.0405924584  -0.0039119698  -0.0005349154  -0.0022453608   0.0015160267
       -0.0161112376  -0.0043551204   0.0061140470  -0.0000777820   0.0000533204
       -0.0000384540   0.0000707875   0.0000385549  -0.0000327724   0.0000412871
       -0.0000525280   0.0000686982  -0.0000251264   0.0000185660   0.0000190520
        0.0000330532  -0.0000554240   0.0000145237  -0.0121399502  -0.0126621401
        0.0122205833   0.0000036112   0.0000227381  -0.0000458109  -0.0004129835
        0.0000955584   0.0005826606   0.0000793100   0.0001471650  -0.0004015738
       -0.0011355121  -0.0025232690   0.0011866943  -0.0000321352  -0.0000118843
       -0.0000104093   0.0001027945   0.0000345834  -0.0000627772   0.0000319853
        0.0000173314  -0.0000195449   0.0210341764   0.0533622870  -0.0030688876
       -0.0030154797   0.0018599134   0.0017355129  -0.0000348100  -0.0000106644
        0.0000086751   0.0211247431  -0.0011838660  -0.0031305698  -0.0000827733
       -0.0000048277  -0.0000091284   0.0000079906   0.0000487319   0.0000120451
        0.0001121566  -0.0000034058   0.0000027554
       -0.0009002451  -0.0014619861   0.0024230884  -0.0000608111  -0.0000033640
       -0.0000266674   0.0010971915  -0.0096275164  -0.0037027451   0.0157700153
       -0.0043288710  -0.0451363933   0.0006744128   0.0017443417  -0.0018533880
        0.0121738645   0.0061334751  -0.0016119361  -0.0000541291  -0.0000571954
       -0.0001633207   0.0000157683   0.0000119893   0.0000083028  -0.0001228164
        0.0000322375  -0.0000129633  -0.0001003504  -0.0000363056  -0.0000303206
       -0.0000308429   0.0000188401  -0.0000229880   0.0079741922   0.0105957741
       -0.0058765952   0.0000069170  -0.0000186595   0.0000494159   0.0003271886
       -0.0000777011  -0.0004171216   0.0002606628  -0.0001429788  -0.0001646207
        0.0004054916   0.0009743142  -0.0006625698   0.0000216762   0.0000069294
        0.0000261286   0.0000486169  -0.0000288725   0.0000124961  -0.0000290521
       -0.0000010910   0.0000030125  -0.0268832169  -0.0030688876   0.0555962620
       -0.0230811802  -0.0004637715   0.0005352631   0.0000018372  -0.0000067085
        0.0000258950   0.0124905003  -0.0001832180   0.0009331045   0.0000748515
        0.0001028180   0.0000499477   0.0000016513  -0.0000915101   0.0000130192
       -0.0000821937  -0.0000220825   0.0000056941
        0.0003662533  -0.0004512619   0.0003805647   0.0001612669  -0.0000473941
       -0.0000077631  -0.0013432770   0.0018155169   0.0000623907  -0.0846677715
       -0.0114004941  -0.1226052064  -0.0003701729  -0.0015023754   0.0017589724
        0.0025447334   0.0011066029   0.0054037941   0.0002088709  -0.0000304104
        0.0001616704  -0.0001686885  -0.0001930525   0.0000119176  -0.0000439639
        0.0002192630   0.0001781802   0.0000555525   0.0000995763  -0.0000604044
       -0.0000098362   0.0000943111  -0.0000725668  -0.0018586538   0.0010319556
       -0.0008793836  -0.0002652093  -0.0000356105   0.0000312187  -0.0002968593
       -0.0000361399   0.0004812003   0.0000176410   0.0000179951   0.0000874286
        0.0008716406  -0.0003919894   0.0007068353   0.0000353124   0.0000052547
        0.0000267579   0.0000288683   0.0000065493   0.0000010549   0.0000023093
       -0.0000083575   0.0000195658  -0.0119952970  -0.0030154797  -0.0230811802
        0.0917959590   0.0125774701   0.1300956784  -0.0000414417   0.0000058926
        0.0000120127   0.0050442510   0.0002663220   0.0072440300  -0.0002775776
       -0.0003283576  -0.0000188744   0.0000341924   0.0001429659   0.0000081581
        0.0001718979   0.0000512475   0.0000539482
        0.0010186988  -0.0011417230   0.0005229155   0.0000715260  -0.0000422175
        0.0000461278  -0.0003477086   0.0001554568  -0.0003804619  -0.0108712960
       -0.0431866504  -0.0280454826   0.0002639891  -0.0018711816   0.0017632996
        0.0073763851   0.0001204065   0.0176558221  -0.0001293025   0.0000946590
       -0.0003886546   0.0000773342   0.0000266934  -0.0000260188   0.0000457080
       -0.0000258624  -0.0002485074  -0.0000809075  -0.0000289283  -0.0000015389
        0.0001018698  -0.0000067686   0.0000934164  -0.0002482621  -0.0025184669
        0.0026025687  -0.0000295593   0.0000283117  -0.0000097775  -0.0003756020
        0.0000842867   0.0007295683   0.0000218166  -0.0000795872  -0.0000473885
       -0.0000488928   0.0001632083   0.0017935249  -0.0000013444  -0.0000430887
        0.0000078039  -0.0000645686  -0.0000119401  -0.0000153328   0.0000291101
       -0.0000182161   0.0000234563   0.0000307176   0.0018599134  -0.0004637715
        0.0125774701   0.0484249305   0.0281084027  -0.0000283834   0.0000018019
        0.0000483514  -0.0094153103  -0.0020005322  -0.0237976800  -0.0000810846
        0.0000964408   0.0000181164   0.0000614086  -0.0000537723  -0.0000040516
        0.0000461882  -0.0000271735   0.0000152921
       -0.0000650660  -0.0005438346   0.0005937780  -0.0001880171   0.0000749524
       -0.0000806024   0.0023491470  -0.0018496898   0.0011490214  -0.1160191774
       -0.0260275843  -0.3099926931  -0.0001898825   0.0017191804  -0.0014582042
       -0.0038563597   0.0019646347  -0.0126899592   0.0003955257  -0.0001811814
        0.0013602969   0.0001040407   0.0001067044  -0.0000026598   0.0000666538
       -0.0003438839  -0.0009167040  -0.0001204542  -0.0000391581  -0.0000177458
       -0.0000640259  -0.0000797355  -0.0000584153  -0.0010277112   0.0026474933
       -0.0018965903   0.0001758754   0.0000388747   0.0000165537   0.0003876577
       -0.0000901655  -0.0003295252   0.0000001892   0.0003639658   0.0001727809
       -0.0001576253  -0.0012760776   0.0015633959   0.0000135625   0.0000369291
       -0.0000066120  -0.0000077088  -0.0000718710  -0.0000730055  -0.0000039282
        0.0000187110  -0.0000216338  -0.0070084926   0.0017355129   0.0005352631
        0.1300956784   0.0281084027   0.3361115093   0.0000254931   0.0000036742
       -0.0000145941  -0.0049056053  -0.0064207584  -0.0139566597   0.0002041603
        0.0002994854   0.0000590519  -0.0000450128  -0.0001610826   0.0000032155
       -0.0001589167  -0.0000334981  -0.0000492620
        0.0000956976  -0.0000595814   0.0000365810  -0.1155184809  -0.1283327152
       -0.0303604258   0.0001516530   0.0000388384  -0.0000181572   0.0000823359
        0.0000683882  -0.0001218401   0.0000842800  -0.0000602623  -0.0000232178
        0.0002548129  -0.0000832963   0.0001165832  -0.0003396376  -0.0013462575
       -0.0001912245   0.0006907149   0.0004828797   0.0002160777  -0.0026377190
       -0.0001349404  -0.0009557787  -0.0008091547  -0.0037496166  -0.0001599444
       -0.0012943397   0.0024372425  -0.0007883097  -0.0003922670   0.0000844939
       -0.0001023781  -0.0372148999  -0.0222887645  -0.0095632593   0.0000054005
       -0.0000154703   0.0000340722   0.0000766388   0.0000511760   0.0000288593
       -0.0000791156   0.0000095302   0.0000373630   0.0000946098  -0.0000334037
        0.0000578098  -0.0003077381   0.0001179637   0.0000538750   0.0000924018
        0.0004458177   0.0000875989  -0.0000061133  -0.0000348100   0.0000018372
       -0.0000414417  -0.0000283834   0.0000254931   0.1599351620   0.1471343785
        0.0412311896  -0.0000550319  -0.0000571928   0.0000057677  -0.0008162298
        0.0082804691   0.0005462404  -0.0000715405  -0.0023315577  -0.0003721082
       -0.0019799975  -0.0005949258   0.0001772956
       -0.0000279619   0.0000861190  -0.0000322726  -0.1377056206  -0.2511786905
       -0.0453533022  -0.0000395922   0.0000802178  -0.0000029706  -0.0000392364
        0.0000137229  -0.0000354217   0.0000307065  -0.0000541970  -0.0000271913
        0.0000459166  -0.0000258006   0.0000419328  -0.0003720727  -0.0028824134
       -0.0003221495   0.0022401597   0.0005672623   0.0005535518  -0.0021805182
        0.0020731298  -0.0003825750  -0.0043622795  -0.0069285444  -0.0013862188
        0.0052655380   0.0016498741   0.0010576515   0.0000050459  -0.0000261302
        0.0000405919  -0.0131780740   0.0152701894  -0.0019337458   0.0000060000
        0.0000200991   0.0000101115   0.0000047711   0.0000251155   0.0000263571
       -0.0000009300   0.0000355598   0.0000057970   0.0002178453   0.0001202699
        0.0000839468   0.0000505506   0.0000656153   0.0000537338   0.0000410277
        0.0005231220   0.0000895848   0.0000700121  -0.0000106644  -0.0000067085
        0.0000058926   0.0000018019   0.0000036742   0.1471343785   0.2319748020
        0.0462993892   0.0000280915  -0.0000645658  -0.0000345260   0.0226729350
        0.0030706062   0.0050273567  -0.0041230070   0.0018065425  -0.0007248037
       -0.0157895788   0.0037869570  -0.0030517936
        0.0000201190  -0.0000145330  -0.0000272464  -0.0305445018  -0.0432647292
       -0.0232753235   0.0000392563   0.0000436298  -0.0000189869  -0.0000055129
        0.0000546086  -0.0000581005   0.0001013851  -0.0000042915  -0.0001329664
        0.0000950256  -0.0000437058  -0.0000029336  -0.0001392311  -0.0005906566
        0.0001394273   0.0003419869   0.0001208697   0.0000382316  -0.0010778977
        0.0000724435   0.0010298860  -0.0002530218  -0.0011890944  -0.0010162430
       -0.0006051069   0.0004693823   0.0028571169  -0.0000825946   0.0000137429
       -0.0000170719  -0.0094703232  -0.0040953451  -0.0028081826  -0.0000310573
        0.0000075151  -0.0000009575  -0.0000003975  -0.0000270228   0.0000237371
       -0.0000065767   0.0000156852   0.0000021363   0.0000714431   0.0000062355
       -0.0001187136   0.0000391380   0.0000516727  -0.0004430414   0.0000316612
        0.0001350235   0.0000519157  -0.0000160517   0.0000086751   0.0000258950
        0.0000120127   0.0000483514  -0.0000145941   0.0412311896   0.0462993892
        0.0266346233   0.0000054292  -0.0000017200   0.0000359810   0.0013831222
        0.0021594551   0.0004674680  -0.0003727199  -0.0006423211   0.0006575535
       -0.0007667758   0.0003667398  -0.0040296105
        0.0002446979  -0.0003105050   0.0001880436   0.0004098869  -0.0000904798
        0.0000843269  -0.0017363883   0.0004606293  -0.0016226500  -0.0624713267
        0.0845795900   0.0445954973  -0.0000318916  -0.0001682789   0.0000537287
        0.0020109643  -0.0052264727  -0.0034364622   0.0002363087  -0.0004534009
        0.0001026869  -0.0006220115  -0.0002912360  -0.0000275799  -0.0000073280
       -0.0002321684  -0.0006256854   0.0004643569   0.0002137771   0.0000934850
       -0.0001543618   0.0003022483  -0.0001087052  -0.0013264480   0.0013013106
       -0.0005808066  -0.0004347105   0.0000463861   0.0000369400  -0.0000227104
        0.0000374957   0.0000478560   0.0005168481  -0.0001060727  -0.0001230521
       -0.0001424351  -0.0023165859   0.0010792090   0.0000545277   0.0000652406
        0.0000065824   0.0000047628   0.0005508135   0.0004993822  -0.0000042709
        0.0000182723  -0.0000004980  -0.0091077236   0.0211247431   0.0124905003
        0.0050442510  -0.0094153103  -0.0049056053  -0.0000550319   0.0000280915
        0.0000054292   0.0672776016  -0.0898096844  -0.0477985290  -0.0005655672
       -0.0007707373  -0.0001799404  -0.0000279211   0.0004054705   0.0000228990
        0.0004459206   0.0000568639   0.0001029475
        0.0003808750   0.0006134242   0.0000157856   0.0002568886  -0.0000390551
        0.0000485232  -0.0020189851   0.0017725973  -0.0008488112   0.0793477616
       -0.2635907938  -0.1201226685   0.0009798484   0.0016372870  -0.0016289853
        0.0032568722  -0.0215186192  -0.0054731361  -0.0011994127  -0.0000255871
       -0.0001095647  -0.0000331000  -0.0002991447  -0.0000632254   0.0000071911
        0.0002564075   0.0003316183   0.0001876037   0.0001299186   0.0000166687
       -0.0000007239  -0.0000367145   0.0000474417   0.0010641915  -0.0038039497
        0.0017596198  -0.0001373442  -0.0000257059  -0.0000642556   0.0003165219
        0.0001642370  -0.0004767909  -0.0001907574   0.0003149030   0.0010775612
        0.0003380419  -0.0029959288   0.0018892243   0.0000206878  -0.0000146573
        0.0000149454   0.0001849718   0.0003792628  -0.0003107494   0.0000987631
       -0.0000225539   0.0000300278   0.0067645704  -0.0011838660  -0.0001832180
        0.0002663220  -0.0020005322  -0.0064207584  -0.0000571928  -0.0000645658
       -0.0000017200  -0.0898096844   0.2905142253   0.1304474425  -0.0002683169
       -0.0004774504  -0.0000798655  -0.0000178282   0.0002779914   0.0000336765
        0.0002622344   0.0000388703   0.0000712140
       -0.0008630065   0.0009881976  -0.0009468420  -0.0002638946   0.0000993718
       -0.0001052603  -0.0004362159   0.0004024817  -0.0003685989   0.0418517461
       -0.1204731519  -0.1074815135   0.0004005521   0.0012809572   0.0015199143
       -0.0046781103   0.0110739978   0.0076830686   0.0003350009   0.0001531083
       -0.0001385033   0.0002682062   0.0000725789  -0.0001126593  -0.0000907174
        0.0003163606   0.0002929041  -0.0002664908  -0.0000481069  -0.0000849113
       -0.0001753096  -0.0002014581  -0.0000953118   0.0005856560   0.0015637397
       -0.0005733760   0.0001785056  -0.0001220344   0.0000667288  -0.0000372866
       -0.0001259010  -0.0003155220  -0.0004088640   0.0000043231  -0.0009750668
       -0.0000525647   0.0019809413  -0.0007190943  -0.0000077405  -0.0000199653
        0.0000040793   0.0004943436  -0.0005644995  -0.0000773177  -0.0000244030
        0.0000002318   0.0000569660   0.0037454061  -0.0031305698   0.0009331045
        0.0072440300  -0.0237976800  -0.0139566597   0.0000057677  -0.0000345260
        0.0000359810  -0.0477985290   0.1304474425   0.1153564906   0.0002117533
        0.0002216230   0.0001017793  -0.0000191780  -0.0000925290  -0.0000268191
       -0.0001986567   0.0000050665  -0.0000735604
        0.0007316151  -0.0004986284   0.0003622861  -0.0280720733  -0.0032758871
       -0.0060942385   0.0011596592   0.0002515161  -0.0001309353   0.0006362557
        0.0002741940  -0.0006483458  -0.0009158636  -0.0015560907  -0.0009277465
        0.0013198361  -0.0005186790   0.0006292550  -0.0045424842   0.0159480932
       -0.0016522601  -0.0477523776  -0.0241408113  -0.0110962217   0.0046275888
       -0.0063269787   0.0003934483  -0.1008279092  -0.0345051880  -0.0084964122
       -0.0020429613   0.0002800534  -0.0023309767  -0.0024916711   0.0007151112
       -0.0005863013   0.0381842833  -0.0190263408   0.0078616729  -0.0000261123
       -0.0002282095   0.0002129224  -0.0001457750   0.0003034901   0.0000692248
       -0.0004063847  -0.0000041115   0.0001631694  -0.0012631664   0.0001575452
        0.0003333237  -0.0001230680  -0.0002354813   0.0004796284   0.0003548268
        0.0007568894   0.0002618485  -0.0001811230  -0.0000827733   0.0000748515
       -0.0002775776  -0.0000810846   0.0002041603  -0.0008162298   0.0226729350
        0.0013831222  -0.0005655672  -0.0002683169   0.0002117533   0.7101890792
       -0.1262480716   0.0965648121  -0.1483305457   0.1472421235  -0.0053838118
       -0.4184222541   0.0283947014  -0.0718582290
        0.0006201057  -0.0008135609   0.0004401796  -0.0238118847   0.0074963894
       -0.0046707248   0.0015757465   0.0003529783  -0.0000952486   0.0007596637
       -0.0003294984  -0.0006787408   0.0005174591  -0.0009326258  -0.0004871352
        0.0016796230  -0.0005367370   0.0007764236   0.0023835164   0.0177556342
        0.0014916032  -0.0360060315   0.0009336538  -0.0075260908   0.0061852909
       -0.0093633584   0.0003102920  -0.0364109878  -0.1213191974  -0.0115738523
        0.0015148529  -0.0080740337  -0.0008329749  -0.0028091364   0.0011869832
       -0.0006914723   0.0121587882  -0.0560660987  -0.0010665855   0.0002621336
       -0.0000588416   0.0005131580   0.0002288444   0.0000471366   0.0001829407
       -0.0001558445   0.0003568413  -0.0001709486   0.0032317999  -0.0004131607
        0.0007880187  -0.0000221351  -0.0004915490   0.0000672719  -0.0007773788
       -0.0011481436  -0.0002266913  -0.0002931636  -0.0000048277   0.0001028180
       -0.0003283576   0.0000964408   0.0002994854   0.0082804691   0.0030706062
        0.0021594551  -0.0007707373  -0.0004774504   0.0002216230  -0.1262480716
        0.6928671250   0.0132425985   0.1269408021  -0.4222161965  -0.0024657877
        0.0612946334  -0.1019185091   0.0098903853
        0.0001877363  -0.0001726311   0.0000644008  -0.0072606576  -0.0000104190
       -0.0032320286   0.0003325531   0.0000749280  -0.0000691783   0.0001709102
        0.0000100400  -0.0002752304  -0.0002242320  -0.0003747027   0.0006198182
        0.0001794129  -0.0001240133   0.0000927779  -0.0029619984   0.0038896624
        0.0087112129  -0.0121998764  -0.0051275571  -0.0075510932   0.0014331552
       -0.0019898683  -0.0002834689  -0.0087416083  -0.0104085320  -0.0768527190
       -0.0023210896  -0.0010980836   0.0086661758  -0.0007007160   0.0002392900
       -0.0000348332   0.0099019807  -0.0081314604  -0.0021878894   0.0000995480
        0.0000062150   0.0001366219   0.0001473953   0.0000229253  -0.0000077616
       -0.0000053748   0.0000290890   0.0000472629   0.0007209928   0.0001956018
       -0.0030863331   0.0005900592   0.0001714258  -0.0023922594   0.0001228590
        0.0001366699  -0.0002838276  -0.0000709551  -0.0000091284   0.0000499477
       -0.0000188744   0.0000181164   0.0000590519   0.0005462404   0.0050273567
        0.0004674680  -0.0001799404  -0.0000798655   0.0001017793   0.0965648121
        0.0132425985   0.2234658009  -0.0067022282   0.0014795013  -0.0671986958
       -0.0696101041   0.0029828412  -0.0790269995
       -0.0001732269  -0.0000834455   0.0000213140  -0.0012550498   0.0030871167
        0.0000955134  -0.0000787214  -0.0000162373   0.0000543673  -0.0000472143
       -0.0002397716   0.0000181310   0.0001826614  -0.0002352850  -0.0000682862
        0.0000631230   0.0000905309   0.0000053525   0.0007622311   0.0026569379
        0.0008069294  -0.0076459382  -0.0069461133  -0.0025396921   0.0010837280
       -0.0024610295   0.0000633103   0.0126460554  -0.0055601120  -0.0016195420
       -0.0000512837  -0.0014197984   0.0004366481   0.0001689913   0.0001117693
       -0.0000464256   0.0014379640  -0.0059606136  -0.0011784958   0.0001376054
        0.0000234252   0.0001856389  -0.0000777262  -0.0000986664   0.0000149580
        0.0001486119   0.0000549293  -0.0001906854  -0.0006957143  -0.0029972594
       -0.0005222337  -0.0000019836  -0.0002683866  -0.0002024891  -0.0001124495
       -0.0003076753  -0.0000636568  -0.0000048999   0.0000079906   0.0000016513
        0.0000341924   0.0000614086  -0.0000450128  -0.0000715405  -0.0041230070
       -0.0003727199  -0.0000279211  -0.0000178282  -0.0000191780  -0.1483305457
        0.1269408021  -0.0067022282   0.1962386482  -0.1866625243   0.0210682361
       -0.0543295972   0.0843628428  -0.0092014046
       -0.0003238575   0.0002878002  -0.0001659288   0.0117408299  -0.0041351655
        0.0023644590  -0.0008557553  -0.0002726437   0.0000765224  -0.0003732048
        0.0001988391   0.0003716151  -0.0000053439   0.0008674094   0.0003949820
       -0.0008000724   0.0003198903  -0.0004686631   0.0014252186  -0.0087192279
       -0.0002874499   0.0123626626   0.0002368821   0.0025878320  -0.0023834915
        0.0049613641   0.0000507516   0.0030470238  -0.0915258672  -0.0077674356
        0.0011155714  -0.0013297373   0.0003724976   0.0015016739  -0.0005256382
        0.0002372315  -0.0221146486   0.0087423854  -0.0046163268  -0.0001084372
        0.0000156465  -0.0002557205   0.0000710720  -0.0000243765  -0.0000632760
        0.0000539081  -0.0002026649   0.0000984751  -0.0028013658  -0.0005432727
       -0.0007071792   0.0001141857   0.0003101743   0.0000074167  -0.0005778313
       -0.0004464599  -0.0001770776   0.0001123663   0.0000487319  -0.0000915101
        0.0001429659  -0.0000537723  -0.0001610826  -0.0023315577   0.0018065425
       -0.0006423211   0.0004054705   0.0002779914  -0.0000925290   0.1472421235
       -0.4222161965   0.0014795013  -0.1866625243   0.5365280380   0.0026818430
        0.0400030179  -0.0246066725   0.0047733730
       -0.0000592523   0.0000225638  -0.0000068845   0.0006934389   0.0003302926
       -0.0006142212  -0.0000767680  -0.0000306561   0.0000248194  -0.0000275911
        0.0000203821   0.0000734301  -0.0000206171   0.0000215569   0.0000611413
       -0.0000314565   0.0000285289   0.0000208931   0.0006995500   0.0000805832
       -0.0013618517  -0.0010705550  -0.0015579551   0.0008142571   0.0001571110
       -0.0002190268  -0.0001128911  -0.0007279680  -0.0099959640   0.0168047058
        0.0006037993  -0.0002628098  -0.0024555959   0.0001179104  -0.0000178349
       -0.0000740307  -0.0023878122  -0.0008938232   0.0042504297   0.0000638487
       -0.0000263471  -0.0000311481  -0.0000335354  -0.0000247225   0.0000028273
       -0.0000330650  -0.0000270835  -0.0000736218  -0.0004876076  -0.0007519515
        0.0002981298  -0.0001736175  -0.0001158888   0.0006939418  -0.0000937158
       -0.0001108707   0.0000130531   0.0000266146   0.0000120451   0.0000130192
        0.0000081581  -0.0000040516   0.0000032155  -0.0003721082  -0.0007248037
        0.0006575535   0.0000228990   0.0000336765  -0.0000268191  -0.0053838118
       -0.0024657877  -0.0671986958   0.0210682361   0.0026818430   0.0286835211
       -0.0124820844   0.0139981049   0.0195408223
       -0.0005051104   0.0004141580  -0.0002536386   0.0222421453   0.0022155796
        0.0042469160  -0.0007889670  -0.0001628715   0.0000532803  -0.0004197905
       -0.0001488621   0.0005659517  -0.0006204096  -0.0000038383   0.0003319635
       -0.0010730580   0.0003407483  -0.0005497448  -0.0019078254  -0.0107064287
       -0.0011174044   0.0083237142  -0.0060682592   0.0003770762  -0.0048526072
        0.0071429325  -0.0004853960  -0.0712116484  -0.0259937567  -0.0204070312
        0.0036148120   0.0038496323   0.0011920251   0.0019638479  -0.0005877181
        0.0005161720  -0.0213799428   0.0161269789  -0.0033767569   0.0001123404
        0.0000595581  -0.0001640158  -0.0003181235  -0.0001251911  -0.0001143399
        0.0002655440  -0.0000438300  -0.0001201407   0.0015010801   0.0001906239
        0.0004729670   0.0000701955   0.0003628854   0.0000214259  -0.0000039437
        0.0002178596  -0.0000046813   0.0000889804   0.0001121566  -0.0000821937
        0.0001718979   0.0000461882  -0.0001589167  -0.0019799975  -0.0157895788
       -0.0007667758   0.0004459206   0.0002622344  -0.0001986567  -0.4184222541
        0.0612946334  -0.0696101041  -0.0543295972   0.0400030179  -0.0124820844
        0.5390127970  -0.0730088527   0.1021141032
       -0.0000606405   0.0001103185  -0.0000167181  -0.0155334935  -0.0276557623
       -0.0054624432  -0.0001553397   0.0000324901   0.0000056585  -0.0001007419
        0.0000502068   0.0000419424  -0.0003217732  -0.0002325201  -0.0000715234
       -0.0001626136   0.0000349005  -0.0000495659  -0.0008216289   0.0032330384
        0.0001178370  -0.0052226043  -0.0048347060  -0.0017817923   0.0017709288
       -0.0015252506   0.0002635209  -0.0272903484   0.0126983503  -0.0061672993
       -0.0030276314  -0.0006421083  -0.0006036176   0.0002001376  -0.0001619151
        0.0000655555   0.0117681238  -0.0049280551   0.0024401647  -0.0000083731
       -0.0000403102  -0.0000028850  -0.0001188139   0.0000091057  -0.0000169495
        0.0000412136  -0.0000922839  -0.0000066939  -0.0002571699  -0.0003617758
       -0.0001074767  -0.0000832717  -0.0000584109  -0.0000524542   0.0000714757
        0.0001575667   0.0000236692   0.0000506874  -0.0000034058  -0.0000220825
        0.0000512475  -0.0000271735  -0.0000334981  -0.0005949258   0.0037869570
        0.0003667398   0.0000568639   0.0000388703   0.0000050665   0.0283947014
       -0.1019185091   0.0029828412   0.0843628428  -0.0246066725   0.0139981049
       -0.0730088527   0.1469370549  -0.0059161007
       -0.0001219449   0.0001236635  -0.0000467040   0.0027203565  -0.0013703589
        0.0046206252  -0.0001625603  -0.0000290345   0.0000280909  -0.0001010058
       -0.0000361770   0.0001235344  -0.0000819776  -0.0000521109  -0.0005038804
       -0.0000844685   0.0000512887  -0.0000299797  -0.0002516140  -0.0019560310
       -0.0013056394   0.0004863087  -0.0019085113   0.0045787531  -0.0010140922
        0.0014093726   0.0001355651  -0.0207369466  -0.0059818050   0.0117297710
        0.0008224538   0.0008333692  -0.0006916031   0.0004209588  -0.0001785999
        0.0000817657  -0.0033896804   0.0031682871  -0.0015501446  -0.0000475799
        0.0000274587  -0.0000581269  -0.0001717747   0.0000133079  -0.0000424742
        0.0000381771  -0.0000312922  -0.0000217207   0.0002852611   0.0000191810
        0.0000988431  -0.0000540761   0.0000482636   0.0002345294  -0.0000051488
        0.0000646029  -0.0000313857   0.0000606930   0.0000027554   0.0000056941
        0.0000539482   0.0000152921  -0.0000492620   0.0001772956  -0.0030517936
       -0.0040296105   0.0001029475   0.0000712140  -0.0000735604  -0.0718582290
        0.0098903853  -0.0790269995  -0.0092014046   0.0047733730   0.0195408223
        0.1021141032  -0.0059161007   0.0462830970
