           1           3  0.216145726852430     
           4           6  0.972434751195929     
           5           6  0.982794623179164     
           5           7   1.01068076761395     
           7           8   1.48100936878610     
           7           9   1.33196168179104     
           8          10   1.31456417289686     
           8          11  0.108590622346287     
           9          11   1.50250797923432     
           1          12   1.56180172105803     
           3          12   1.47007147883071     
           6          12  0.868479295111911     
           2          13   1.18249929915749     
          10          13   1.25980084273597     
          11          13   1.31674363633834     
           5          14  0.955743145724276     
           5          15  0.966409909618836     
           6          16  0.956086595772516     
           8          17  0.958368052572571     
           9          18  0.959517299067605     
          11          19  0.959514143100969     
           4          20  0.792730831411014     
           4          21  0.896159396662389     
           2          22  0.786541700071104     
           4          23  0.895343897160591     
          10          24   1.05452933781774     
          24          25   1.41654581159708     
          24          26   1.36068922288164     
          25          26  0.291218451173661     
