$hessian                                                                        
        0.5992237017   0.0016013363  -0.0000124144  -0.1180263237   0.1064367463
        0.0000051157  -0.0148750189   0.0338552960   0.0000014145  -0.0127741587
       -0.0080543425  -0.0000005007  -0.0468992727  -0.0157779367   0.0000001710
       -0.1643376614  -0.1407818887  -0.0000019756  -0.0041312364   0.0012108885
        0.0000002751   0.0071473537   0.0094009684  -0.0000002072   0.0159660348
       -0.0022056376   0.0000002800  -0.0012885115  -0.0001997266  -0.0000002641
       -0.0045741518   0.0004180851   0.0000003686   0.0070111449  -0.0181551129
       -0.0000006980  -0.2247152514   0.0399052202   0.0000063143  -0.0380175895
       -0.0069491524   0.0000027379  -0.0036450807  -0.0033813884   0.0000000226
        0.0019683060   0.0013382239  -0.0018362133   0.0019677156   0.0013384212
        0.0018355735
        0.0016013363   0.6659451690   0.0000130616   0.0265360672  -0.2867733765
       -0.0000095029   0.0888827620   0.0111736294  -0.0000013341  -0.0063770632
       -0.0676202241  -0.0000021073  -0.0704074768   0.0434167710   0.0000027759
       -0.0648392123  -0.2309792690  -0.0000039496   0.0018128119   0.0012766950
       -0.0000002382  -0.0159314674  -0.0267485621  -0.0000006333  -0.0039011293
        0.0023019867   0.0000005405   0.0004493111   0.0008613466  -0.0000002364
       -0.0002301419   0.0017976217  -0.0000000906   0.0052382562  -0.0246903786
       -0.0000005636   0.0649495496  -0.1007542570   0.0000024795  -0.0230562968
        0.0127912392  -0.0000008330  -0.0034769623  -0.0030244357   0.0000005772
       -0.0006250371   0.0005134238   0.0002430804  -0.0006253071   0.0005126205
       -0.0002430260
       -0.0000124144   0.0000130616   0.1248067053   0.0000018736  -0.0000105204
       -0.0480698448   0.0000037116   0.0000000548  -0.0017444814  -0.0000004453
       -0.0000022181  -0.0062114713  -0.0000018618   0.0000017933  -0.0018173925
        0.0000007971  -0.0000021703  -0.0502452594   0.0000002855  -0.0000001755
        0.0083954612  -0.0000006035  -0.0000010205   0.0020024843  -0.0000000969
        0.0000001477   0.0000598653   0.0000000064  -0.0000000290   0.0003503595
        0.0000001256  -0.0000002109   0.0080346761   0.0000001473  -0.0000007715
        0.0005540503   0.0000016057   0.0000023313  -0.0331977589   0.0000047595
       -0.0000005663  -0.0043714126   0.0000017493   0.0000010555   0.0005109597
        0.0014592362   0.0000849514   0.0004718814  -0.0014588757  -0.0000857129
        0.0004711776
       -0.1180263237   0.0265360672   0.0000018736   0.6664221536   0.0107134655
       -0.0000056278  -0.3361159027   0.0720860944   0.0000062517  -0.0463395264
       -0.0717937740  -0.0000021138  -0.0390442658   0.0328458725   0.0000016904
        0.0526796343   0.0107222747  -0.0000004310  -0.0000155778   0.0009146146
       -0.0000000042  -0.0019806041  -0.0035978185  -0.0000000761  -0.0022026902
       -0.0009685292   0.0000007443  -0.0009527372   0.0007308676  -0.0000002966
       -0.0131629640   0.0039795141   0.0000005300  -0.1348008035  -0.1257093797
       -0.0000050282  -0.0283474146   0.0403134490   0.0000031170   0.0010406858
        0.0030201407  -0.0000006477   0.0002418693   0.0002763675  -0.0000002015
        0.0003023234  -0.0000345591   0.0000244849   0.0003021435  -0.0000346673
       -0.0000242651
        0.1064367463  -0.2867733765  -0.0000105204   0.0107134655   0.6615349738
        0.0000232150  -0.0021429555  -0.0964250250  -0.0000020032  -0.0157294831
        0.0434694589   0.0000016810   0.0320406614  -0.0225722295  -0.0000011841
       -0.0429206122  -0.0593900985  -0.0000015926   0.0005831111   0.0003839730
        0.0000000177  -0.0028550431  -0.0035307613  -0.0000001807  -0.0002177076
       -0.0059440955  -0.0000003329  -0.0016556960  -0.0005267503  -0.0000000224
        0.0274368316  -0.0060593155  -0.0000007019  -0.1252321917  -0.2138439818
       -0.0000075528   0.0145233391  -0.0106727254  -0.0000011743  -0.0004242899
        0.0003227105   0.0000003083  -0.0006829534  -0.0006630227   0.0000001550
        0.0000634302   0.0003451152   0.0005603372   0.0000633472   0.0003451508
       -0.0005604489
        0.0000051157  -0.0000095029  -0.0480698448  -0.0000056278   0.0000232150
        0.1076097782   0.0000036773  -0.0000033726  -0.0397516268  -0.0000002088
        0.0000026114  -0.0021481910   0.0000016932  -0.0000010633  -0.0021657575
       -0.0000024784  -0.0000025393   0.0002360889   0.0000000074  -0.0000000107
       -0.0001725714   0.0000000808  -0.0000002855   0.0067010966   0.0000005434
       -0.0000005899   0.0053522854  -0.0000002879   0.0000000623   0.0011798171
        0.0000011796  -0.0000002192  -0.0005033029  -0.0000047748  -0.0000072729
       -0.0308695917   0.0000014109  -0.0000001473   0.0035799715  -0.0000001696
       -0.0000007052  -0.0014738375   0.0000000093  -0.0000001156   0.0002789648
        0.0000767931  -0.0003686040   0.0001084098  -0.0000769635   0.0003685394
        0.0001083112
       -0.0148750189   0.0888827620   0.0000037116  -0.3361159027  -0.0021429555
        0.0000036773   0.6802452807  -0.0111608224  -0.0000076985  -0.1700012935
       -0.0667266311  -0.0000006125   0.0525040687  -0.0442614965  -0.0000025659
       -0.0547634257  -0.0229848287   0.0000001397  -0.0000181770   0.0026128727
        0.0000000835  -0.0003111102  -0.0006927775   0.0000002199  -0.0434773365
       -0.0332724707  -0.0000008095  -0.0053625573  -0.0001630074   0.0000001274
       -0.0802561663   0.0901102112   0.0000035735  -0.0220364810  -0.0000471003
        0.0000003262  -0.0042811912   0.0009101164  -0.0000007466  -0.0002271031
       -0.0008821993   0.0000004251   0.0001373291  -0.0000739300   0.0000000284
       -0.0005806197  -0.0000539069   0.0000238629  -0.0005802954  -0.0000538360
       -0.0000237424
        0.0338552960   0.0111736294   0.0000000548   0.0720860944  -0.0964250250
       -0.0000033726  -0.0111608224   0.6604383924   0.0000197249  -0.1465727723
       -0.2371702334  -0.0000042633   0.0106605125  -0.0600626165  -0.0000023969
       -0.0230950004  -0.0066902128   0.0000003731   0.0020454076  -0.0051992097
       -0.0000004085  -0.0002907926   0.0007276185   0.0000000524  -0.0048879733
        0.0057653477  -0.0000005854   0.0012036893   0.0001173722   0.0000003344
        0.0907165158  -0.2686429927  -0.0000094199  -0.0237364688   0.0016453512
        0.0000003769  -0.0002477669  -0.0063815729  -0.0000006393  -0.0002606702
        0.0008361056   0.0000001436  -0.0000820427   0.0001982636  -0.0000000184
       -0.0001166463  -0.0001651149  -0.0001372987  -0.0001165596  -0.0001651026
        0.0001373431
        0.0000014145  -0.0000013341  -0.0017444814   0.0000062517  -0.0000020032
       -0.0397516268  -0.0000076985   0.0000197249   0.1086573899  -0.0000035119
       -0.0000059202  -0.0504345255  -0.0000004411  -0.0000013806   0.0003606315
        0.0000001097   0.0000003989  -0.0025683691   0.0000000840  -0.0000003459
        0.0067442948  -0.0000000003   0.0000000318  -0.0000286822  -0.0000000060
        0.0000005773   0.0034835096   0.0000005468  -0.0000000245   0.0012307024
        0.0000037680  -0.0000094641  -0.0324806002  -0.0000007523   0.0000001248
       -0.0001929171   0.0000004213  -0.0000002904   0.0062569856  -0.0000000698
       -0.0000000762   0.0006931794  -0.0000000434  -0.0000000651   0.0000327695
       -0.0003973604   0.0001312162  -0.0001291179   0.0003972879  -0.0001311696
       -0.0001291425
       -0.0127741587  -0.0063770632  -0.0000004453  -0.0463395264  -0.0157294831
       -0.0000002088  -0.1700012935  -0.1465727723  -0.0000035119   0.6307975832
        0.0090617426  -0.0000054897  -0.1148978226   0.1104956421   0.0000041254
       -0.0148751872   0.0330555967   0.0000011014   0.0040832338  -0.0184954723
       -0.0000000318  -0.0043126973   0.0003496835   0.0000002367  -0.2594613525
        0.0321049762   0.0000038727  -0.0297099741  -0.0049352803  -0.0000002872
        0.0070799923   0.0095919779   0.0000003014  -0.0043119286   0.0012060870
        0.0000002295   0.0163409438  -0.0025451275  -0.0000000956  -0.0018275595
       -0.0023593974   0.0000003894   0.0002901716   0.0001730748  -0.0000001138
       -0.0000403005   0.0004879065  -0.0003993610  -0.0000401240   0.0004879089
        0.0003992885
       -0.0080543425  -0.0676202241  -0.0000022181  -0.0717937740   0.0434694589
        0.0000026114  -0.0667266311  -0.2371702334  -0.0000059202   0.0090617426
        0.6622757416   0.0000122494   0.0249430041  -0.2857576089  -0.0000064987
        0.0893423132   0.0119528040  -0.0000011131   0.0059820976  -0.0249561371
       -0.0000011283  -0.0004021572   0.0018330576  -0.0000002551   0.0620731534
       -0.0894226443   0.0000025308  -0.0289801831   0.0083387509  -0.0000000906
       -0.0162970402  -0.0271904900  -0.0000004999   0.0018070171   0.0012836542
       -0.0000001751  -0.0022512464   0.0012875119   0.0000008871   0.0003506688
        0.0015372590  -0.0000004521  -0.0001730741   0.0000724700   0.0000000541
        0.0005593203   0.0000333174  -0.0001636632   0.0005591317   0.0000333123
        0.0001636816
       -0.0000005007  -0.0000021073  -0.0062114713  -0.0000021138   0.0000016810
       -0.0021481910  -0.0000006125  -0.0000042633  -0.0504345255  -0.0000054897
        0.0000122494   0.1254385777   0.0000009997  -0.0000074084  -0.0497482792
        0.0000035223   0.0000001448  -0.0014624978  -0.0000000217  -0.0000004128
        0.0011849369   0.0000002001  -0.0000001863   0.0084715430   0.0000004186
        0.0000023920  -0.0336500817   0.0000039643  -0.0000007443  -0.0021077170
       -0.0000006489  -0.0000011239   0.0020401276   0.0000001899  -0.0000003124
        0.0082248244   0.0000000923   0.0000000565   0.0003092490  -0.0000000047
        0.0000000105   0.0002960951  -0.0000000115  -0.0000000050  -0.0000091658
       -0.0000909859  -0.0000008222  -0.0000967331   0.0000910020   0.0000008516
       -0.0000966913
       -0.0468992727  -0.0704074768  -0.0000018618  -0.0390442658   0.0320406614
        0.0000016932   0.0525040687   0.0106605125  -0.0000004411  -0.1148978226
        0.0249430041   0.0000009997   0.6802254519   0.0070404874  -0.0000087119
       -0.3456106715   0.0730011796   0.0000075037  -0.1374391773  -0.1233299125
       -0.0000018143  -0.0128775704   0.0040225402   0.0000001258  -0.0335878394
        0.0429849792   0.0000020708   0.0017010618   0.0023318972  -0.0000002371
       -0.0019809203  -0.0035645451  -0.0000000079   0.0000282187   0.0009110604
        0.0000000875  -0.0015253456  -0.0020708938   0.0000008680  -0.0012932898
        0.0012714663  -0.0000002336  -0.0002805606  -0.0000331393   0.0000000417
        0.0004890455   0.0000990960  -0.0002807437   0.0004888894   0.0000990831
        0.0002806608
       -0.0157779367   0.0434167710   0.0000017933   0.0328458725  -0.0225722295
       -0.0000010633  -0.0442614965  -0.0600626165  -0.0000013806   0.1104956421
       -0.2857576089  -0.0000074084   0.0070404874   0.6537015506   0.0000152021
       -0.0000690180  -0.0978987725  -0.0000021019  -0.1223240271  -0.2064521780
       -0.0000030281   0.0277940322  -0.0062936477  -0.0000006833   0.0110042650
       -0.0104474319  -0.0000010379  -0.0015019204   0.0018818120   0.0000003637
       -0.0029831064  -0.0034561892  -0.0000003859   0.0005216222   0.0003889259
       -0.0000000291   0.0000722097  -0.0050034010  -0.0000005098  -0.0021388732
       -0.0015083820   0.0000002046  -0.0001504904  -0.0002656639   0.0000000646
       -0.0002836719   0.0001645510  -0.0000187908  -0.0002835906   0.0001645104
        0.0000187910
        0.0000001710   0.0000027759  -0.0018173925   0.0000016904  -0.0000011841
       -0.0021657575  -0.0000025659  -0.0000023969   0.0003606315   0.0000041254
       -0.0000064987  -0.0497482792  -0.0000087119   0.0000152021   0.1080766168
        0.0000047613  -0.0000032557  -0.0396127024  -0.0000017216  -0.0000031612
       -0.0315201830   0.0000011174  -0.0000002121  -0.0002232087   0.0000003937
       -0.0000004628   0.0045099041   0.0000002097   0.0000000206  -0.0008839115
        0.0000000282  -0.0000003398   0.0070656675   0.0000000417  -0.0000000179
       -0.0000087211   0.0000008668  -0.0000005758   0.0046216648  -0.0000002485
        0.0000000900   0.0013743995  -0.0000001522  -0.0000000883  -0.0000340898
       -0.0002305903  -0.0001658221   0.0000026837   0.0002305848   0.0001659270
        0.0000026781
       -0.1643376614  -0.0648392123   0.0000007971   0.0526796343  -0.0429206122
       -0.0000024784  -0.0547634257  -0.0230950004   0.0000001097  -0.0148751872
        0.0893423132   0.0000035223  -0.3456106715  -0.0000690180   0.0000047613
        0.6878436923  -0.0197275127  -0.0000116406  -0.0218481670   0.0001009404
        0.0000003911  -0.0811280085   0.0915415910   0.0000043314  -0.0044453199
        0.0005800743  -0.0000005355  -0.0000965243  -0.0007075772   0.0000003822
       -0.0002768243  -0.0006866427  -0.0000000751  -0.0003377910   0.0025940088
        0.0000002140  -0.0455733308  -0.0306543559  -0.0000000251  -0.0046740159
        0.0004241309  -0.0000000761  -0.0008369223  -0.0013511152   0.0000001450
       -0.0008596518  -0.0002658403   0.0003483194  -0.0008598250  -0.0002661719
       -0.0003481428
       -0.1407818887  -0.2309792690  -0.0000021703   0.0107222747  -0.0593900985
       -0.0000025393  -0.0229848287  -0.0066902128   0.0000003989   0.0330555967
        0.0119528040   0.0000001448   0.0730011796  -0.0978987725  -0.0000032557
       -0.0197275127   0.6524082840   0.0000171556  -0.0238278248   0.0019648686
        0.0000004140   0.0919000425  -0.2677098282  -0.0000089105   0.0013221660
       -0.0056879446  -0.0000005577   0.0002138557  -0.0004103271   0.0000001286
       -0.0003401817   0.0007419014  -0.0000000314   0.0020068444  -0.0050800961
       -0.0000004846  -0.0061850582   0.0079082564  -0.0000006282   0.0019398730
       -0.0008602714   0.0000002521   0.0005503062   0.0001718272  -0.0000000631
       -0.0004325214  -0.0002205835   0.0001297474  -0.0004323225  -0.0002205379
       -0.0001296005
       -0.0000019756  -0.0000039496  -0.0502452594  -0.0000004310  -0.0000015926
        0.0002360889   0.0000001397   0.0000003731  -0.0025683691   0.0000011014
       -0.0000011131  -0.0014624978   0.0000075037  -0.0000021019  -0.0396127024
       -0.0000116406   0.0000171556   0.1088326521  -0.0000004120   0.0000000849
       -0.0004258750   0.0000039086  -0.0000090858  -0.0326507378   0.0000003200
       -0.0000002172   0.0062307134  -0.0000001093  -0.0000000880   0.0001979809
       -0.0000000060   0.0000000215  -0.0000314574   0.0000001346  -0.0000005337
        0.0068852799   0.0000005332   0.0000007215   0.0034846456   0.0000006773
        0.0000002726   0.0009842243   0.0000000841   0.0000000492   0.0001093198
       -0.0001656443  -0.0000828017   0.0000180100   0.0001658162   0.0000828055
        0.0000179840
       -0.0041312364   0.0018128119   0.0000002855  -0.0000155778   0.0005831111
        0.0000000074  -0.0000181770   0.0020454076   0.0000000840   0.0040832338
        0.0059820976  -0.0000000217  -0.1374391773  -0.1223240271  -0.0000017216
       -0.0218481670  -0.0238278248  -0.0000004120   0.1584782460   0.1370873939
        0.0000012773   0.0006996994  -0.0006894155  -0.0000000142   0.0027227780
        0.0008569185  -0.0000001095  -0.0004664339  -0.0004764395   0.0000005597
        0.0002493959   0.0003120518  -0.0000000895  -0.0000779790  -0.0000083158
       -0.0000000461  -0.0016565306  -0.0013288234   0.0000001473  -0.0005385483
        0.0000753539  -0.0000000158  -0.0001101867  -0.0000801258   0.0000000763
        0.0000343719  -0.0000100924   0.0000068305   0.0000342891  -0.0000100821
       -0.0000068376
        0.0012108885   0.0012766950  -0.0000001755   0.0009146146   0.0003839730
       -0.0000000107   0.0026128727  -0.0051992097  -0.0000003459  -0.0184954723
       -0.0249561371  -0.0000004128  -0.1233299125  -0.2064521780  -0.0000031612
        0.0001009404   0.0019648686   0.0000000849   0.1370873939   0.2316250602
        0.0000039818   0.0008320241   0.0010432699   0.0000000758  -0.0014517735
        0.0017872139   0.0000001630   0.0014626427  -0.0001133344  -0.0000002120
       -0.0010189145  -0.0014966124  -0.0000000191   0.0000390537   0.0000599836
        0.0000000540  -0.0001461334  -0.0000759608   0.0000000224   0.0001506252
        0.0001938182  -0.0000000430  -0.0000089702   0.0000152285  -0.0000000140
        0.0000200571  -0.0000283437  -0.0000029004   0.0000200636  -0.0000283351
        0.0000029126
        0.0000002751  -0.0000002382   0.0083954612  -0.0000000042   0.0000000177
       -0.0001725714   0.0000000835  -0.0000004085   0.0067442948  -0.0000000318
       -0.0000011283   0.0011849369  -0.0000018143  -0.0000030281  -0.0315201830
        0.0000003911   0.0000004140  -0.0004258750   0.0000012773   0.0000039818
        0.0226185004  -0.0000000173   0.0000001275  -0.0029770138  -0.0000007794
        0.0000001142  -0.0016028410   0.0000007398   0.0000000373  -0.0003936663
       -0.0000000515  -0.0000000095  -0.0004094962  -0.0000000209   0.0000000820
       -0.0015750901  -0.0000000148  -0.0000000831   0.0002395901  -0.0000000069
        0.0000000137  -0.0001040852  -0.0000000058   0.0000000376  -0.0000105807
        0.0000098057   0.0000066506   0.0000043007  -0.0000098257  -0.0000065808
        0.0000043185
        0.0071473537  -0.0159314674  -0.0000006035  -0.0019806041  -0.0028550431
        0.0000000808  -0.0003111102  -0.0002907926  -0.0000000003  -0.0043126973
       -0.0004021572   0.0000002001  -0.0128775704   0.0277940322   0.0000011174
       -0.0811280085   0.0919000425   0.0000039086   0.0006996994   0.0008320241
       -0.0000000173   0.0935970904  -0.1027215781  -0.0000045791  -0.0020100695
        0.0018489460   0.0000000690   0.0001469284   0.0001447698  -0.0000000275
       -0.0000033311   0.0000009314  -0.0000000367   0.0002139353  -0.0009864384
       -0.0000000618   0.0008742831   0.0007969238  -0.0000000443  -0.0001549505
       -0.0001951653   0.0000000179  -0.0000364452  -0.0000316236   0.0000000166
        0.0000677496   0.0000483166  -0.0000526101   0.0000677468   0.0000482794
        0.0000525703
        0.0094009684  -0.0267485621  -0.0000010205  -0.0035978185  -0.0035307613
       -0.0000002855  -0.0006927775   0.0007276185   0.0000000318   0.0003496835
        0.0018330576  -0.0000001863   0.0040225402  -0.0062936477  -0.0000002121
        0.0915415910  -0.2677098282  -0.0000090858  -0.0006894155   0.0010432699
        0.0000001275  -0.1027215781   0.3005326921   0.0000105393   0.0008027682
       -0.0006473821  -0.0000000341  -0.0001100540   0.0000384756  -0.0000000039
       -0.0000317293   0.0000607038   0.0000000482   0.0004508237  -0.0014713742
       -0.0000000525   0.0006049394   0.0012589957   0.0000002956   0.0003250103
        0.0005583258  -0.0000001056   0.0000273786   0.0001420000  -0.0000000093
        0.0001588332   0.0001032027  -0.0000968699   0.0001588364   0.0001032138
        0.0000968229
       -0.0000002072  -0.0000006333   0.0020024843  -0.0000000761  -0.0000001807
        0.0067010966   0.0000002199   0.0000000524  -0.0000286822   0.0000002367
       -0.0000002551   0.0084715430   0.0000001258  -0.0000006833  -0.0002232087
        0.0000043314  -0.0000089105  -0.0326507378  -0.0000000142   0.0000000758
       -0.0029770138  -0.0000045791   0.0000105393   0.0235720329  -0.0000000220
       -0.0000000605  -0.0000309078  -0.0000000348   0.0000000011  -0.0000030702
       -0.0000000279   0.0000000624  -0.0015561321  -0.0000000183   0.0000000335
       -0.0004014053  -0.0000001279  -0.0000001381  -0.0029157828   0.0000001010
        0.0000000393   0.0000264140   0.0000000576   0.0000000406   0.0000281532
        0.0000131616   0.0000251044  -0.0000073748  -0.0000131266  -0.0000250875
       -0.0000074085
        0.0159660348  -0.0039011293  -0.0000000969  -0.0022026902  -0.0002177076
        0.0000005434  -0.0434773365  -0.0048879733  -0.0000000060  -0.2594613525
        0.0620731534   0.0000004186  -0.0335878394   0.0110042650   0.0000003937
       -0.0044453199   0.0013221660   0.0000003200   0.0027227780  -0.0014517735
       -0.0000007794  -0.0020100695   0.0008027682  -0.0000000220   0.4614519628
        0.1011456784  -0.0000262209  -0.1188577901  -0.1705846207   0.0000253977
        0.0010448327   0.0005847737   0.0000000004  -0.0015728870  -0.0001911635
        0.0000000555  -0.0174216416   0.0029727917  -0.0000000680   0.0016852894
        0.0024766042  -0.0000002991  -0.0001826609  -0.0000488066   0.0000001613
        0.0001744313  -0.0005494749   0.0002538436   0.0001742585  -0.0005495513
       -0.0002536419
       -0.0022056376   0.0023019867   0.0000001477  -0.0009685292  -0.0059440955
       -0.0000005899  -0.0332724707   0.0057653477   0.0000005773   0.0321049762
       -0.0894226443   0.0000023920   0.0429849792  -0.0104474319  -0.0000004628
        0.0005800743  -0.0056879446  -0.0000002172   0.0008569185   0.0017872139
        0.0000001142   0.0018489460  -0.0006473821  -0.0000000605   0.1011456784
        0.4360972779  -0.0000427294  -0.1450744085  -0.3344634464   0.0000408685
        0.0008273343   0.0014557213  -0.0000000649  -0.0012703805   0.0000005683
       -0.0000000759   0.0027054046  -0.0007416881   0.0000000495  -0.0003036230
       -0.0001811940   0.0000000814   0.0000507116   0.0000272635  -0.0000000002
       -0.0000050165   0.0000501784  -0.0000947419  -0.0000049572   0.0000502692
        0.0000947120
        0.0000002800   0.0000005405   0.0000598653   0.0000007443  -0.0000003329
        0.0053522854  -0.0000008095  -0.0000005854   0.0034835096   0.0000038727
        0.0000025308  -0.0336500817   0.0000020708  -0.0000010379   0.0045099041
       -0.0000005355  -0.0000005577   0.0062307134  -0.0000001095   0.0000001630
       -0.0016028410   0.0000000690  -0.0000000341  -0.0000309078  -0.0000262209
       -0.0000427294   0.0236148839   0.0000208875   0.0000416484  -0.0040950840
        0.0000000339   0.0000003081  -0.0029843428   0.0000000706   0.0000000038
        0.0002013378  -0.0000004154   0.0000001001  -0.0008762512   0.0000000618
        0.0000000109  -0.0002838483  -0.0000000175   0.0000000052  -0.0000182488
        0.0000846036   0.0000250477   0.0000445181  -0.0000845861  -0.0000250810
        0.0000445882
       -0.0012885115   0.0004493111   0.0000000064  -0.0009527372  -0.0016556960
       -0.0000002879  -0.0053625573   0.0012036893   0.0000005468  -0.0297099741
       -0.0289801831   0.0000039643   0.0017010618  -0.0015019204   0.0000002097
       -0.0000965243   0.0002138557  -0.0000001093  -0.0004664339   0.0014626427
        0.0000007398   0.0001469284  -0.0001100540  -0.0000000348  -0.1188577901
       -0.1450744085   0.0000208875   0.1536625444   0.1736283578  -0.0000255919
        0.0000475556   0.0006236974   0.0000001117  -0.0003755737   0.0001559580
       -0.0000000298   0.0016861222  -0.0002740091  -0.0000000156  -0.0001341256
       -0.0001978827  -0.0000000916   0.0000069251  -0.0000059172  -0.0000001291
       -0.0000034898   0.0000312820  -0.0000396243  -0.0000034200   0.0000312770
        0.0000394481
       -0.0001997266   0.0008613466  -0.0000000290   0.0007308676  -0.0005267503
        0.0000000623  -0.0001630074   0.0001173722  -0.0000000245  -0.0049352803
        0.0083387509  -0.0000007443   0.0023318972   0.0018818120   0.0000000206
       -0.0007075772  -0.0004103271  -0.0000000880  -0.0004764395  -0.0001133344
        0.0000000373   0.0001447698   0.0000384756   0.0000000011  -0.1705846207
       -0.3344634464   0.0000416484   0.1736283578   0.3234384505  -0.0000408446
        0.0000811297   0.0007904414   0.0000000770  -0.0001232603   0.0000573208
        0.0000000332   0.0003599024   0.0000814342  -0.0000000435  -0.0000564895
       -0.0001745216  -0.0000000205  -0.0000245345   0.0000226228  -0.0000000548
       -0.0000030169   0.0000301695  -0.0000049238  -0.0000029716   0.0000301833
        0.0000048933
       -0.0000002641  -0.0000002364   0.0003503595  -0.0000002966  -0.0000000224
        0.0011798171   0.0000001274   0.0000003344   0.0012307024  -0.0000002872
       -0.0000000906  -0.0021077170  -0.0000002371   0.0000003637  -0.0008839115
        0.0000003822   0.0000001286   0.0001979809   0.0000005597  -0.0000002120
       -0.0003936663  -0.0000000275  -0.0000000039  -0.0000030702   0.0000253977
        0.0000408685  -0.0040950840  -0.0000255919  -0.0000408446   0.0048414807
       -0.0000000017  -0.0000001140   0.0000420939  -0.0000000199  -0.0000000105
       -0.0001543692   0.0000002595  -0.0000001280  -0.0001762127  -0.0000000161
       -0.0000000223  -0.0000549701  -0.0000000095  -0.0000000234   0.0000150554
        0.0000227318  -0.0000157927   0.0000057186  -0.0000227068   0.0000158055
        0.0000057926
       -0.0045741518  -0.0002301419   0.0000001256  -0.0131629640   0.0274368316
        0.0000011796  -0.0802561663   0.0907165158   0.0000037680   0.0070799923
       -0.0162970402  -0.0000006489  -0.0019809203  -0.0029831064   0.0000000282
       -0.0002768243  -0.0003401817  -0.0000000060   0.0002493959  -0.0010189145
       -0.0000000515  -0.0000033311  -0.0000317293  -0.0000000279   0.0010448327
        0.0008273343   0.0000000339   0.0000475556   0.0000811297  -0.0000000017
        0.0926168817  -0.1011709575  -0.0000044891   0.0007035143   0.0009345482
       -0.0000000155  -0.0016399366   0.0019470266   0.0000001085   0.0000777932
        0.0000294509  -0.0000000075  -0.0000009430   0.0000076834   0.0000000109
        0.0000376385   0.0000457726  -0.0000003473   0.0000376331   0.0000457787
        0.0000003407
        0.0004180851   0.0017976217  -0.0000002109   0.0039795141  -0.0060593155
       -0.0000002192   0.0901102112  -0.2686429927  -0.0000094641   0.0095919779
       -0.0271904900  -0.0000011239  -0.0035645451  -0.0034561892  -0.0000003398
       -0.0006866427   0.0007419014   0.0000000215   0.0003120518  -0.0014966124
       -0.0000000095   0.0000009314   0.0000607038   0.0000000624   0.0005847737
        0.0014557213   0.0000003081   0.0006236974   0.0007904414  -0.0000001140
       -0.1011709575   0.3016287600   0.0000109759  -0.0007592804   0.0010769011
        0.0000001420   0.0006560436  -0.0007096668  -0.0000000494  -0.0001102561
       -0.0000251738   0.0000000127   0.0000021415   0.0000110428  -0.0000000003
        0.0000061163   0.0000086622  -0.0000355476   0.0000061375   0.0000086847
        0.0000355561
        0.0000003686  -0.0000000906   0.0080346761   0.0000005300  -0.0000007019
       -0.0005033029   0.0000035735  -0.0000094199  -0.0324806002   0.0000003014
       -0.0000004999   0.0020401276  -0.0000000079  -0.0000003859   0.0070656675
       -0.0000000751  -0.0000000314  -0.0000314574  -0.0000000895  -0.0000000191
       -0.0004094962  -0.0000000367   0.0000000482  -0.0015561321   0.0000000004
       -0.0000000649  -0.0029843428   0.0000001117   0.0000000770   0.0000420939
       -0.0000044891   0.0000109759   0.0235364163  -0.0000000856   0.0000001514
       -0.0028921745  -0.0000000595  -0.0000000219   0.0000211940  -0.0000000311
        0.0000000033   0.0000304872  -0.0000000132  -0.0000000210   0.0000381368
        0.0000225733   0.0000027942   0.0000243311  -0.0000225712  -0.0000027935
        0.0000243756
        0.0070111449   0.0052382562   0.0000001473  -0.1348008035  -0.1252321917
       -0.0000047748  -0.0220364810  -0.0237364688  -0.0000007523  -0.0043119286
        0.0018070171   0.0000001899   0.0000282187   0.0005216222   0.0000000417
       -0.0003377910   0.0020068444   0.0000001346  -0.0000779790   0.0000390537
       -0.0000000209   0.0002139353   0.0004508237  -0.0000000183  -0.0015728870
       -0.0012703805   0.0000000706  -0.0003755737  -0.0001232603  -0.0000000199
        0.0007035143  -0.0007592804  -0.0000000856   0.1605181142   0.1392708609
        0.0000042717  -0.0001780383  -0.0012379444   0.0000001183  -0.0017743600
        0.0014733603   0.0000003287   0.0000031162   0.0002899686  -0.0000000948
       -0.0015058881   0.0006308887   0.0009473876  -0.0015063136   0.0006308301
       -0.0009469239
       -0.0181551129  -0.0246903786  -0.0000007715  -0.1257093797  -0.2138439818
       -0.0000072729  -0.0000471003   0.0016453512   0.0000001248   0.0012060870
        0.0012836542  -0.0000003124   0.0009110604   0.0003889259  -0.0000000179
        0.0025940088  -0.0050800961  -0.0000005337  -0.0000083158   0.0000599836
        0.0000000820  -0.0009864384  -0.0014713742   0.0000000335  -0.0001911635
        0.0000005683   0.0000000038   0.0001559580   0.0000573208  -0.0000000105
        0.0009345482   0.0010769011   0.0000001514   0.1392708609   0.2380885317
        0.0000085319  -0.0013318412   0.0013071383   0.0000002709  -0.0001467994
        0.0002869968   0.0000000376  -0.0001359655   0.0003511467  -0.0000000060
        0.0008197096   0.0002696073  -0.0007859565   0.0008198838   0.0002697047
        0.0007856454
       -0.0000006980  -0.0000005636   0.0005540503  -0.0000050282  -0.0000075528
       -0.0308695917   0.0000003262   0.0000003769  -0.0001929171   0.0000002295
       -0.0000001751   0.0082248244   0.0000000875  -0.0000000291  -0.0000087211
        0.0000002140  -0.0000004846   0.0068852799  -0.0000000461   0.0000000540
       -0.0015750901  -0.0000000618  -0.0000000525  -0.0004014053   0.0000000555
       -0.0000000759   0.0002013378  -0.0000000298   0.0000000332  -0.0001543692
       -0.0000000155   0.0000001420  -0.0028921745   0.0000042717   0.0000085319
        0.0224639604  -0.0000002810   0.0000002864  -0.0014866838   0.0000003661
       -0.0000001025  -0.0002175836  -0.0000000186   0.0000000115  -0.0001682474
        0.0011072690  -0.0002368931  -0.0001816345  -0.0011066408   0.0002364931
       -0.0001810344
       -0.2247152514   0.0649495496   0.0000016057  -0.0283474146   0.0145233391
        0.0000014109  -0.0042811912  -0.0002477669   0.0000004213   0.0163409438
       -0.0022512464   0.0000000923  -0.0015253456   0.0000722097   0.0000008668
       -0.0455733308  -0.0061850582   0.0000005332  -0.0016565306  -0.0001461334
       -0.0000000148   0.0008742831   0.0006049394  -0.0000001279  -0.0174216416
        0.0027054046  -0.0000004154   0.0016861222   0.0003599024   0.0000002595
       -0.0016399366   0.0006560436  -0.0000000595  -0.0001780383  -0.0013318412
       -0.0000002810   0.4559860924   0.0473722668  -0.0000242577  -0.1104561900
       -0.0708798086   0.0000122044  -0.0316499160  -0.0250468925   0.0000058951
       -0.0037176188  -0.0125733133   0.0077710086  -0.0037250360  -0.0125815946
       -0.0077691416
        0.0399052202  -0.1007542570   0.0000023313   0.0403134490  -0.0106727254
       -0.0000001473   0.0009101164  -0.0063815729  -0.0000002904  -0.0025451275
        0.0012875119   0.0000000565  -0.0020708938  -0.0050034010  -0.0000005758
       -0.0306543559   0.0079082564   0.0000007215  -0.0013288234  -0.0000759608
       -0.0000000831   0.0007969238   0.0012589957  -0.0000001381   0.0029727917
       -0.0007416881   0.0000001001  -0.0002740091   0.0000814342  -0.0000001280
        0.0019470266  -0.0007096668  -0.0000000219  -0.0012379444   0.0013071383
        0.0000002864   0.0473722668   0.3353467267  -0.0000262458  -0.0548617990
       -0.1697076517   0.0000165735   0.0024894646   0.0082113345  -0.0000005146
       -0.0218655917  -0.0306770759   0.0080425383  -0.0218687142  -0.0306773981
       -0.0080344625
        0.0000063143   0.0000024795  -0.0331977589   0.0000031170  -0.0000011743
        0.0035799715  -0.0000007466  -0.0000006393   0.0062569856  -0.0000000956
        0.0000008871   0.0003092490   0.0000008680  -0.0000005098   0.0046216648
       -0.0000000251  -0.0000006282   0.0034846456   0.0000001473   0.0000000224
        0.0002395901  -0.0000000443   0.0000002956  -0.0029157828  -0.0000000680
        0.0000000495  -0.0008762512  -0.0000000156  -0.0000000435  -0.0001762127
        0.0000001085  -0.0000000494   0.0000211940   0.0000001183   0.0000002709
       -0.0014866838  -0.0000242577  -0.0000262458   0.0595602361   0.0000088909
        0.0000155460  -0.0452919531   0.0000039050   0.0000033897   0.0009266709
        0.0183779805   0.0207959271   0.0024669766  -0.0183761969  -0.0207895772
        0.0024774584
       -0.0380175895  -0.0230562968   0.0000047595   0.0010406858  -0.0004242899
       -0.0000001696  -0.0002271031  -0.0002606702  -0.0000000698  -0.0018275595
        0.0003506688  -0.0000000047  -0.0012932898  -0.0021388732  -0.0000002485
       -0.0046740159   0.0019398730   0.0000006773  -0.0005385483   0.0001506252
       -0.0000000069  -0.0001549505   0.0003250103   0.0000001010   0.0016852894
       -0.0003036230   0.0000000618  -0.0001341256  -0.0000564895  -0.0000000161
        0.0000777932  -0.0001102561  -0.0000000311  -0.0017743600  -0.0001467994
        0.0000003661  -0.1104561900  -0.0548617990   0.0000088909   0.4731384021
       -0.0643147087   0.0000083186  -0.2267270023   0.1068315018   0.0000302205
       -0.0450669000   0.0180542810  -0.0233551971  -0.0450505358   0.0180218457
        0.0233023478
       -0.0069491524   0.0127912392  -0.0000005663   0.0030201407   0.0003227105
       -0.0000007052  -0.0008821993   0.0008361056  -0.0000000762  -0.0023593974
        0.0015372590   0.0000000105   0.0012714663  -0.0015083820   0.0000000900
        0.0004241309  -0.0008602714   0.0000002726   0.0000753539   0.0001938182
        0.0000000137  -0.0001951653   0.0005583258   0.0000000393   0.0024766042
       -0.0001811940   0.0000000109  -0.0001978827  -0.0001745216  -0.0000000223
        0.0000294509  -0.0000251738   0.0000000033   0.0014733603   0.0002869968
       -0.0000001025  -0.0708798086  -0.1697076517   0.0000155460  -0.0643147087
        0.4563249837   0.0000094706   0.0999366401  -0.0943270830  -0.0000165988
        0.0185523763  -0.1030318841   0.0983449534   0.0185187908  -0.1030352773
       -0.0983523389
        0.0000027379  -0.0000008330  -0.0043714126  -0.0000006477   0.0000003083
       -0.0014738375   0.0000004251   0.0000001436   0.0006931794   0.0000003894
       -0.0000004521   0.0002960951  -0.0000002336   0.0000002046   0.0013743995
       -0.0000000761   0.0000002521   0.0009842243  -0.0000000158  -0.0000000430
       -0.0001040852   0.0000000179  -0.0000001056   0.0000264140  -0.0000002991
        0.0000000814  -0.0002838483  -0.0000000916  -0.0000000205  -0.0000549701
       -0.0000000075   0.0000000127   0.0000304872   0.0000003287   0.0000000376
       -0.0002175836   0.0000122044   0.0000165735  -0.0452919531   0.0000083186
        0.0000094706   0.4854909069   0.0000303834  -0.0000173179  -0.0437149418
       -0.0243224738   0.0985360441  -0.1966864382   0.0242690398  -0.0985443563
       -0.1966966360
       -0.0036450807  -0.0034769623   0.0000017493   0.0002418693  -0.0006829534
        0.0000000093   0.0001373291  -0.0000820427  -0.0000000434   0.0002901716
       -0.0001730741  -0.0000000115  -0.0002805606  -0.0001504904  -0.0000001522
       -0.0008369223   0.0005503062   0.0000000841  -0.0001101867  -0.0000089702
       -0.0000000058  -0.0000364452   0.0000273786   0.0000000576  -0.0001826609
        0.0000507116  -0.0000000175   0.0000069251  -0.0000245345  -0.0000000095
       -0.0000009430   0.0000021415  -0.0000000132   0.0000031162  -0.0001359655
       -0.0000000186  -0.0316499160   0.0024894646   0.0000039050  -0.2267270023
        0.0999366401   0.0000303834   0.2736964439  -0.1098449867  -0.0000374985
       -0.0054573308   0.0057637506  -0.0016608276  -0.0054488065   0.0057595866
        0.0016624092
       -0.0033813884  -0.0030244357   0.0000010555   0.0002763675  -0.0006630227
       -0.0000001156  -0.0000739300   0.0001982636  -0.0000000651   0.0001730748
        0.0000724700  -0.0000000050  -0.0000331393  -0.0002656639  -0.0000000883
       -0.0013511152   0.0001718272   0.0000000492  -0.0000801258   0.0000152285
        0.0000000376  -0.0000316236   0.0001420000   0.0000000406  -0.0000488066
        0.0000272635   0.0000000052  -0.0000059172   0.0000226228  -0.0000000234
        0.0000076834   0.0000110428  -0.0000000210   0.0002899686   0.0003511467
        0.0000000115  -0.0250468925   0.0082113345   0.0000033897   0.1068315018
       -0.0943270830  -0.0000173179  -0.1098449867   0.1074557536   0.0000185207
        0.0161594329  -0.0091991890   0.0016129480   0.0161598964  -0.0091995589
       -0.0016184216
        0.0000000226   0.0000005772   0.0005109597  -0.0000002015   0.0000001550
        0.0002789648   0.0000000284  -0.0000000184   0.0000327695  -0.0000001138
        0.0000000541  -0.0000091658   0.0000000417   0.0000000646  -0.0000340898
        0.0000001450  -0.0000000631   0.0001093198   0.0000000763  -0.0000000140
       -0.0000105807   0.0000000166  -0.0000000093   0.0000281532   0.0000001613
       -0.0000000002  -0.0000182488  -0.0000001291  -0.0000000548   0.0000150554
        0.0000000109  -0.0000000003   0.0000381368  -0.0000000948  -0.0000000060
       -0.0001682474   0.0000058951  -0.0000005146   0.0009266709   0.0000302205
       -0.0000165988  -0.0437149418  -0.0000374985   0.0000185207   0.0455042628
       -0.0233526678   0.0143846635  -0.0017402844   0.0233540874  -0.0143867556
       -0.0017487342
        0.0019683060  -0.0006250371   0.0014592362   0.0003023234   0.0000634302
        0.0000767931  -0.0005806197  -0.0001166463  -0.0003973604  -0.0000403005
        0.0005593203  -0.0000909859   0.0004890455  -0.0002836719  -0.0002305903
       -0.0008596518  -0.0004325214  -0.0001656443   0.0000343719   0.0000200571
        0.0000098057   0.0000677496   0.0001588332   0.0000131616   0.0001744313
       -0.0000050165   0.0000846036  -0.0000034898  -0.0000030169   0.0000227318
        0.0000376385   0.0000061163   0.0000225733  -0.0015058881   0.0008197096
        0.0011072690  -0.0037176188  -0.0218655917   0.0183779805  -0.0450669000
        0.0185523763  -0.0243224738  -0.0054573308   0.0161594329  -0.0233526678
        0.0527517023  -0.0119534988   0.0228226067   0.0014062307  -0.0010542754
        0.0045629610
        0.0013382239   0.0005134238   0.0000849514  -0.0000345591   0.0003451152
       -0.0003686040  -0.0000539069  -0.0001651149   0.0001312162   0.0004879065
        0.0000333174  -0.0000008222   0.0000990960   0.0001645510  -0.0001658221
       -0.0002658403  -0.0002205835  -0.0000828017  -0.0000100924  -0.0000283437
        0.0000066506   0.0000483166   0.0001032027   0.0000251044  -0.0005494749
        0.0000501784   0.0000250477   0.0000312820   0.0000301695  -0.0000157927
        0.0000457726   0.0000086622   0.0000027942   0.0006308887   0.0002696073
       -0.0002368931  -0.0125733133  -0.0306770759   0.0207959271   0.0180542810
       -0.1030318841   0.0985360441   0.0057637506  -0.0091991890   0.0143846635
       -0.0119534988   0.1333389591  -0.1203569643  -0.0010588324   0.0084650045
       -0.0127646992
       -0.0018362133   0.0002430804   0.0004718814   0.0000244849   0.0005603372
        0.0001084098   0.0000238629  -0.0001372987  -0.0001291179  -0.0003993610
       -0.0001636632  -0.0000967331  -0.0002807437  -0.0000187908   0.0000026837
        0.0003483194   0.0001297474   0.0000180100   0.0000068305  -0.0000029004
        0.0000043007  -0.0000526101  -0.0000968699  -0.0000073748   0.0002538436
       -0.0000947419   0.0000445181  -0.0000396243  -0.0000049238   0.0000057186
       -0.0000003473  -0.0000355476   0.0000243311   0.0009473876  -0.0007859565
       -0.0001816345   0.0077710086   0.0080425383   0.0024669766  -0.0233551971
        0.0983449534  -0.1966864382  -0.0016608276   0.0016129480  -0.0017402844
        0.0228226067  -0.1203569643   0.2245291133  -0.0045734199   0.0127640527
       -0.0288343606
        0.0019677156  -0.0006253071  -0.0014588757   0.0003021435   0.0000633472
       -0.0000769635  -0.0005802954  -0.0001165596   0.0003972879  -0.0000401240
        0.0005591317   0.0000910020   0.0004888894  -0.0002835906   0.0002305848
       -0.0008598250  -0.0004323225   0.0001658162   0.0000342891   0.0000200636
       -0.0000098257   0.0000677468   0.0001588364  -0.0000131266   0.0001742585
       -0.0000049572  -0.0000845861  -0.0000034200  -0.0000029716  -0.0000227068
        0.0000376331   0.0000061375  -0.0000225712  -0.0015063136   0.0008198838
       -0.0011066408  -0.0037250360  -0.0218687142  -0.0183761969  -0.0450505358
        0.0185187908   0.0242690398  -0.0054488065   0.0161598964   0.0233540874
        0.0014062307  -0.0010588324  -0.0045734199   0.0527354496  -0.0119128323
       -0.0227629049
        0.0013384212   0.0005126205  -0.0000857129  -0.0000346673   0.0003451508
        0.0003685394  -0.0000538360  -0.0001651026  -0.0001311696   0.0004879089
        0.0000333123   0.0000008516   0.0000990831   0.0001645104   0.0001659270
       -0.0002661719  -0.0002205379   0.0000828055  -0.0000100821  -0.0000283351
       -0.0000065808   0.0000482794   0.0001032138  -0.0000250875  -0.0005495513
        0.0000502692  -0.0000250810   0.0000312770   0.0000301833   0.0000158055
        0.0000457787   0.0000086847  -0.0000027935   0.0006308301   0.0002697047
        0.0002364931  -0.0125815946  -0.0306773981  -0.0207895772   0.0180218457
       -0.1030352773  -0.0985443563   0.0057595866  -0.0091995589  -0.0143867556
       -0.0010542754   0.0084650045   0.0127640527  -0.0119128323   0.1333435557
        0.1203626397
        0.0018355735  -0.0002430260   0.0004711776  -0.0000242651  -0.0005604489
        0.0001083112  -0.0000237424   0.0001373431  -0.0001291425   0.0003992885
        0.0001636816  -0.0000966913   0.0002806608   0.0000187910   0.0000026781
       -0.0003481428  -0.0001296005   0.0000179840  -0.0000068376   0.0000029126
        0.0000043185   0.0000525703   0.0000968229  -0.0000074085  -0.0002536419
        0.0000947120   0.0000445882   0.0000394481   0.0000048933   0.0000057926
        0.0000003407   0.0000355561   0.0000243756  -0.0009469239   0.0007856454
       -0.0001810344  -0.0077691416  -0.0080344625   0.0024774584   0.0233023478
       -0.0983523389  -0.1966966360   0.0016624092  -0.0016184216  -0.0017487342
        0.0045629610  -0.0127646992  -0.0288343606  -0.0227629049   0.1203626397
        0.2245373232
