           1           2   1.37625735236395     
           2           3   1.44463363847205     
           3           4   1.37555663168143     
           2           5  0.101963315038198     
           4           5   1.36155707122817     
           1           6   1.35588152134987     
           3           6  0.109928416280759     
           5           6   1.46618860841963     
           5           7  0.965147207339895     
           6           8  0.967929537621113     
           4           9   1.06660535033433     
           9          10  0.842313014483124     
           3          11  0.968298323621358     
           2          12  0.965115368535330     
           1          13   1.04283466557299     
          13          14  0.974278457442296     
          14          15  0.977843874450069     
          14          16  0.976954945835236     
          14          17  0.976954509350964     
