           1           2   1.40604772564276     
           2           3   1.39753214131143     
           3           4   1.42204220258318     
           4           5   1.32450463636428     
           1           6   1.43854577599577     
           3           6  0.101651565778708     
           5           6   1.36773494222679     
           3           7  0.959040720656827     
           6           8  0.958925004114471     
           1           9  0.961165829389756     
           5          10   1.05302029812792     
           2          11  0.953355010787951     
           4          12  0.965081530975593     
          10          13  0.981993686582695     
          13          14   1.30605263427000     
          13          15   1.41802445134617     
          14          16   1.37277310466892     
          15          16  0.100261747542667     
          15          17   1.41947020675639     
          15          18  0.961477831539375     
          16          19   1.40745444636561     
          17          19   1.41247627554764     
          16          20  0.958288251317928     
          17          21  0.963273365898649     
          14          22   1.10279887495036     
          22          23  0.828696206241624     
          19          24  0.950234002377938     
