$hessian                                                                        
        0.3403246456   0.2304844959  -0.0886975833  -0.0014026588   0.0001838319
       -0.0002418706   0.0125280875  -0.0124887994   0.0058236137  -0.0314192893
       -0.0013316971  -0.0043644318  -0.0046477462   0.0004557037  -0.0027529782
       -0.0651644617  -0.0235220978   0.0013274044   0.0001448118   0.0001361510
        0.0024564431  -0.0005300162   0.0004123617   0.0001626892  -0.0005545498
       -0.0003047992  -0.0001658769   0.0005267869   0.0010599580   0.0000663790
       -0.0001904374  -0.0002244311  -0.0003377235  -0.2443091400  -0.1893897053
        0.0838400998   0.0015356171  -0.0001566485   0.0002445568   0.0001955016
       -0.0003205116  -0.0002695278   0.0001384237   0.0004396144  -0.0002290164
       -0.0060374758   0.0011059779  -0.0017758467   0.0002897740   0.0000808618
        0.0000461508   0.0001319674  -0.0000380061   0.0000357345  -0.0000623378
        0.0000663387  -0.0000018408  -0.0010786896  -0.0026919443  -0.0007986392
        0.0017274633  -0.0024354396   0.0033861437   0.0001464171  -0.0000038105
        0.0000344627  -0.0017504140  -0.0008514047   0.0024583950  -0.0005422793
       -0.0006659997  -0.0002467374
        0.2304844959   0.3473844681  -0.1496195788  -0.0006374062   0.0000201891
       -0.0001397993  -0.0353239306  -0.0735107874   0.0474320849   0.0332458508
        0.0021802965   0.0070281685  -0.0027591359   0.0009288535  -0.0027619669
       -0.0256238898  -0.0036415282   0.0099359870  -0.0001418532  -0.0000773535
        0.0014471196  -0.0003730883   0.0001771807   0.0000262723  -0.0002072378
       -0.0000811033  -0.0002748780   0.0003267519   0.0003985814  -0.0000044484
       -0.0001678243   0.0000001829  -0.0002374649  -0.1817811129  -0.2772877831
        0.0970196316   0.0006900389   0.0000038167   0.0001949228   0.0009413691
       -0.0002041750  -0.0004264590  -0.0002262320   0.0001287998   0.0004941897
        0.0001042631   0.0001675558   0.0002756712   0.0002724932  -0.0000019826
        0.0001059908  -0.0000981232   0.0000486211   0.0001610186  -0.0000577369
        0.0000030035   0.0000075940   0.0001446073   0.0014798810   0.0004923660
       -0.0199893021   0.0016408291  -0.0098910317   0.0000861592   0.0000667121
        0.0000488018   0.0013743910   0.0004399308  -0.0012054483  -0.0002835474
       -0.0002641891  -0.0001087435
       -0.0886975833  -0.1496195788   0.1005158923  -0.0000600542   0.0000089107
        0.0000247210   0.0186728758   0.0510360966  -0.0057477994  -0.0239510342
        0.0018837117   0.0010592119  -0.0019863819   0.0001696910   0.0004725687
        0.0037654081   0.0106410808   0.0142902076  -0.0001909998   0.0000101764
        0.0004999590   0.0000984979   0.0000079527   0.0000408633  -0.0000281380
       -0.0000784588   0.0000130134  -0.0000352972  -0.0000024703  -0.0000541270
        0.0000780311   0.0000156943   0.0000296132   0.0789906856   0.0945662500
       -0.1069976830   0.0000664186  -0.0000291931  -0.0000444095  -0.0002490496
       -0.0000603411  -0.0000912095  -0.0005775108   0.0000812425  -0.0001770709
        0.0028711771  -0.0001283187   0.0001726649  -0.0001213670  -0.0000178430
       -0.0000375778  -0.0000308646  -0.0000065325  -0.0000656086   0.0000020750
        0.0000059119  -0.0000221731  -0.0014419324  -0.0011724174  -0.0005244141
        0.0125622068  -0.0069908319  -0.0046350874  -0.0000117968   0.0000024049
       -0.0000161435   0.0002515989  -0.0003281136   0.0012813491   0.0000230352
        0.0000049757   0.0000132393
       -0.0014026588  -0.0006374062  -0.0000600542   0.4324185913   0.0790891851
        0.1128264891  -0.0010433376   0.0008241388  -0.0004685549  -0.0006116770
       -0.0004409225   0.0008195625  -0.0004137294   0.0006288157   0.0007871794
       -0.0025943594   0.0002737850  -0.0006987766   0.0004581553  -0.0000528675
        0.0002872752  -0.0013439122   0.0028221102  -0.0017064118   0.0019461859
       -0.0019096325  -0.0015184076  -0.0512070751   0.0037081492  -0.0119214815
       -0.0389239193  -0.0084867161  -0.0112000945   0.0033997209  -0.0005570332
        0.0010542156  -0.2693546429   0.0485332349  -0.0470486487  -0.0002465195
        0.0001016393  -0.0002945346  -0.0002599458  -0.0002153197  -0.0001974078
        0.0003828874  -0.0000819495  -0.0002436395  -0.0018507273   0.0001311850
       -0.0003609094  -0.0012193995   0.0001099003  -0.0002220739   0.0007471857
        0.0007163934   0.0008994743   0.0005762598   0.0004619264  -0.0003800257
        0.0003798373   0.0001460814  -0.0000827537  -0.0810166042  -0.1311741015
       -0.0438065555   0.0001709502   0.0001063497  -0.0002119864   0.0110087341
        0.0059030544   0.0037481202
        0.0001838319   0.0000201891   0.0000089107   0.0790891851   0.4297878947
        0.0994292786   0.0001605740  -0.0001752137   0.0000503956   0.0000818876
        0.0001026356  -0.0000524317   0.0000144029   0.0000478197   0.0002267004
        0.0002343535  -0.0000162449   0.0000501150  -0.0001156213   0.0017102409
        0.0003238926   0.0008028801  -0.0056310370  -0.0022045549  -0.0006815161
       -0.0055910266  -0.0024499040   0.0388894747  -0.0069025982   0.0068850290
       -0.0338781356   0.0039164792  -0.0080145436  -0.0004210142   0.0000792906
       -0.0001396142   0.0197149870  -0.0815335068  -0.0046415119  -0.0000061625
       -0.0000512963  -0.0000169997   0.0001019746  -0.0000022849   0.0000196433
       -0.0000834937  -0.0000136151   0.0000614658   0.0016069226  -0.0003427531
        0.0003405921  -0.0013241330  -0.0000555009  -0.0002891463   0.0006573332
        0.0014358723   0.0011302836  -0.0000716713  -0.0000230210   0.0000716629
       -0.0000790964   0.0000017036   0.0000083480  -0.1061879989  -0.3383872968
       -0.0916354497  -0.0000090101  -0.0000030472   0.0000447235   0.0013200457
        0.0016263167   0.0007931149
       -0.0002418706  -0.0001397993   0.0000247210   0.1128264891   0.0994292786
        0.0723891545  -0.0002112685   0.0001214428  -0.0000540642  -0.0000937035
       -0.0000890587   0.0002650330   0.0002194203   0.0003988248  -0.0009284420
       -0.0002859505  -0.0000009972  -0.0001588196   0.0000134163   0.0003095525
       -0.0000127246  -0.0016535424  -0.0017520926   0.0057233300  -0.0009852531
       -0.0026917750   0.0047820527  -0.0055118897  -0.0011755516   0.0027630624
       -0.0170185347  -0.0021367154  -0.0007136901   0.0006568710  -0.0000852050
        0.0001040368  -0.0523650975   0.0023263953  -0.0464696494  -0.0001776096
        0.0001101396  -0.0001076702  -0.0000940075  -0.0000763148  -0.0000641113
        0.0000630293  -0.0000042522  -0.0000572479  -0.0000846391   0.0000300998
       -0.0002723284  -0.0005533440  -0.0000043895  -0.0000672133   0.0011023601
        0.0010886444  -0.0026601329   0.0001040492   0.0000876364  -0.0001146682
        0.0000573838   0.0000359621  -0.0000166915  -0.0388255475  -0.0976497360
       -0.0344024907   0.0000276447   0.0000382095  -0.0000833396   0.0030315943
        0.0018297014   0.0001318934
        0.0125280875  -0.0353239306   0.0186728758  -0.0010433376   0.0001605740
       -0.0002112685   0.1057842957  -0.0996902687   0.0645255330  -0.0066639412
        0.0062882960  -0.0043461926  -0.0013453670   0.0012378900  -0.0017495599
       -0.0197331850   0.0340045324  -0.0218968791   0.0011498462  -0.0002923888
        0.0005073772  -0.0003179236   0.0001457941   0.0000241717  -0.0001544578
       -0.0001722033  -0.0000735910   0.0003352280   0.0006283754   0.0001095956
       -0.0001665533  -0.0001484136  -0.0001067878  -0.0901260722   0.0910830021
       -0.0536123693   0.0010331324  -0.0001336468   0.0001694806   0.0004838471
       -0.0002628891  -0.0008746227   0.0000488350   0.0003385477  -0.0000925789
        0.0005121559   0.0003973755   0.0006812357   0.0002120958   0.0001024091
        0.0000370922   0.0000905536  -0.0000022417   0.0000104191  -0.0000457611
        0.0000458482  -0.0000052894   0.0003643633   0.0006286743  -0.0011061309
       -0.0027785472   0.0003002687  -0.0007639316   0.0001166587   0.0000102045
        0.0000172724   0.0001273968   0.0010639261   0.0002563519  -0.0004113502
       -0.0004097354  -0.0001722037
       -0.0124887994  -0.0735107874   0.0510360966   0.0008241388  -0.0001752137
        0.0001214428  -0.0996902687   0.5145280617  -0.2854547965   0.0101358236
       -0.0034737193   0.0046717849  -0.0010272752   0.0004468502   0.0023319224
        0.0262208875  -0.0169985549   0.0188486203  -0.0006636241   0.0001852413
       -0.0010761998   0.0001339100  -0.0001930888  -0.0001023685   0.0002928290
        0.0001974556   0.0000566172  -0.0001223642  -0.0006165939   0.0000166340
        0.0000394584   0.0001895432   0.0001775304   0.0845885567  -0.4230616753
        0.2102752487  -0.0010164294   0.0002134461  -0.0000946077   0.0003519523
        0.0003190231  -0.0007072121  -0.0001706338  -0.0003065274  -0.0000787222
        0.0019585284  -0.0004573644   0.0016843131   0.0001936383   0.0000755372
        0.0000459303  -0.0001879008  -0.0000171897  -0.0000038550  -0.0000078776
       -0.0000629756   0.0000020690  -0.0004661814   0.0003489673   0.0010401521
       -0.0088695907   0.0028418101  -0.0021526930  -0.0000203720   0.0000684783
        0.0000071687  -0.0001795494  -0.0008778162  -0.0007599711   0.0001711436
        0.0003370923   0.0001148953
        0.0058236137   0.0474320849  -0.0057477994  -0.0004685549   0.0000503956
       -0.0000540642   0.0645255330  -0.2854547965   0.1924078800  -0.0069160546
        0.0036247791  -0.0017931934   0.0002369507  -0.0000345387  -0.0006973057
       -0.0180731801   0.0216588450   0.0000403955  -0.0002848618  -0.0000899744
        0.0013529370  -0.0000965770   0.0000687157   0.0001545314  -0.0001813362
       -0.0000959708  -0.0001026689   0.0001903967   0.0003652069  -0.0000642577
        0.0000086816  -0.0000846367  -0.0001505884  -0.0503464726   0.2130133194
       -0.1875376402   0.0005916366  -0.0000840974   0.0000211633  -0.0011048739
       -0.0007305548   0.0001451705  -0.0003738337   0.0007182639   0.0000143991
        0.0019115615  -0.0000272068   0.0000848377  -0.0000207863  -0.0000619976
       -0.0000861228   0.0000556223   0.0000365283   0.0000094581   0.0000025098
        0.0000338035  -0.0000071992   0.0001867717   0.0003284415  -0.0008925035
        0.0042787946  -0.0008584949   0.0022708639   0.0000239017   0.0000153402
        0.0000094466   0.0001599916   0.0003706619   0.0006727765  -0.0001294345
       -0.0001941171  -0.0000505162
       -0.0314192893   0.0332458508  -0.0239510342  -0.0006116770   0.0000818876
       -0.0000937035  -0.0066639412   0.0101358236  -0.0069160546   0.4933306249
       -0.0931696016   0.0267980523   0.0001505798  -0.0132534390   0.0104697315
       -0.0608900023  -0.0023901020   0.0020580978   0.0003325348  -0.0002991533
       -0.0001169725   0.0002328028   0.0003627850   0.0001560955  -0.0002384137
       -0.0004505278   0.0004422279   0.0000575369   0.0006145485   0.0001169717
        0.0003022887  -0.0003073779   0.0002281995  -0.0149952385   0.0075835307
       -0.0063688716   0.0006797056  -0.0002205231   0.0000085869  -0.0015947228
        0.0002860526   0.0028973957   0.0001348828   0.0001294233  -0.0008754433
        0.0008910558  -0.0089903594   0.0042555197   0.0000202515  -0.0000265934
       -0.0000837309  -0.0000684502  -0.0001757347  -0.0001986137   0.0000110837
        0.0000177348  -0.0000065652  -0.1252224081   0.1208743724   0.0761019945
       -0.1935472552  -0.0450797413  -0.0003965942   0.0000687064  -0.0000276836
       -0.0000109679  -0.0607348477  -0.0085745468  -0.0844058868  -0.0002258075
       -0.0003666252  -0.0001084348
       -0.0013316971   0.0021802965   0.0018837117  -0.0004409225   0.0001026356
       -0.0000890587   0.0062882960  -0.0034737193   0.0036247791  -0.0931696016
        0.4958031754   0.0601951170  -0.0028688253  -0.0047245078   0.0092999218
       -0.0049696458  -0.1574265824   0.0410560396   0.0020788055   0.0000298025
        0.0001141083  -0.0004651132  -0.0002965846  -0.0000382988   0.0005376977
        0.0000828536  -0.0005734849   0.0004852492  -0.0000067845   0.0001276654
       -0.0004856346  -0.0000343700  -0.0002503985   0.0068463318  -0.0128230018
        0.0098320765   0.0003427505   0.0002231273   0.0001695533  -0.0010836315
        0.0009051361   0.0015019118   0.0001545800   0.0010532509  -0.0011554808
        0.0011088318  -0.0292178624   0.0153249083   0.0002411505   0.0002111472
       -0.0000178990  -0.0000296223   0.0000415933   0.0001579602  -0.0000798888
        0.0000241459  -0.0000036558   0.1253913854  -0.1992445938  -0.1020011587
       -0.0295358886  -0.0487183748  -0.0037287571   0.0000752750  -0.0000033571
        0.0000355216  -0.0089286135  -0.0446811643  -0.0354372603  -0.0001612687
       -0.0000062617  -0.0000278222
       -0.0043644318   0.0070281685   0.0010592119   0.0008195625  -0.0000524317
        0.0002650330  -0.0043461926   0.0046717849  -0.0017931934   0.0267980523
        0.0601951170   0.6123905453   0.0023192907   0.0262387222  -0.0223185068
        0.0040861664   0.0453684798  -0.0980217023  -0.0018332607   0.0003513410
        0.0004335428   0.0000856821  -0.0001838692   0.0002344796  -0.0000219961
       -0.0000190688  -0.0002557622  -0.0001387879  -0.0004841606  -0.0001885974
        0.0000773804   0.0001937864  -0.0000052002  -0.0063195992   0.0084327769
       -0.0053607467  -0.0007397414   0.0001686004  -0.0002108113   0.0041197320
        0.0004841040  -0.0062553471  -0.0005450777   0.0012620503   0.0016017697
        0.0004996962  -0.0074712395   0.0049610058  -0.0000702373  -0.0000097798
       -0.0000716913   0.0000085342   0.0001475217  -0.0000317677   0.0000500956
       -0.0000210841  -0.0000184496   0.0789462328  -0.1013810805  -0.1075466582
       -0.0086095603  -0.0063401504  -0.0451011603  -0.0000923922  -0.0000395144
       -0.0000566564  -0.0910605597  -0.0389375744  -0.3338835789   0.0003314117
        0.0003975000   0.0001742417
       -0.0046477462  -0.0027591359  -0.0019863819  -0.0004137294   0.0000144029
        0.0002194203  -0.0013453670  -0.0010272752   0.0002369507   0.0001505798
       -0.0028688253   0.0023192907   0.4582682359   0.0061295739   0.0391380957
       -0.0854435242   0.0081864135   0.0562013784  -0.1955018837   0.0122999558
       -0.0296139391  -0.0247171925  -0.0063564407  -0.0074223251  -0.0201816940
        0.0085510455  -0.0041936775   0.0011742482  -0.0025488774  -0.0016648098
        0.0006092209   0.0024196053  -0.0005549506  -0.0178308549   0.0058786577
        0.0184455622  -0.0005047575   0.0003671792  -0.0003129303  -0.0461934256
        0.0317432162  -0.0250421256  -0.0665635355  -0.0599926847  -0.0422703138
        0.0047569419  -0.0004493229  -0.0048863633   0.0003679762   0.0009552429
        0.0011398629   0.0007937732  -0.0015501696   0.0005592171  -0.0006180010
       -0.0000027031  -0.0000787727  -0.0002485148   0.0007371827   0.0001889676
       -0.0010930559  -0.0003440229   0.0001933242   0.0000452406  -0.0000245258
        0.0000637988  -0.0001657237   0.0005407182  -0.0004384262  -0.0006972107
        0.0001007893  -0.0002408529
        0.0004557037   0.0009288535   0.0001696910   0.0006288157   0.0000478197
        0.0003988248   0.0012378900   0.0004468502  -0.0000345387  -0.0132534390
       -0.0047245078   0.0262387222   0.0061295739   0.5441550050   0.0055200286
        0.0070668477  -0.0620629181  -0.0196079369   0.0096233618  -0.0661607318
        0.0001560098  -0.0227728931   0.0001890085  -0.0049830589   0.0252701215
       -0.0047864115   0.0041428438  -0.0010708541  -0.0027526417  -0.0016790786
        0.0023508843  -0.0034014888  -0.0020432161   0.0017046558  -0.0007065352
       -0.0026416207  -0.0005699971  -0.0001977425  -0.0002577470   0.0341141430
       -0.2059364159   0.1029536637  -0.0597908611  -0.1903479143  -0.0949625704
        0.0103245859  -0.0025262952  -0.0190544193  -0.0009272596   0.0009376906
        0.0002213443   0.0013627806   0.0008259769   0.0011073841   0.0012583195
       -0.0001892853   0.0002868134  -0.0005556061   0.0016134606   0.0012467427
        0.0006361460  -0.0021431930   0.0015742400  -0.0000187696  -0.0000044328
        0.0000387685  -0.0013624842  -0.0026346100   0.0017890192  -0.0018416656
       -0.0005695412  -0.0005799096
       -0.0027529782  -0.0027619669   0.0004725687   0.0007871794   0.0002267004
       -0.0009284420  -0.0017495599   0.0023319224  -0.0006973057   0.0104697315
        0.0092999218  -0.0223185068   0.0391380957   0.0055200286   0.4583136840
        0.0530464521  -0.0157965028  -0.1461794911  -0.0399794181   0.0008680730
       -0.0631976312  -0.0097685231   0.0001359595  -0.0025872155  -0.0002633221
       -0.0005085917   0.0010373570  -0.0022702187  -0.0024233920   0.0051398590
       -0.0014754132  -0.0013309935   0.0057342678   0.0089806021  -0.0005122288
        0.0037796607  -0.0006469937  -0.0001400851   0.0003219093  -0.0248625475
        0.1035534701  -0.1081825374  -0.0408704537  -0.0961695461  -0.1060153583
        0.0099453124  -0.0050880160  -0.0196127467   0.0006828777   0.0008340360
       -0.0020100013   0.0011615509   0.0001931804  -0.0016730762   0.0000425637
       -0.0000314699   0.0000731538   0.0006451939  -0.0015167676   0.0012629186
       -0.0009999831   0.0011663091  -0.0014575070  -0.0000208966  -0.0000223881
       -0.0001387982   0.0013601405   0.0022317750  -0.0012838002  -0.0005993921
       -0.0000594279   0.0001470387
       -0.0651644617  -0.0256238898   0.0037654081  -0.0025943594   0.0002343535
       -0.0002859505  -0.0197331850   0.0262208875  -0.0180731801  -0.0608900023
       -0.0049696458   0.0040861664  -0.0854435242   0.0070668477   0.0530464521
        0.3929965999   0.0594663043  -0.0118117081  -0.0284931827   0.0035125921
        0.0243228263  -0.0001933792   0.0014741219   0.0009432564  -0.0013986787
       -0.0020165214   0.0000053155   0.0004179112   0.0016441399  -0.0012456232
       -0.0010159843   0.0002647026  -0.0020202660  -0.0663066658  -0.0030134832
       -0.0010473298   0.0028485759  -0.0001392674   0.0004605288   0.0017772269
       -0.0014292829  -0.0000483174   0.0037908091   0.0002996974  -0.0034476079
       -0.0648822247  -0.0602745917  -0.0490463755  -0.0001253459   0.0000026876
        0.0006115240  -0.0000218942   0.0000035117   0.0005303598  -0.0001923528
        0.0001310195  -0.0000865100   0.0021041648   0.0099202470  -0.0071729165
       -0.0077668375  -0.0177661705   0.0090201272   0.0002532611   0.0000614925
        0.0001143709   0.0006258196   0.0057070323  -0.0023302087  -0.0005922901
       -0.0007767850  -0.0002903418
       -0.0235220978  -0.0036415282   0.0106410808   0.0002737850  -0.0000162449
       -0.0000009972   0.0340045324  -0.0169985549   0.0216588450  -0.0023901020
       -0.1574265824   0.0453684798   0.0081864135  -0.0620629181  -0.0157965028
        0.0594663043   0.5115616669   0.0393337266   0.0030416185   0.0007829041
       -0.0032899489  -0.0006197330  -0.0002217405  -0.0005580177   0.0008274239
       -0.0001323456   0.0008948604  -0.0000508065  -0.0003250478   0.0001500063
        0.0001872436  -0.0002659165   0.0006572110   0.0084555894  -0.0570964927
       -0.0069215320  -0.0003025925   0.0000520584  -0.0000569348  -0.0106422426
       -0.0006530188   0.0209683795   0.0122006486  -0.0042410766  -0.0216233858
       -0.0688626000  -0.1753633590  -0.1074805073  -0.0004906147  -0.0002069813
       -0.0000727401   0.0001108785  -0.0000842604  -0.0003686239   0.0000761405
       -0.0000307557  -0.0000266925  -0.0002771471  -0.0206101784   0.0078688582
       -0.0206239914  -0.0140537854   0.0067738217  -0.0000286717  -0.0000244464
       -0.0000442208   0.0008348545   0.0009441630   0.0018747655   0.0001451665
        0.0001144411   0.0000500691
        0.0013274044   0.0099359870   0.0142902076  -0.0006987766   0.0000501150
       -0.0001588196  -0.0218968791   0.0188486203   0.0000403955   0.0020580978
        0.0410560396  -0.0980217023   0.0562013784  -0.0196079369  -0.1461794911
       -0.0118117081   0.0393337266   0.4480587360   0.0126994620  -0.0004847811
        0.0031907799  -0.0018904504  -0.0010724675  -0.0005802838  -0.0006539878
        0.0013405855  -0.0006792850   0.0007752066   0.0001292738   0.0003495002
       -0.0000567487  -0.0000527069  -0.0000957283  -0.0104500160  -0.0063951032
       -0.0653936526   0.0005353262   0.0001490931   0.0002152655   0.0074913510
        0.0024655789  -0.0169551207   0.0094091079  -0.0047581471  -0.0196010023
       -0.0529527335  -0.1002575745  -0.1150173341  -0.0000476575   0.0000532157
        0.0001482961  -0.0000210732  -0.0000181053   0.0000860454  -0.0000611891
        0.0000236870   0.0000385644  -0.0029739579  -0.0065948420   0.0068256364
        0.0107735166   0.0059854566   0.0014945290   0.0000670552   0.0000381180
        0.0000104928   0.0024653964   0.0201624651  -0.0119268778  -0.0002881246
       -0.0003302978  -0.0001391514
        0.0001448118  -0.0001418532  -0.0001909998   0.0004581553  -0.0001156213
        0.0000134163   0.0011498462  -0.0006636241  -0.0002848618   0.0003325348
        0.0020788055  -0.0018332607  -0.1955018837   0.0096233618  -0.0399794181
       -0.0284931827   0.0030416185   0.0126994620   0.5960120938  -0.0203283492
        0.0948205443  -0.1467557225  -0.1288946666  -0.0492576659  -0.1366884341
        0.1294280663   0.0063032139  -0.0376355107  -0.0193276254  -0.0117178638
       -0.0309205148   0.0273160193  -0.0018415473  -0.0034498179   0.0004842429
        0.0023319510   0.0036530910  -0.0025463800   0.0016065477  -0.0120440505
        0.0062042565  -0.0030426854  -0.0143758743  -0.0031085155  -0.0041235805
        0.0011681984   0.0001244309  -0.0006900174   0.0070697870   0.0095707713
        0.0026795160   0.0056212974  -0.0123387877  -0.0018196999  -0.0048204119
        0.0009072964  -0.0028015034   0.0009147382  -0.0012457802   0.0001347701
       -0.0006818595  -0.0001996700  -0.0000822607   0.0000534631   0.0001947061
        0.0000242249   0.0002842247  -0.0000371859   0.0001271264  -0.0054949791
       -0.0000255165  -0.0030754081
        0.0001361510  -0.0000773535   0.0000101764  -0.0000528675   0.0017102409
        0.0003095525  -0.0002923888   0.0001852413  -0.0000899744  -0.0002991533
        0.0000298025   0.0003513410   0.0122999558  -0.0661607318   0.0008680730
        0.0035125921   0.0007829041  -0.0004847811  -0.0203283492   0.6291371568
        0.0947365217  -0.0571276172  -0.2380118646  -0.0502341373   0.0569061876
       -0.2651909792  -0.0324672310  -0.0774850859   0.0364425811  -0.0106139506
        0.0823746961   0.0164488306   0.0228691490   0.0011204312   0.0001471175
       -0.0005339784  -0.0012789218  -0.0639191846  -0.0124268236   0.0245399714
       -0.0039259846   0.0061165250  -0.0229159220  -0.0004214970  -0.0062473027
        0.0008839300  -0.0002180387  -0.0001082186  -0.0114288967  -0.0232963968
       -0.0078345818   0.0083823957  -0.0241903612  -0.0025420361   0.0002821737
        0.0016437576  -0.0011038519  -0.0007201293  -0.0003352248   0.0003854194
       -0.0002353819   0.0000639497  -0.0000681480  -0.0000744277   0.0005508368
        0.0001921477  -0.0000415724   0.0000143570   0.0003797553   0.0018422289
       -0.0014091591  -0.0014636454
        0.0024564431   0.0014471196   0.0004999590   0.0002872752   0.0003238926
       -0.0000127246   0.0005073772  -0.0010761998   0.0013529370  -0.0001169725
        0.0001141083   0.0004335428  -0.0296139391   0.0001560098  -0.0631976312
        0.0243228263  -0.0032899489   0.0031907799   0.0948205443   0.0947365217
        0.1860895896  -0.0351063507  -0.0680479011  -0.0686572619  -0.0095650682
       -0.0139204214  -0.0533190747  -0.0235660610   0.0034549290  -0.0077769998
        0.0091895461   0.0093893282   0.0052904454  -0.0011390710   0.0003675771
       -0.0047455980   0.0013617434  -0.0124839819  -0.0061593479  -0.0162760902
        0.0026870571  -0.0025365079  -0.0151388364  -0.0003930788  -0.0030883315
        0.0003653496   0.0000184717   0.0008208882  -0.0007153436  -0.0023350449
        0.0001286765   0.0030362251  -0.0083416174  -0.0005449012  -0.0027998545
       -0.0010233822   0.0065201521   0.0001986042  -0.0000638934  -0.0000437260
        0.0000290474  -0.0001118265  -0.0000790728   0.0000238747   0.0001730316
       -0.0000532120   0.0001764349   0.0001360260  -0.0006422946  -0.0027377044
       -0.0019167765   0.0065297134
       -0.0005300162  -0.0003730883   0.0000984979  -0.0013439122   0.0008028801
       -0.0016535424  -0.0003179236   0.0001339100  -0.0000965770   0.0002328028
       -0.0004651132   0.0000856821  -0.0247171925  -0.0227728931  -0.0097685231
       -0.0001933792  -0.0006197330  -0.0018904504  -0.1467557225  -0.0571276172
       -0.0351063507   0.6432019748  -0.0348348926   0.1198682177   0.0518657449
       -0.0325967888   0.0060866226  -0.3236985010   0.0002437451  -0.0664288668
       -0.0454150473  -0.0222451180  -0.0148878433   0.0008360710   0.0000219419
        0.0002238649  -0.0276596285   0.0764646014   0.0094238738   0.0003383520
       -0.0017459518   0.0004221437  -0.0058025320  -0.0003477336  -0.0016467513
        0.0000030333  -0.0000966824  -0.0002861182  -0.0917186882   0.1037102791
        0.0055109663  -0.0002378098   0.0026566078  -0.0012199173  -0.0001068779
       -0.0008154124  -0.0001987172  -0.0004573250  -0.0000682416   0.0003105104
       -0.0000883157   0.0000356365  -0.0000189195  -0.0002108015  -0.0009763931
       -0.0002657172  -0.0000731851   0.0000127418  -0.0000191888  -0.0271511207
       -0.0089966846  -0.0085428960
        0.0004123617   0.0001771807   0.0000079527   0.0028221102  -0.0056310370
       -0.0017520926   0.0001457941  -0.0001930888   0.0000687157   0.0003627850
       -0.0002965846  -0.0001838692  -0.0063564407   0.0001890085   0.0001359595
        0.0014741219  -0.0002217405  -0.0010724675  -0.1288946666  -0.2380118646
       -0.0680479011  -0.0348348926   0.6533497887   0.0971979519   0.0194473480
       -0.0628905261  -0.0084273334   0.0769861742  -0.0918591253   0.0080584796
       -0.0245010825  -0.0083126484  -0.0070844991  -0.0006334637   0.0001573371
       -0.0001831690   0.0240446635   0.0185611960   0.0100959833   0.0012678150
        0.0004716032   0.0003738199   0.0007109610   0.0002582121  -0.0000213946
        0.0003484176   0.0004490477  -0.0003478173   0.1023179946  -0.2564851429
       -0.0174351948   0.0027009902  -0.0045705413  -0.0016816633  -0.0005386902
        0.0004489581   0.0000000994  -0.0003367144  -0.0004211919   0.0001331755
       -0.0002085841  -0.0000387614   0.0000018634  -0.0002236131  -0.0000717177
       -0.0000449593  -0.0001928934  -0.0000393116   0.0000708792  -0.0363204959
       -0.0050190502  -0.0098625188
        0.0001626892   0.0000262723   0.0000408633  -0.0017064118  -0.0022045549
        0.0057233300   0.0000241717  -0.0001023685   0.0001545314   0.0001560955
       -0.0000382988   0.0002344796  -0.0074223251  -0.0049830589  -0.0025872155
        0.0009432564  -0.0005580177  -0.0005802838  -0.0492576659  -0.0502341373
       -0.0686572619   0.1198682177   0.0971979519   0.1564006699   0.0166833780
       -0.0209786999   0.0015399021  -0.0515126938  -0.0103689461  -0.0549869103
       -0.0157274694  -0.0068463971  -0.0069670812  -0.0001323619   0.0002072239
       -0.0001031417  -0.0006196744   0.0227295820   0.0009241174   0.0003180864
       -0.0006209684   0.0005762241  -0.0020617976  -0.0004434236   0.0002629897
       -0.0000214059   0.0001809023   0.0001291746   0.0053288426  -0.0177139880
       -0.0353641135  -0.0012668322  -0.0017600175   0.0061929169  -0.0000903856
       -0.0000597579  -0.0002264349  -0.0000471746  -0.0001698768  -0.0001319897
       -0.0000120675  -0.0000352273  -0.0000121586  -0.0000300330  -0.0001822618
       -0.0002391537   0.0000021403  -0.0000452213   0.0000624803  -0.0135785793
       -0.0029967107  -0.0023859346
       -0.0005545498  -0.0002072378  -0.0000281380   0.0019461859  -0.0006815161
       -0.0009852531  -0.0001544578   0.0002928290  -0.0001813362  -0.0002384137
        0.0005376977  -0.0000219961  -0.0201816940   0.0252701215  -0.0002633221
       -0.0013986787   0.0008274239  -0.0006539878  -0.1366884341   0.0569061876
       -0.0095650682   0.0518657449   0.0194473480   0.0166833780   0.6349346141
       -0.0152724405   0.1242010566  -0.0418479897   0.0319964935  -0.0027452143
       -0.3254628031   0.0585814683  -0.0549479209   0.0005633849  -0.0002567057
        0.0008363052  -0.0364087656  -0.0734032992  -0.0233712730  -0.0037675927
        0.0010101487  -0.0007977098   0.0006257091   0.0018763743   0.0009173017
       -0.0001215711   0.0000268095   0.0001532586  -0.0008233910  -0.0025376218
       -0.0022971081  -0.1055132465  -0.1048585648  -0.0420012500  -0.0145059923
        0.0032908883  -0.0026750478   0.0003942518  -0.0001010300  -0.0002565862
        0.0000747514   0.0000880913  -0.0000968166  -0.0010943647   0.0003086445
       -0.0004342392   0.0000363156  -0.0000061890  -0.0003772027  -0.0016790131
       -0.0031359212  -0.0010918300
       -0.0003047992  -0.0000811033  -0.0000784588  -0.0019096325  -0.0055910266
       -0.0026917750  -0.0001722033   0.0001974556  -0.0000959708  -0.0004505278
        0.0000828536  -0.0000190688   0.0085510455  -0.0047864115  -0.0005085917
       -0.0020165214  -0.0001323456   0.0013405855   0.1294280663  -0.2651909792
       -0.0139204214  -0.0325967888  -0.0628905261  -0.0209786999  -0.0152724405
        0.6357343891   0.1091616983   0.0307666954  -0.0208681166   0.0039559766
       -0.0126460117  -0.0930632877  -0.0137140951   0.0005511538  -0.0001340631
        0.0002097329  -0.0206882840   0.0364688514   0.0031900416  -0.0000101135
        0.0001226202  -0.0000100310  -0.0019623800   0.0009210533  -0.0001889811
        0.0000954272  -0.0002173813  -0.0002797917  -0.0024896060  -0.0033820318
       -0.0027455367  -0.1037224856  -0.2155763599  -0.0681230758   0.0249266726
       -0.0035288655   0.0051569289   0.0001172212   0.0001722651   0.0003648942
        0.0002296548  -0.0000383138   0.0000217704  -0.0012760841  -0.0003560599
       -0.0006403396   0.0001589125   0.0000620680   0.0000279294   0.0006930293
        0.0020753156   0.0005652796
       -0.0001658769  -0.0002748780   0.0000130134  -0.0015184076  -0.0024499040
        0.0047820527  -0.0000735910   0.0000566172  -0.0001026689   0.0004422279
       -0.0005734849  -0.0002557622  -0.0041936775   0.0041428438   0.0010373570
        0.0000053155   0.0008948604  -0.0006792850   0.0063032139  -0.0324672310
       -0.0533190747   0.0060866226  -0.0084273334   0.0015399021   0.1242010566
        0.1091616983   0.1664602161  -0.0031158418   0.0040813351  -0.0036491941
       -0.0702645515   0.0031929191  -0.0585181091   0.0004788256   0.0000856903
        0.0001347789  -0.0121525132  -0.0093512124  -0.0071075349  -0.0019296974
        0.0006486395  -0.0003967058  -0.0000375509   0.0007554079   0.0000645747
       -0.0000020549  -0.0000656953   0.0000231143  -0.0024257495  -0.0027130095
        0.0059905204  -0.0412354485  -0.0671889406  -0.0593145402   0.0017499919
        0.0001225238   0.0003758173  -0.0008768272   0.0003750709   0.0003477060
       -0.0002029886   0.0000433374  -0.0001325815  -0.0008659928  -0.0002289976
        0.0011116272  -0.0001565694   0.0001577096   0.0016741480  -0.0000499154
        0.0000220334  -0.0000793717
        0.0005267869   0.0003267519  -0.0000352972  -0.0512070751   0.0388894747
       -0.0055118897   0.0003352280  -0.0001223642   0.0001903967   0.0000575369
        0.0004852492  -0.0001387879   0.0011742482  -0.0010708541  -0.0022702187
        0.0004179112  -0.0000508065   0.0007752066  -0.0376355107  -0.0774850859
       -0.0235660610  -0.3236985010   0.0769861742  -0.0515126938  -0.0418479897
        0.0307666954  -0.0031158418   0.6330387137  -0.0690260766   0.1113485645
        0.0500673957   0.0169995492   0.0158544284  -0.0010200137   0.0000620524
       -0.0001997267  -0.1190373611   0.0528954664  -0.0063236862  -0.0001672560
        0.0003056287  -0.0000827450  -0.0003371263   0.0003487690   0.0001751157
       -0.0002764429   0.0001285040   0.0003064708  -0.0157206553   0.0041933778
       -0.0031599902  -0.0001690942   0.0010503165   0.0000028298  -0.0008129309
       -0.0021518818  -0.0024539409   0.0001411167  -0.0000117466  -0.0002087250
        0.0000090403  -0.0000339328  -0.0000373306  -0.0000264364   0.0029388999
        0.0007497500  -0.0001136646  -0.0001124435   0.0000399623  -0.0936979196
       -0.0763117174  -0.0308257900
        0.0010599580   0.0003985814  -0.0000024703   0.0037081492  -0.0069025982
       -0.0011755516   0.0006283754  -0.0006165939   0.0003652069   0.0006145485
       -0.0000067845  -0.0004841606  -0.0025488774  -0.0027526417  -0.0024233920
        0.0016441399  -0.0003250478   0.0001292738  -0.0193276254   0.0364425811
        0.0034549290   0.0002437451  -0.0918591253  -0.0103689461   0.0319964935
       -0.0208681166   0.0040813351  -0.0690260766   0.5527320217   0.0727330648
       -0.0386811243  -0.0584977985  -0.0204230921  -0.0022807387   0.0004510043
       -0.0006584056   0.1436696050  -0.2375423568  -0.0041259580   0.0000700790
       -0.0003484777   0.0001748595  -0.0007648545   0.0001067060  -0.0002624410
       -0.0002423982   0.0000044229   0.0002000049   0.0285705734  -0.0054811012
        0.0052524613   0.0007771046   0.0004678328   0.0001107455  -0.0011694049
       -0.0016510777  -0.0021421232  -0.0006427879  -0.0003686872   0.0003475809
       -0.0003347352  -0.0000659980   0.0000445626  -0.0016344073   0.0007329027
       -0.0003236220  -0.0001909759  -0.0000079258   0.0002131714  -0.0761387651
       -0.1640417223  -0.0447170334
        0.0000663790  -0.0000044484  -0.0000541270  -0.0119214815   0.0068850290
        0.0027630624   0.0001095956   0.0000166340  -0.0000642577   0.0001169717
        0.0001276654  -0.0001885974  -0.0016648098  -0.0016790786   0.0051398590
       -0.0012456232   0.0001500063   0.0003495002  -0.0117178638  -0.0106139506
       -0.0077769998  -0.0664288668   0.0080584796  -0.0549869103  -0.0027452143
        0.0039559766  -0.0036491941   0.1113485645   0.0727330648   0.1439091061
        0.0046328978  -0.0071645355  -0.0027940837  -0.0003201136   0.0000577563
        0.0002683098   0.0112660990  -0.0248513756  -0.0496653935   0.0005689461
       -0.0003310020   0.0001771048   0.0002422836   0.0000073874   0.0002163989
       -0.0000710322  -0.0000037485  -0.0000008490   0.0014279861  -0.0004882238
        0.0022238578  -0.0001120340   0.0001378256   0.0008996083  -0.0022676313
       -0.0024377332   0.0067201742  -0.0000817485  -0.0000966728   0.0000073703
       -0.0000423931  -0.0000141681   0.0000119499  -0.0002674540   0.0007936131
        0.0006403255  -0.0000453339   0.0000000591   0.0000315389  -0.0308481235
       -0.0452385601  -0.0441777537
       -0.0001904374  -0.0001678243   0.0000780311  -0.0389239193  -0.0338781356
       -0.0170185347  -0.0001665533   0.0000394584   0.0000086816   0.0003022887
       -0.0004856346   0.0000773804   0.0006092209   0.0023508843  -0.0014754132
       -0.0010159843   0.0001872436  -0.0000567487  -0.0309205148   0.0823746961
        0.0091895461  -0.0454150473  -0.0245010825  -0.0157274694  -0.3254628031
       -0.0126460117  -0.0702645515   0.0500673957  -0.0386811243   0.0046328978
        0.6541024990  -0.0434599445   0.1197947968   0.0004301284   0.0000826524
        0.0000917798  -0.1403119333  -0.0484952977  -0.0310842994  -0.0012932011
        0.0001623276   0.0000829100   0.0001363819  -0.0000664460   0.0000637136
        0.0000475491  -0.0000744067  -0.0002618374  -0.0001738107  -0.0006343719
       -0.0000694180  -0.0179636804  -0.0010593266  -0.0040325593  -0.1008782454
        0.1098981059   0.0066792914  -0.0005343122  -0.0000824584   0.0000539303
        0.0000067434   0.0000541884  -0.0000255805  -0.0042719419   0.0001757176
       -0.0013676336  -0.0000669995   0.0000825760  -0.0000101788   0.0018871768
        0.0088242145   0.0006412658
       -0.0002244311   0.0000001829   0.0000156943  -0.0084867161   0.0039164792
       -0.0021367154  -0.0001484136   0.0001895432  -0.0000846367  -0.0003073779
       -0.0000343700   0.0001937864   0.0024196053  -0.0034014888  -0.0013309935
        0.0002647026  -0.0002659165  -0.0000527069   0.0273160193   0.0164488306
        0.0093893282  -0.0222451180  -0.0083126484  -0.0068463971   0.0585814683
       -0.0930632877   0.0031929191   0.0169995492  -0.0584977985  -0.0071645355
       -0.0434599445   0.6362756209   0.0987953328   0.0004746321  -0.0001564784
        0.0000052439  -0.1234778629  -0.2401595951  -0.0680957181   0.0005140454
       -0.0000797807   0.0001995390  -0.0002119794  -0.0001833365  -0.0001060726
        0.0000343802  -0.0000271176   0.0000149315  -0.0003849569   0.0004962819
        0.0000511769  -0.0232867432   0.0003875176  -0.0052138391   0.1109680262
       -0.2500707530  -0.0192213601   0.0002516895   0.0000036053  -0.0002343580
        0.0001746505  -0.0000175999   0.0000266334   0.0010686187   0.0003851000
        0.0000334163   0.0000865789   0.0000107498  -0.0000828235   0.0030795772
       -0.0038437405  -0.0013478453
       -0.0003377235  -0.0002374649   0.0000296132  -0.0112000945  -0.0080145436
       -0.0007136901  -0.0001067878   0.0001775304  -0.0001505884   0.0002281995
       -0.0002503985  -0.0000052002  -0.0005549506  -0.0020432161   0.0057342678
       -0.0020202660   0.0006572110  -0.0000957283  -0.0018415473   0.0228691490
        0.0052904454  -0.0148878433  -0.0070844991  -0.0069670812  -0.0549479209
       -0.0137140951  -0.0585181091   0.0158544284  -0.0204230921  -0.0027940837
        0.1197947968   0.0987953328   0.1581721441   0.0004779289  -0.0000580646
        0.0004699914  -0.0473419543  -0.0507903451  -0.0704346330   0.0009900939
       -0.0002823243   0.0002696368   0.0001173402   0.0000513156   0.0000441501
        0.0000059235  -0.0000195567  -0.0000691255  -0.0000503388  -0.0000003816
       -0.0002586270  -0.0092133644  -0.0001236476  -0.0021057212   0.0070525660
       -0.0193248937  -0.0352225807  -0.0002734982   0.0000311412  -0.0000262329
        0.0000020019   0.0000278725  -0.0000413807  -0.0011283823  -0.0001873872
        0.0010841062  -0.0000636634   0.0000459579  -0.0000774299  -0.0005549437
       -0.0001016003   0.0063858569
       -0.2443091400  -0.1817811129   0.0789906856   0.0033997209  -0.0004210142
        0.0006568710  -0.0901260722   0.0845885567  -0.0503464726  -0.0149952385
        0.0068463318  -0.0063195992  -0.0178308549   0.0017046558   0.0089806021
       -0.0663066658   0.0084555894  -0.0104500160  -0.0034498179   0.0011204312
       -0.0011390710   0.0008360710  -0.0006334637  -0.0001323619   0.0005633849
        0.0005511538   0.0004788256  -0.0010200137  -0.0022807387  -0.0003201136
        0.0004301284   0.0004746321   0.0004779289   0.4305856276   0.0882173807
       -0.0221173780  -0.0035314048   0.0005399146  -0.0005851820  -0.0001517348
       -0.0000055072   0.0007358706   0.0008175742  -0.0003072338  -0.0003099380
       -0.0098140305  -0.0028276648  -0.0034856412  -0.0005254220  -0.0001071249
       -0.0000449415  -0.0002986297  -0.0000593062  -0.0001380368   0.0001588339
       -0.0001654932  -0.0000224190  -0.0022288483   0.0010579506   0.0002914764
        0.0184578902  -0.0064810214   0.0061775590  -0.0003475320  -0.0000646654
       -0.0000948398  -0.0016253476   0.0000419807  -0.0018602806   0.0013115217
        0.0015357689   0.0005764720
       -0.1893897053  -0.2772877831   0.0945662500  -0.0005570332   0.0000792906
       -0.0000852050   0.0910830021  -0.4230616753   0.2130133194   0.0075835307
       -0.0128230018   0.0084327769   0.0058786577  -0.0007065352  -0.0005122288
       -0.0030134832  -0.0570964927  -0.0063951032   0.0004842429   0.0001471175
        0.0003675771   0.0000219419   0.0001573371   0.0002072239  -0.0002567057
       -0.0001340631   0.0000856903   0.0000620524   0.0004510043   0.0000577563
        0.0000826524  -0.0001564784  -0.0000580646   0.0882173807   0.7881068102
       -0.3189975079   0.0006229460  -0.0001789005   0.0000108702  -0.0023752331
       -0.0002980060   0.0015980462   0.0005564313  -0.0000105715  -0.0006611639
       -0.0185545267   0.0034990308  -0.0072785455  -0.0003011274  -0.0000132186
       -0.0001589545   0.0002214750  -0.0000693632  -0.0000782517   0.0000015187
        0.0000491482  -0.0000009370   0.0016263231  -0.0037423682   0.0017327475
        0.0169715444  -0.0141156646   0.0118552105   0.0000419362   0.0000009494
       -0.0000130508   0.0011626773  -0.0024723933   0.0024082301  -0.0001704982
       -0.0003241726  -0.0000966855
        0.0838400998   0.0970196316  -0.1069976830   0.0010542156  -0.0001396142
        0.0001040368  -0.0536123693   0.2102752487  -0.1875376402  -0.0063688716
        0.0098320765  -0.0053607467   0.0184455622  -0.0026416207   0.0037796607
       -0.0010473298  -0.0069215320  -0.0653936526   0.0023319510  -0.0005339784
       -0.0047455980   0.0002238649  -0.0001831690  -0.0001031417   0.0008363052
        0.0002097329   0.0001347789  -0.0001997267  -0.0006584056   0.0002683098
        0.0000917798   0.0000052439   0.0004699914  -0.0221173780  -0.3189975079
        0.3732022776  -0.0011922349   0.0001948263  -0.0001040944   0.0018948437
        0.0008189124  -0.0000842966   0.0010062153  -0.0009642105   0.0001779939
       -0.0160329988   0.0000819594  -0.0023727538   0.0001229246   0.0000800746
       -0.0000771351  -0.0000585615  -0.0000040265  -0.0000534470   0.0000689992
       -0.0000678033   0.0000391936  -0.0007772732   0.0014589658  -0.0005054491
       -0.0073612353   0.0085735145  -0.0033330884  -0.0001147266   0.0000143700
        0.0000096890  -0.0012903057   0.0021917939  -0.0016136996   0.0002562501
        0.0003555176   0.0000964946
        0.0015356171   0.0006900389   0.0000664186  -0.2693546429   0.0197149870
       -0.0523650975   0.0010331324  -0.0010164294   0.0005916366   0.0006797056
        0.0003427505  -0.0007397414  -0.0005047575  -0.0005699971  -0.0006469937
        0.0028485759  -0.0003025925   0.0005353262   0.0036530910  -0.0012789218
        0.0013617434  -0.0276596285   0.0240446635  -0.0006196744  -0.0364087656
       -0.0206882840  -0.0121525132  -0.1190373611   0.1436696050   0.0112660990
       -0.1403119333  -0.1234778629  -0.0473419543  -0.0035314048   0.0006229460
       -0.0011922349   0.6188307657  -0.0157704149   0.1159544763   0.0005501642
       -0.0003053701   0.0005161499   0.0005332268   0.0002823932   0.0003602842
       -0.0003062106   0.0000552109   0.0000599132  -0.0035721962   0.0005111520
       -0.0025121783  -0.0040724726   0.0007684520  -0.0027014621   0.0076603893
        0.0113443228   0.0039976984  -0.0006784455  -0.0003560650   0.0002766935
       -0.0004344040  -0.0000897536   0.0000266179  -0.0253682952  -0.0072787726
       -0.0072932942  -0.0002676761  -0.0000575098   0.0001942639  -0.0058164741
       -0.0308545483  -0.0076421774
       -0.0001566485   0.0000038167  -0.0000291931   0.0485332349  -0.0815335068
        0.0023263953  -0.0001336468   0.0002134461  -0.0000840974  -0.0002205231
        0.0002231273   0.0001686004   0.0003671792  -0.0001977425  -0.0001400851
       -0.0001392674   0.0000520584   0.0001490931  -0.0025463800  -0.0639191846
       -0.0124839819   0.0764646014   0.0185611960   0.0227295820  -0.0734032992
        0.0364688514  -0.0093512124   0.0528954664  -0.2375423568  -0.0248513756
       -0.0484952977  -0.2401595951  -0.0507903451   0.0005399146  -0.0001789005
        0.0001948263  -0.0157704149   0.6319266989   0.0985749203   0.0002113937
        0.0003207131  -0.0001712497  -0.0000759112   0.0000861556   0.0000434706
        0.0000391916   0.0000696874   0.0001778212  -0.0005731802   0.0014521768
       -0.0013491856   0.0012695359   0.0013521909  -0.0011589989  -0.0129488096
       -0.0263816981  -0.0087586848   0.0003967839   0.0001188242  -0.0003553114
        0.0001336268   0.0000322784  -0.0000613359  -0.0297034351   0.0063092956
       -0.0055342059   0.0000368586   0.0000123353  -0.0000660852   0.0032790267
       -0.0472898679  -0.0091793612
        0.0002445568   0.0001949228  -0.0000444095  -0.0470486487  -0.0046415119
       -0.0464696494   0.0001694806  -0.0000946077   0.0000211633   0.0000085869
        0.0001695533  -0.0002108113  -0.0003129303  -0.0002577470   0.0003219093
        0.0004605288  -0.0000569348   0.0002152655   0.0016065477  -0.0124268236
       -0.0061593479   0.0094238738   0.0100959833   0.0009241174  -0.0233712730
        0.0031900416  -0.0071075349  -0.0063236862  -0.0041259580  -0.0496653935
       -0.0310842994  -0.0680957181  -0.0704346330  -0.0005851820   0.0000108702
       -0.0001040944   0.1159544763   0.0985749203   0.1699288393   0.0001764855
       -0.0001152307   0.0000631722   0.0001093222   0.0001058521   0.0001138204
       -0.0000205607   0.0000342084   0.0000250046  -0.0026974908  -0.0010383421
        0.0067003488  -0.0026626823  -0.0013383997   0.0071721589  -0.0013595151
       -0.0031697684   0.0009811977   0.0000353568  -0.0000982161   0.0000206969
        0.0000258012  -0.0000299007   0.0000414595  -0.0116315045  -0.0001743599
       -0.0047217432   0.0000249787  -0.0000132849  -0.0000009867  -0.0011422224
       -0.0166995485  -0.0016105501
        0.0001955016   0.0009413691  -0.0002490496  -0.0002465195  -0.0000061625
       -0.0001776096   0.0004838471   0.0003519523  -0.0011048739  -0.0015947228
       -0.0010836315   0.0041197320  -0.0461934256   0.0341141430  -0.0248625475
        0.0017772269  -0.0106422426   0.0074913510  -0.0120440505   0.0245399714
       -0.0162760902   0.0003383520   0.0012678150   0.0003180864  -0.0037675927
       -0.0000101135  -0.0019296974  -0.0001672560   0.0000700790   0.0005689461
       -0.0012932011   0.0005140454   0.0009900939  -0.0001517348  -0.0023752331
        0.0018948437   0.0005501642   0.0002113937   0.0001764855   0.0594797038
       -0.0381311789   0.0247719878   0.0025177872  -0.0084914160   0.0045135253
        0.0002817238  -0.0000721669  -0.0001476164  -0.0001161513  -0.0004432886
       -0.0005505668  -0.0000380885  -0.0001722819  -0.0002924992  -0.0002879328
       -0.0000042426   0.0000123767  -0.0001143702   0.0002766133   0.0000056290
        0.0004064039  -0.0003324019   0.0002872431   0.0000347352   0.0000043702
       -0.0000322995  -0.0002098993  -0.0005226830   0.0003925690   0.0001594995
       -0.0000047095   0.0000799808
       -0.0003205116  -0.0002041750  -0.0000603411   0.0001016393  -0.0000512963
        0.0001101396  -0.0002628891   0.0003190231  -0.0007305548   0.0002860526
        0.0009051361   0.0004841040   0.0317432162  -0.2059364159   0.1035534701
       -0.0014292829  -0.0006530188   0.0024655789   0.0062042565  -0.0039259846
        0.0026870571  -0.0017459518   0.0004716032  -0.0006209684   0.0010101487
        0.0001226202   0.0006486395   0.0003056287  -0.0003484777  -0.0003310020
        0.0001623276  -0.0000797807  -0.0002823243  -0.0000055072  -0.0002980060
        0.0008189124  -0.0003053701   0.0003207131  -0.0001152307  -0.0381311789
        0.2348777921  -0.1208668362   0.0024880725  -0.0265419171   0.0122560731
        0.0000131956   0.0003632250  -0.0002179155  -0.0002015377   0.0000750855
        0.0001132111  -0.0001185516   0.0002125737   0.0001322611   0.0000340546
        0.0000081836   0.0000084281  -0.0000673784   0.0002580265  -0.0000997013
        0.0003811975   0.0000423803   0.0000067770  -0.0000167727   0.0000261982
        0.0000218921  -0.0001143060  -0.0000412155  -0.0000294798  -0.0000105520
        0.0000777268   0.0000478099
       -0.0002695278  -0.0004264590  -0.0000912095  -0.0002945346  -0.0000169997
       -0.0001076702  -0.0008746227  -0.0007072121   0.0001451705   0.0028973957
        0.0015019118  -0.0062553471  -0.0250421256   0.1029536637  -0.1081825374
       -0.0000483174   0.0209683795  -0.0169551207  -0.0030426854   0.0061165250
       -0.0025365079   0.0004221437   0.0003738199   0.0005762241  -0.0007977098
       -0.0000100310  -0.0003967058  -0.0000827450   0.0001748595   0.0001771048
        0.0000829100   0.0001995390   0.0002696368   0.0007358706   0.0015980462
       -0.0000842966   0.0005161499  -0.0001712497   0.0000631722   0.0247719878
       -0.1208668362   0.1265171406   0.0016763911  -0.0122982904   0.0083042310
       -0.0003242975   0.0001836323  -0.0001841529  -0.0004400304  -0.0004445872
       -0.0002510087  -0.0000298723  -0.0000219095  -0.0000281696  -0.0000388196
       -0.0000111430  -0.0000037729   0.0001155181  -0.0004274447  -0.0003202944
       -0.0002920767   0.0005063584  -0.0003639746   0.0000286299   0.0000315107
        0.0000283291   0.0003261497   0.0009282969  -0.0002705813   0.0000042184
       -0.0001343804  -0.0000496596
        0.0001384237  -0.0002262320  -0.0005775108  -0.0002599458   0.0001019746
       -0.0000940075   0.0000488350  -0.0001706338  -0.0003738337   0.0001348828
        0.0001545800  -0.0005450777  -0.0665635355  -0.0597908611  -0.0408704537
        0.0037908091   0.0122006486   0.0094091079  -0.0143758743  -0.0229159220
       -0.0151388364  -0.0058025320   0.0007109610  -0.0020617976   0.0006257091
       -0.0019623800  -0.0000375509  -0.0003371263  -0.0007648545   0.0002422836
        0.0001363819  -0.0002119794   0.0001173402   0.0008175742   0.0005564313
        0.0010062153   0.0005332268  -0.0000759112   0.0001093222   0.0025177872
        0.0024880725   0.0016763911   0.0800587737   0.0684769789   0.0445860354
       -0.0010610828   0.0001785274   0.0030631010   0.0000269112   0.0003967774
       -0.0000617463  -0.0004475111   0.0011183862  -0.0000794474   0.0001060559
        0.0000010036   0.0000338088   0.0004622736  -0.0000264439  -0.0005328561
        0.0001501954   0.0000643887   0.0003289608   0.0000691710   0.0000204936
        0.0000098913   0.0000157561   0.0000419802  -0.0000470709  -0.0007851589
       -0.0003659862  -0.0001622685
        0.0004396144   0.0001287998   0.0000812425  -0.0002153197  -0.0000022849
       -0.0000763148   0.0003385477  -0.0003065274   0.0007182639   0.0001294233
        0.0010532509   0.0012620503  -0.0599926847  -0.1903479143  -0.0961695461
        0.0002996974  -0.0042410766  -0.0047581471  -0.0031085155  -0.0004214970
       -0.0003930788  -0.0003477336   0.0002582121  -0.0004434236   0.0018763743
        0.0009210533   0.0007554079   0.0003487690   0.0001067060   0.0000073874
       -0.0000664460  -0.0001833365   0.0000513156  -0.0003072338  -0.0000105715
       -0.0009642105   0.0002823932   0.0000861556   0.0001058521  -0.0084914160
       -0.0265419171  -0.0122982904   0.0684769789   0.2185037107   0.1125288087
        0.0005268146   0.0005556325  -0.0008391254   0.0001350236   0.0002431297
        0.0000953851   0.0002854957  -0.0000136378  -0.0000077325   0.0000333989
        0.0000034884   0.0000046905  -0.0000465857   0.0002238132   0.0001292763
       -0.0004298425   0.0001630012  -0.0001166798   0.0000589873   0.0000378926
        0.0000041175  -0.0000051830  -0.0000519895   0.0003673785  -0.0002205576
       -0.0001640935  -0.0000446271
       -0.0002290164   0.0004941897  -0.0001770709  -0.0001974078   0.0000196433
       -0.0000641113  -0.0000925789  -0.0000787222   0.0000143991  -0.0008754433
       -0.0011554808   0.0016017697  -0.0422703138  -0.0949625704  -0.1060153583
       -0.0034476079  -0.0216233858  -0.0196010023  -0.0041235805  -0.0062473027
       -0.0030883315  -0.0016467513  -0.0000213946   0.0002629897   0.0009173017
       -0.0001889811   0.0000645747   0.0001751157  -0.0002624410   0.0002163989
        0.0000637136  -0.0001060726   0.0000441501  -0.0003099380  -0.0006611639
        0.0001779939   0.0003602842   0.0000434706   0.0001138204   0.0045135253
        0.0122560731   0.0083042310   0.0445860354   0.1125288087   0.1239206780
        0.0028522535  -0.0009991270  -0.0048490561   0.0000125913   0.0000211884
       -0.0000625449  -0.0002454740   0.0004154826   0.0000652232   0.0000615135
       -0.0000035912  -0.0000007723  -0.0004168019   0.0009442040  -0.0008387292
        0.0004213259  -0.0002935443  -0.0002498063   0.0000249493   0.0000182159
        0.0000197268   0.0000554913  -0.0000373313   0.0002704921  -0.0001891869
       -0.0001001673  -0.0001296646
       -0.0060374758   0.0001042631   0.0028711771   0.0003828874  -0.0000834937
        0.0000630293   0.0005121559   0.0019585284   0.0019115615   0.0008910558
        0.0011088318   0.0004996962   0.0047569419   0.0103245859   0.0099453124
       -0.0648822247  -0.0688626000  -0.0529527335   0.0011681984   0.0008839300
        0.0003653496   0.0000030333   0.0003484176  -0.0000214059  -0.0001215711
        0.0000954272  -0.0000020549  -0.0002764429  -0.0002423982  -0.0000710322
        0.0000475491   0.0000343802   0.0000059235  -0.0098140305  -0.0185545267
       -0.0160329988  -0.0003062106   0.0000391916  -0.0000205607   0.0002817238
        0.0000131956  -0.0003242975  -0.0010610828   0.0005268146   0.0028522535
        0.0748270748   0.0730532351   0.0507739953  -0.0001789973  -0.0005331994
        0.0002500527   0.0000069732  -0.0000746971  -0.0000220098   0.0000311592
       -0.0000233010  -0.0000225991   0.0000126302   0.0008650083  -0.0003758840
       -0.0012642682  -0.0010092664   0.0000774641  -0.0000676579  -0.0000040791
        0.0000048741   0.0009217327  -0.0000877776   0.0001483470   0.0001668460
        0.0001195299   0.0000765399
        0.0011059779   0.0001675558  -0.0001283187  -0.0000819495  -0.0000136151
       -0.0000042522   0.0003973755  -0.0004573644  -0.0000272068  -0.0089903594
       -0.0292178624  -0.0074712395  -0.0004493229  -0.0025262952  -0.0050880160
       -0.0602745917  -0.1753633590  -0.1002575745   0.0001244309  -0.0002180387
        0.0000184717  -0.0000966824   0.0004490477   0.0001809023   0.0000268095
       -0.0002173813  -0.0000656953   0.0001285040   0.0000044229  -0.0000037485
       -0.0000744067  -0.0000271176  -0.0000195567  -0.0028276648   0.0034990308
        0.0000819594   0.0000552109   0.0000696874   0.0000342084  -0.0000721669
        0.0003632250   0.0001836323   0.0001785274   0.0005556325  -0.0009991270
        0.0730532351   0.2093751565   0.1123231697  -0.0002185692   0.0000392975
        0.0002084784  -0.0000477557   0.0000127134   0.0000404487  -0.0000452523
        0.0000078942  -0.0000131703  -0.0017396392  -0.0032526633   0.0014151673
        0.0001877987  -0.0032237501   0.0010323426   0.0000074473   0.0000100697
       -0.0000074508  -0.0002549691   0.0000732458  -0.0013879145  -0.0000919875
       -0.0001095321  -0.0000455099
       -0.0017758467   0.0002756712   0.0001726649  -0.0002436395   0.0000614658
       -0.0000572479   0.0006812357   0.0016843131   0.0000848377   0.0042555197
        0.0153249083   0.0049610058  -0.0048863633  -0.0190544193  -0.0196127467
       -0.0490463755  -0.1074805073  -0.1150173341  -0.0006900174  -0.0001082186
        0.0008208882  -0.0002861182  -0.0003478173   0.0001291746   0.0001532586
       -0.0002797917   0.0000231143   0.0003064708   0.0002000049  -0.0000008490
       -0.0002618374   0.0000149315  -0.0000691255  -0.0034856412  -0.0072785455
       -0.0023727538   0.0000599132   0.0001778212   0.0000250046  -0.0001476164
       -0.0002179155  -0.0001841529   0.0030631010  -0.0008391254  -0.0048490561
        0.0507739953   0.1123231697   0.1353668120   0.0004679935   0.0005569380
        0.0000201633  -0.0000873741   0.0001687697   0.0000172500  -0.0000452134
        0.0000175226   0.0000068457   0.0005672423   0.0016847800  -0.0003578578
        0.0002418091   0.0013926040  -0.0005290615   0.0000281452   0.0000167583
        0.0000184688   0.0004957618   0.0017748517   0.0014821820  -0.0001384030
       -0.0000681692  -0.0000782268
        0.0002897740   0.0002724932  -0.0001213670  -0.0018507273   0.0016069226
       -0.0000846391   0.0002120958   0.0001936383  -0.0000207863   0.0000202515
        0.0002411505  -0.0000702373   0.0003679762  -0.0009272596   0.0006828777
       -0.0001253459  -0.0004906147  -0.0000476575   0.0070697870  -0.0114288967
       -0.0007153436  -0.0917186882   0.1023179946   0.0053288426  -0.0008233910
       -0.0024896060  -0.0024257495  -0.0157206553   0.0285705734   0.0014279861
       -0.0001738107  -0.0003849569  -0.0000503388  -0.0005254220  -0.0003011274
        0.0001229246  -0.0035721962  -0.0005731802  -0.0026974908  -0.0001161513
       -0.0002015377  -0.0004400304   0.0000269112   0.0001350236   0.0000125913
       -0.0001789973  -0.0002185692   0.0004679935   0.1040642446  -0.1153524459
       -0.0030214853   0.0002613772  -0.0007745707  -0.0000670911  -0.0000897650
       -0.0001007496   0.0003004771   0.0000181490   0.0000269188  -0.0000003981
       -0.0000249790  -0.0000212710   0.0000066771   0.0001693911   0.0000762068
        0.0000349921   0.0000187920   0.0000019593   0.0000345749   0.0024013795
       -0.0001780955   0.0013426777
        0.0000808618  -0.0000019826  -0.0000178430   0.0001311850  -0.0003427531
        0.0000300998   0.0001024091   0.0000755372  -0.0000619976  -0.0000265934
        0.0002111472  -0.0000097798   0.0009552429   0.0009376906   0.0008340360
        0.0000026876  -0.0002069813   0.0000532157   0.0095707713  -0.0232963968
       -0.0023350449   0.1037102791  -0.2564851429  -0.0177139880  -0.0025376218
       -0.0033820318  -0.0027130095   0.0041933778  -0.0054811012  -0.0004882238
       -0.0006343719   0.0004962819  -0.0000003816  -0.0001071249  -0.0000132186
        0.0000800746   0.0005111520   0.0014521768  -0.0010383421  -0.0004432886
        0.0000750855  -0.0004445872   0.0003967774   0.0002431297   0.0000211884
       -0.0005331994   0.0000392975   0.0005569380  -0.1153524459   0.2859313464
        0.0224487669   0.0005331577  -0.0011991002  -0.0001044212  -0.0001049738
        0.0000431644   0.0002567292   0.0000816859   0.0000201363  -0.0000504866
        0.0000724207   0.0000029443   0.0000044919  -0.0000918588   0.0000471231
       -0.0000326093   0.0000040217  -0.0000378358   0.0000234222  -0.0005145513
        0.0008714833   0.0007017519
        0.0000461508   0.0001059908  -0.0000375778  -0.0003609094   0.0003405921
       -0.0002723284   0.0000370922   0.0000459303  -0.0000861228  -0.0000837309
       -0.0000178990  -0.0000716913   0.0011398629   0.0002213443  -0.0020100013
        0.0006115240  -0.0000727401   0.0001482961   0.0026795160  -0.0078345818
        0.0001286765   0.0055109663  -0.0174351948  -0.0353641135  -0.0022971081
       -0.0027455367   0.0059905204  -0.0031599902   0.0052524613   0.0022238578
       -0.0000694180   0.0000511769  -0.0002586270  -0.0000449415  -0.0001589545
       -0.0000771351  -0.0025121783  -0.0013491856   0.0067003488  -0.0005505668
        0.0001132111  -0.0002510087  -0.0000617463   0.0000953851  -0.0000625449
        0.0002500527   0.0002084784   0.0000201633  -0.0030214853   0.0224487669
        0.0275442042   0.0002110607  -0.0003743258  -0.0000905859   0.0003024911
        0.0002863583  -0.0013226842   0.0000124003   0.0000307229   0.0000101320
        0.0000670478  -0.0000082403   0.0000412832   0.0000113438   0.0000338472
        0.0001132716   0.0000310241   0.0000455012  -0.0000068923   0.0012515422
        0.0007168918  -0.0030094406
        0.0001319674  -0.0000981232  -0.0000308646  -0.0012193995  -0.0013241330
       -0.0005533440   0.0000905536  -0.0001879008   0.0000556223  -0.0000684502
       -0.0000296223   0.0000085342   0.0007937732   0.0013627806   0.0011615509
       -0.0000218942   0.0001108785  -0.0000210732   0.0056212974   0.0083823957
        0.0030362251  -0.0002378098   0.0027009902  -0.0012668322  -0.1055132465
       -0.1037224856  -0.0412354485  -0.0001690942   0.0007771046  -0.0001120340
       -0.0179636804  -0.0232867432  -0.0092133644  -0.0002986297   0.0002214750
       -0.0000585615  -0.0040724726   0.0012695359  -0.0026626823  -0.0000380885
       -0.0001185516  -0.0000298723  -0.0004475111   0.0002854957  -0.0002454740
        0.0000069732  -0.0000477557  -0.0000873741   0.0002613772   0.0005331577
        0.0002110607   0.1233541920   0.1143421038   0.0495968881   0.0003901779
       -0.0009225741   0.0005557210   0.0000634853   0.0000699672   0.0005877777
       -0.0002181895   0.0000618345   0.0000647781  -0.0003395148  -0.0001064294
       -0.0000583429   0.0000472379  -0.0000583013  -0.0000255015  -0.0001530545
       -0.0002150993   0.0003226113
       -0.0000380061   0.0000486211  -0.0000065325   0.0001099003  -0.0000555009
       -0.0000043895  -0.0000022417  -0.0000171897   0.0000365283  -0.0001757347
        0.0000415933   0.0001475217  -0.0015501696   0.0008259769   0.0001931804
        0.0000035117  -0.0000842604  -0.0000181053  -0.0123387877  -0.0241903612
       -0.0083416174   0.0026566078  -0.0045705413  -0.0017600175  -0.1048585648
       -0.2155763599  -0.0671889406   0.0010503165   0.0004678328   0.0001378256
       -0.0010593266   0.0003875176  -0.0001236476  -0.0000593062  -0.0000693632
       -0.0000040265   0.0007684520   0.0013521909  -0.0013383997  -0.0001722819
        0.0002125737  -0.0000219095   0.0011183862  -0.0000136378   0.0004154826
       -0.0000746971   0.0000127134   0.0001687697  -0.0007745707  -0.0011991002
       -0.0003743258   0.1143421038   0.2411921959   0.0773081854   0.0006796630
        0.0007720143   0.0009147742   0.0004331196   0.0003955750  -0.0004880999
       -0.0000238225   0.0000609571  -0.0000288265   0.0001108916   0.0000595403
        0.0000833720  -0.0000106888   0.0000169330  -0.0000198969  -0.0001347543
       -0.0000699209   0.0003130953
        0.0000357345   0.0001610186  -0.0000656086  -0.0002220739  -0.0002891463
       -0.0000672133   0.0000104191  -0.0000038550   0.0000094581  -0.0001986137
        0.0001579602  -0.0000317677   0.0005592171   0.0011073841  -0.0016730762
        0.0005303598  -0.0003686239   0.0000860454  -0.0018196999  -0.0025420361
       -0.0005449012  -0.0012199173  -0.0016816633   0.0061929169  -0.0420012500
       -0.0681230758  -0.0593145402   0.0000028298   0.0001107455   0.0008996083
       -0.0040325593  -0.0052138391  -0.0021057212  -0.0001380368  -0.0000782517
       -0.0000534470  -0.0027014621  -0.0011589989   0.0071721589  -0.0002924992
        0.0001322611  -0.0000281696  -0.0000794474  -0.0000077325   0.0000652232
       -0.0000220098   0.0000404487   0.0000172500  -0.0000670911  -0.0001044212
       -0.0000905859   0.0495968881   0.0773081854   0.0541191994   0.0008834802
        0.0004900331  -0.0023564466   0.0007074774  -0.0001189071  -0.0005010703
        0.0001505206  -0.0000508510   0.0000152555  -0.0000046412   0.0000046433
       -0.0001985418   0.0000214889  -0.0000276537  -0.0000543216   0.0003008863
        0.0002563758  -0.0014917047
       -0.0000623378  -0.0000577369   0.0000020750   0.0007471857   0.0006573332
        0.0011023601  -0.0000457611  -0.0000078776   0.0000025098   0.0000110837
       -0.0000798888   0.0000500956  -0.0006180010   0.0012583195   0.0000425637
       -0.0001923528   0.0000761405  -0.0000611891  -0.0048204119   0.0002821737
       -0.0027998545  -0.0001068779  -0.0005386902  -0.0000903856  -0.0145059923
        0.0249266726   0.0017499919  -0.0008129309  -0.0011694049  -0.0022676313
       -0.1008782454   0.1109680262   0.0070525660   0.0001588339   0.0000015187
        0.0000689992   0.0076603893  -0.0129488096  -0.0013595151  -0.0002879328
        0.0000340546  -0.0000388196   0.0001060559   0.0000333989   0.0000615135
        0.0000311592  -0.0000452523  -0.0000452134  -0.0000897650  -0.0001049738
        0.0003024911   0.0003901779   0.0006796630   0.0008834802   0.1134553095
       -0.1226118034  -0.0043359567  -0.0000349423   0.0001297483  -0.0000363918
       -0.0000102116   0.0000454356  -0.0000257266  -0.0000178260   0.0000358305
       -0.0000191863   0.0000127082   0.0000329755  -0.0000250046  -0.0000893144
       -0.0015968533  -0.0002137716
        0.0000663387   0.0000030035   0.0000059119   0.0007163934   0.0014358723
        0.0010886444   0.0000458482  -0.0000629756   0.0000338035   0.0000177348
        0.0000241459  -0.0000210841  -0.0000027031  -0.0001892853  -0.0000314699
        0.0001310195  -0.0000307557   0.0000236870   0.0009072964   0.0016437576
       -0.0010233822  -0.0008154124   0.0004489581  -0.0000597579   0.0032908883
       -0.0035288655   0.0001225238  -0.0021518818  -0.0016510777  -0.0024377332
        0.1098981059  -0.2500707530  -0.0193248937  -0.0001654932   0.0000491482
       -0.0000678033   0.0113443228  -0.0263816981  -0.0031697684  -0.0000042426
        0.0000081836  -0.0000111430   0.0000010036   0.0000034884  -0.0000035912
       -0.0000233010   0.0000078942   0.0000175226  -0.0001007496   0.0000431644
        0.0002863583  -0.0009225741   0.0007720143   0.0004900331  -0.1226118034
        0.2791355660   0.0241850400   0.0000109811  -0.0000164115  -0.0000003344
       -0.0000404117   0.0000096875   0.0000012726   0.0004132418   0.0006818386
        0.0002347015  -0.0000071782  -0.0000047675   0.0000117297   0.0000025764
       -0.0023301329  -0.0003502669
       -0.0000018408   0.0000075940  -0.0000221731   0.0008994743   0.0011302836
       -0.0026601329  -0.0000052894   0.0000020690  -0.0000071992  -0.0000065652
       -0.0000036558  -0.0000184496  -0.0000787727   0.0002868134   0.0000731538
       -0.0000865100  -0.0000266925   0.0000385644  -0.0028015034  -0.0011038519
        0.0065201521  -0.0001987172   0.0000000994  -0.0002264349  -0.0026750478
        0.0051569289   0.0003758173  -0.0024539409  -0.0021421232   0.0067201742
        0.0066792914  -0.0192213601  -0.0352225807  -0.0000224190  -0.0000009370
        0.0000391936   0.0039976984  -0.0087586848   0.0009811977   0.0000123767
        0.0000084281  -0.0000037729   0.0000338088   0.0000046905  -0.0000007723
       -0.0000225991  -0.0000131703   0.0000068457   0.0003004771   0.0002567292
       -0.0013226842   0.0005557210   0.0009147742  -0.0023564466  -0.0043359567
        0.0241850400   0.0275678783  -0.0000222646   0.0000213243   0.0000677869
        0.0000056931  -0.0000075243  -0.0000065770   0.0000928453   0.0001266104
        0.0001222013   0.0000499387  -0.0000225804  -0.0000401110   0.0000841019
       -0.0008008049  -0.0006256310
       -0.0010786896   0.0001446073  -0.0014419324   0.0005762598  -0.0000716713
        0.0001040492   0.0003643633  -0.0004661814   0.0001867717  -0.1252224081
        0.1253913854   0.0789462328  -0.0002485148  -0.0005556061   0.0006451939
        0.0021041648  -0.0002771471  -0.0029739579   0.0009147382  -0.0007201293
        0.0001986042  -0.0004573250  -0.0003367144  -0.0000471746   0.0003942518
        0.0001172212  -0.0008768272   0.0001411167  -0.0006427879  -0.0000817485
       -0.0005343122   0.0002516895  -0.0002734982  -0.0022288483   0.0016263231
       -0.0007772732  -0.0006784455   0.0003967839   0.0000353568  -0.0001143702
       -0.0000673784   0.0001155181   0.0004622736  -0.0000465857  -0.0004168019
        0.0000126302  -0.0017396392   0.0005672423   0.0000181490   0.0000816859
        0.0000124003   0.0000634853   0.0004331196   0.0007074774  -0.0000349423
        0.0000109811  -0.0000222646   0.1356723855  -0.1355573086  -0.0843738772
       -0.0158783704   0.0171566092   0.0116504167  -0.0000653633   0.0000243566
       -0.0000090810   0.0056040422  -0.0054988367  -0.0019492374   0.0002137292
        0.0003452232   0.0000744108
       -0.0026919443   0.0014798810  -0.0011724174   0.0004619264  -0.0000230210
        0.0000876364   0.0006286743   0.0003489673   0.0003284415   0.1208743724
       -0.1992445938  -0.1013810805   0.0007371827   0.0016134606  -0.0015167676
        0.0099202470  -0.0206101784  -0.0065948420  -0.0012457802  -0.0003352248
       -0.0000638934  -0.0000682416  -0.0004211919  -0.0001698768  -0.0001010300
        0.0001722651   0.0003750709  -0.0000117466  -0.0003686872  -0.0000966728
       -0.0000824584   0.0000036053   0.0000311412   0.0010579506  -0.0037423682
        0.0014589658  -0.0003560650   0.0001188242  -0.0000982161   0.0002766133
        0.0002580265  -0.0004274447  -0.0000264439   0.0002238132   0.0009442040
        0.0008650083  -0.0032526633   0.0016847800   0.0000269188   0.0000201363
        0.0000307229   0.0000699672   0.0003955750  -0.0001189071   0.0001297483
       -0.0000164115   0.0000213243  -0.1355573086   0.2206095544   0.1098359027
        0.0030292474   0.0045878685   0.0030694831  -0.0000474782  -0.0000573913
       -0.0000414489   0.0018996551  -0.0019939739  -0.0062929883   0.0002109852
        0.0002337277   0.0001068828
       -0.0007986392   0.0004923660  -0.0005244141  -0.0003800257   0.0000716629
       -0.0001146682  -0.0011061309   0.0010401521  -0.0008925035   0.0761019945
       -0.1020011587  -0.1075466582   0.0001889676   0.0012467427   0.0012629186
       -0.0071729165   0.0078688582   0.0068256364   0.0001347701   0.0003854194
       -0.0000437260   0.0003105104   0.0001331755  -0.0001319897  -0.0002565862
        0.0003648942   0.0003477060  -0.0002087250   0.0003475809   0.0000073703
        0.0000539303  -0.0002343580  -0.0000262329   0.0002914764   0.0017327475
       -0.0005054491   0.0002766935  -0.0003553114   0.0000206969   0.0000056290
       -0.0000997013  -0.0003202944  -0.0005328561   0.0001292763  -0.0008387292
       -0.0003758840   0.0014151673  -0.0003578578  -0.0000003981  -0.0000504866
        0.0000101320   0.0005877777  -0.0004880999  -0.0005010703  -0.0000363918
       -0.0000003344   0.0000677869  -0.0843738772   0.1098359027   0.1162919327
        0.0029152034  -0.0004662107   0.0022302061   0.0000063055  -0.0000555978
        0.0000132900   0.0145163068  -0.0211081078  -0.0152100341  -0.0001471346
       -0.0002045790  -0.0000640486
        0.0017274633  -0.0199893021   0.0125622068   0.0003798373  -0.0000790964
        0.0000573838  -0.0027785472  -0.0088695907   0.0042787946  -0.1935472552
       -0.0295358886  -0.0086095603  -0.0010930559   0.0006361460  -0.0009999831
       -0.0077668375  -0.0206239914   0.0107735166  -0.0006818595  -0.0002353819
        0.0000290474  -0.0000883157  -0.0002085841  -0.0000120675   0.0000747514
        0.0002296548  -0.0002029886   0.0000090403  -0.0003347352  -0.0000423931
        0.0000067434   0.0001746505   0.0000020019   0.0184578902   0.0169715444
       -0.0073612353  -0.0004344040   0.0001336268   0.0000258012   0.0004064039
        0.0003811975  -0.0002920767   0.0001501954  -0.0004298425   0.0004213259
       -0.0012642682   0.0001877987   0.0002418091  -0.0000249790   0.0000724207
        0.0000670478  -0.0002181895  -0.0000238225   0.0001505206  -0.0000102116
       -0.0000404117   0.0000056931  -0.0158783704   0.0030292474   0.0029152034
        0.2103154705   0.0601742466  -0.0058392716  -0.0000248441   0.0000375691
       -0.0000046434  -0.0078352396  -0.0018491522  -0.0082403852   0.0001185818
        0.0001916968   0.0000742527
       -0.0024354396   0.0016408291  -0.0069908319   0.0001460814   0.0000017036
        0.0000359621   0.0003002687   0.0028418101  -0.0008584949  -0.0450797413
       -0.0487183748  -0.0063401504  -0.0003440229  -0.0021431930   0.0011663091
       -0.0177661705  -0.0140537854   0.0059854566  -0.0001996700   0.0000639497
       -0.0001118265   0.0000356365  -0.0000387614  -0.0000352273   0.0000880913
       -0.0000383138   0.0000433374  -0.0000339328  -0.0000659980  -0.0000141681
        0.0000541884  -0.0000175999   0.0000278725  -0.0064810214  -0.0141156646
        0.0085735145  -0.0000897536   0.0000322784  -0.0000299007  -0.0003324019
        0.0000423803   0.0005063584   0.0000643887   0.0001630012  -0.0002935443
       -0.0010092664  -0.0032237501   0.0013926040  -0.0000212710   0.0000029443
       -0.0000082403   0.0000618345   0.0000609571  -0.0000508510   0.0000454356
        0.0000096875  -0.0000075243   0.0171566092   0.0045878685  -0.0004662107
        0.0601742466   0.0719374682  -0.0024011068  -0.0000081604  -0.0000041074
       -0.0000173772  -0.0043866672   0.0009697282  -0.0001304594   0.0000607379
        0.0000649422   0.0000244994
        0.0033861437  -0.0098910317  -0.0046350874  -0.0000827537   0.0000083480
       -0.0000166915  -0.0007639316  -0.0021526930   0.0022708639  -0.0003965942
       -0.0037287571  -0.0451011603   0.0001933242   0.0015742400  -0.0014575070
        0.0090201272   0.0067738217   0.0014945290  -0.0000822607  -0.0000681480
       -0.0000790728  -0.0000189195   0.0000018634  -0.0000121586  -0.0000968166
        0.0000217704  -0.0001325815  -0.0000373306   0.0000445626   0.0000119499
       -0.0000255805   0.0000266334  -0.0000413807   0.0061775590   0.0118552105
       -0.0033330884   0.0000266179  -0.0000613359   0.0000414595   0.0002872431
        0.0000067770  -0.0003639746   0.0003289608  -0.0001166798  -0.0002498063
        0.0000774641   0.0010323426  -0.0005290615   0.0000066771   0.0000044919
        0.0000412832   0.0000647781  -0.0000288265   0.0000152555  -0.0000257266
        0.0000012726  -0.0000065770   0.0116504167   0.0030694831   0.0022302061
       -0.0058392716  -0.0024011068   0.0521309791  -0.0000061540  -0.0000201906
        0.0000093228  -0.0237971026  -0.0058980495  -0.0022854469  -0.0000468699
       -0.0000539981  -0.0000022547
        0.0001464171   0.0000861592  -0.0000117968  -0.0810166042  -0.1061879989
       -0.0388255475   0.0001166587  -0.0000203720   0.0000239017   0.0000687064
        0.0000752750  -0.0000923922   0.0000452406  -0.0000187696  -0.0000208966
        0.0002532611  -0.0000286717   0.0000670552   0.0000534631  -0.0000744277
        0.0000238747  -0.0002108015  -0.0002236131  -0.0000300330  -0.0010943647
       -0.0012760841  -0.0008659928  -0.0000264364  -0.0016344073  -0.0002674540
       -0.0042719419   0.0010686187  -0.0011283823  -0.0003475320   0.0000419362
       -0.0001147266  -0.0253682952  -0.0297034351  -0.0116315045   0.0000347352
       -0.0000167727   0.0000286299   0.0000691710   0.0000589873   0.0000249493
       -0.0000676579   0.0000074473   0.0000281452   0.0001693911  -0.0000918588
        0.0000113438  -0.0003395148   0.0001108916  -0.0000046412  -0.0000178260
        0.0004132418   0.0000928453  -0.0000653633  -0.0000474782   0.0000063055
       -0.0000248441  -0.0000081604  -0.0000061540   0.1119177889   0.1371480185
        0.0520139009  -0.0000569927  -0.0000157750   0.0000258841   0.0000333415
        0.0003372489   0.0006526859
       -0.0000038105   0.0000667121   0.0000024049  -0.1311741015  -0.3383872968
       -0.0976497360   0.0000102045   0.0000684783   0.0000153402  -0.0000276836
       -0.0000033571  -0.0000395144  -0.0000245258  -0.0000044328  -0.0000223881
        0.0000614925  -0.0000244464   0.0000381180   0.0001947061   0.0005508368
        0.0001730316  -0.0009763931  -0.0000717177  -0.0001822618   0.0003086445
       -0.0003560599  -0.0002289976   0.0029388999   0.0007329027   0.0007936131
        0.0001757176   0.0003851000  -0.0001873872  -0.0000646654   0.0000009494
        0.0000143700  -0.0072787726   0.0063092956  -0.0001743599   0.0000043702
        0.0000261982   0.0000315107   0.0000204936   0.0000378926   0.0000182159
       -0.0000040791   0.0000100697   0.0000167583   0.0000762068   0.0000471231
        0.0000338472  -0.0001064294   0.0000595403   0.0000046433   0.0000358305
        0.0006818386   0.0001266104   0.0000243566  -0.0000573913  -0.0000555978
        0.0000375691  -0.0000041074  -0.0000201906   0.1371480185   0.3289087141
        0.0971765171   0.0000181481  -0.0000237905  -0.0000347036  -0.0013941976
        0.0010469486   0.0001501564
        0.0000344627   0.0000488018  -0.0000161435  -0.0438065555  -0.0916354497
       -0.0344024907   0.0000172724   0.0000071687   0.0000094466  -0.0000109679
        0.0000355216  -0.0000566564   0.0000637988   0.0000387685  -0.0001387982
        0.0001143709  -0.0000442208   0.0000104928   0.0000242249   0.0001921477
       -0.0000532120  -0.0002657172  -0.0000449593  -0.0002391537  -0.0004342392
       -0.0006403396   0.0011116272   0.0007497500  -0.0003236220   0.0006403255
       -0.0013676336   0.0000334163   0.0010841062  -0.0000948398  -0.0000130508
        0.0000096890  -0.0072932942  -0.0055342059  -0.0047217432  -0.0000322995
        0.0000218921   0.0000283291   0.0000098913   0.0000041175   0.0000197268
        0.0000048741  -0.0000074508   0.0000184688   0.0000349921  -0.0000326093
        0.0001132716  -0.0000583429   0.0000833720  -0.0001985418  -0.0000191863
        0.0002347015   0.0001222013  -0.0000090810  -0.0000414489   0.0000132900
       -0.0000046434  -0.0000173772   0.0000093228   0.0520139009   0.0971765171
        0.0378825379   0.0000528981  -0.0000300629  -0.0000619016   0.0002763643
        0.0004883726  -0.0011841944
       -0.0017504140   0.0013743910   0.0002515989   0.0001709502  -0.0000090101
        0.0000276447   0.0001273968  -0.0001795494   0.0001599916  -0.0607348477
       -0.0089286135  -0.0910605597  -0.0001657237  -0.0013624842   0.0013601405
        0.0006258196   0.0008348545   0.0024653964   0.0002842247  -0.0000415724
        0.0001764349  -0.0000731851  -0.0001928934   0.0000021403   0.0000363156
        0.0001589125  -0.0001565694  -0.0001136646  -0.0001909759  -0.0000453339
       -0.0000669995   0.0000865789  -0.0000636634  -0.0016253476   0.0011626773
       -0.0012903057  -0.0002676761   0.0000368586   0.0000249787  -0.0002098993
       -0.0001143060   0.0003261497   0.0000157561  -0.0000051830   0.0000554913
        0.0009217327  -0.0002549691   0.0004957618   0.0000187920   0.0000040217
        0.0000310241   0.0000472379  -0.0000106888   0.0000214889   0.0000127082
       -0.0000071782   0.0000499387   0.0056040422   0.0018996551   0.0145163068
       -0.0078352396  -0.0043866672  -0.0237971026  -0.0000569927   0.0000181481
        0.0000528981   0.0649628916   0.0099929805   0.0963418118   0.0000721227
        0.0001150129   0.0000543377
       -0.0008514047   0.0004399308  -0.0003281136   0.0001063497  -0.0000030472
        0.0000382095   0.0010639261  -0.0008778162   0.0003706619  -0.0085745468
       -0.0446811643  -0.0389375744   0.0005407182  -0.0026346100   0.0022317750
        0.0057070323   0.0009441630   0.0201624651  -0.0000371859   0.0000143570
        0.0001360260   0.0000127418  -0.0000393116  -0.0000452213  -0.0000061890
        0.0000620680   0.0001577096  -0.0001124435  -0.0000079258   0.0000000591
        0.0000825760   0.0000107498   0.0000459579   0.0000419807  -0.0024723933
        0.0021917939  -0.0000575098   0.0000123353  -0.0000132849  -0.0005226830
       -0.0000412155   0.0009282969   0.0000419802  -0.0000519895  -0.0000373313
       -0.0000877776   0.0000732458   0.0017748517   0.0000019593  -0.0000378358
        0.0000455012  -0.0000583013   0.0000169330  -0.0000276537   0.0000329755
       -0.0000047675  -0.0000225804  -0.0054988367  -0.0019939739  -0.0211081078
       -0.0018491522   0.0009697282  -0.0058980495  -0.0000157750  -0.0000237905
       -0.0000300629   0.0099929805   0.0503280577   0.0383629114   0.0000465851
       -0.0000017275   0.0000017605
        0.0024583950  -0.0012054483   0.0012813491  -0.0002119864   0.0000447235
       -0.0000833396   0.0002563519  -0.0007599711   0.0006727765  -0.0844058868
       -0.0354372603  -0.3338835789  -0.0004384262   0.0017890192  -0.0012838002
       -0.0023302087   0.0018747655  -0.0119268778   0.0001271264   0.0003797553
       -0.0006422946  -0.0000191888   0.0000708792   0.0000624803  -0.0003772027
        0.0000279294   0.0016741480   0.0000399623   0.0002131714   0.0000315389
       -0.0000101788  -0.0000828235  -0.0000774299  -0.0018602806   0.0024082301
       -0.0016136996   0.0001942639  -0.0000660852  -0.0000009867   0.0003925690
       -0.0000294798  -0.0002705813  -0.0000470709   0.0003673785   0.0002704921
        0.0001483470  -0.0013879145   0.0014821820   0.0000345749   0.0000234222
       -0.0000068923  -0.0000255015  -0.0000198969  -0.0000543216  -0.0000250046
        0.0000117297  -0.0000401110  -0.0019492374  -0.0062929883  -0.0152100341
       -0.0082403852  -0.0001304594  -0.0022854469   0.0000258841  -0.0000347036
       -0.0000619016   0.0963418118   0.0383629114   0.3620314961  -0.0000787278
       -0.0001268844  -0.0000651670
       -0.0005422793  -0.0002835474   0.0000230352   0.0110087341   0.0013200457
        0.0030315943  -0.0004113502   0.0001711436  -0.0001294345  -0.0002258075
       -0.0001612687   0.0003314117  -0.0006972107  -0.0018416656  -0.0005993921
       -0.0005922901   0.0001451665  -0.0002881246  -0.0054949791   0.0018422289
       -0.0027377044  -0.0271511207  -0.0363204959  -0.0135785793  -0.0016790131
        0.0006930293  -0.0000499154  -0.0936979196  -0.0761387651  -0.0308481235
        0.0018871768   0.0030795772  -0.0005549437   0.0013115217  -0.0001704982
        0.0002562501  -0.0058164741   0.0032790267  -0.0011422224   0.0001594995
       -0.0000105520   0.0000042184  -0.0007851589  -0.0002205576  -0.0001891869
        0.0001668460  -0.0000919875  -0.0001384030   0.0024013795  -0.0005145513
        0.0012515422  -0.0001530545  -0.0001347543   0.0003008863  -0.0000893144
        0.0000025764   0.0000841019   0.0002137292   0.0002109852  -0.0001471346
        0.0001185818   0.0000607379  -0.0000468699   0.0000333415  -0.0013941976
        0.0002763643   0.0000721227   0.0000465851  -0.0000787278   0.1199630393
        0.1064317383   0.0449693575
       -0.0006659997  -0.0002641891   0.0000049757   0.0059030544   0.0016263167
        0.0018297014  -0.0004097354   0.0003370923  -0.0001941171  -0.0003666252
       -0.0000062617   0.0003975000   0.0001007893  -0.0005695412  -0.0000594279
       -0.0007767850   0.0001144411  -0.0003302978  -0.0000255165  -0.0014091591
       -0.0019167765  -0.0089966846  -0.0050190502  -0.0029967107  -0.0031359212
        0.0020753156   0.0000220334  -0.0763117174  -0.1640417223  -0.0452385601
        0.0088242145  -0.0038437405  -0.0001016003   0.0015357689  -0.0003241726
        0.0003555176  -0.0308545483  -0.0472898679  -0.0166995485  -0.0000047095
        0.0000777268  -0.0001343804  -0.0003659862  -0.0001640935  -0.0001001673
        0.0001195299  -0.0001095321  -0.0000681692  -0.0001780955   0.0008714833
        0.0007168918  -0.0002150993  -0.0000699209   0.0002563758  -0.0015968533
       -0.0023301329  -0.0008008049   0.0003452232   0.0002337277  -0.0002045790
        0.0001916968   0.0000649422  -0.0000539981   0.0003372489   0.0010469486
        0.0004883726   0.0001150129  -0.0000017275  -0.0001268844   0.1064317383
        0.2189951170   0.0649546537
       -0.0002467374  -0.0001087435   0.0000132393   0.0037481202   0.0007931149
        0.0001318934  -0.0001722037   0.0001148953  -0.0000505162  -0.0001084348
       -0.0000278222   0.0001742417  -0.0002408529  -0.0005799096   0.0001470387
       -0.0002903418   0.0000500691  -0.0001391514  -0.0030754081  -0.0014636454
        0.0065297134  -0.0085428960  -0.0098625188  -0.0023859346  -0.0010918300
        0.0005652796  -0.0000793717  -0.0308257900  -0.0447170334  -0.0441777537
        0.0006412658  -0.0013478453   0.0063858569   0.0005764720  -0.0000966855
        0.0000964946  -0.0076421774  -0.0091793612  -0.0016105501   0.0000799808
        0.0000478099  -0.0000496596  -0.0001622685  -0.0000446271  -0.0001296646
        0.0000765399  -0.0000455099  -0.0000782268   0.0013426777   0.0007017519
       -0.0030094406   0.0003226113   0.0003130953  -0.0014917047  -0.0002137716
       -0.0003502669  -0.0006256310   0.0000744108   0.0001068828  -0.0000640486
        0.0000742527   0.0000244994  -0.0000022547   0.0006526859   0.0001501564
       -0.0011841944   0.0000543377   0.0000017605  -0.0000651670   0.0449693575
        0.0649546537   0.0416647916
