           1           3  0.216002971617360     
           4           6  0.971207177414726     
           5           6  0.981439520617443     
           5           7   1.01014458371277     
           7           8   1.39596288840371     
           7           9   1.40714323005952     
           8          10   1.42670004823825     
           8          11  0.107031278471015     
           9          11   1.45338277659774     
           1          12   1.46976563045893     
           3          12   1.55948530027965     
           6          12  0.871495502260258     
           2          13   1.09462871898149     
          10          13   1.32694722477460     
          11          13   1.36039356126976     
           5          14  0.958281891514492     
           5          15  0.968462271684664     
           6          16  0.957751802284635     
           8          17  0.963376921743908     
           9          18  0.962943633322480     
          11          19  0.964143973515931     
           4          20  0.896092260748317     
           4          21  0.794795719912947     
           2          22  0.839453116209603     
           4          23  0.896307447150251     
          10          24  0.905380024713565     
