           1           2   1.45245613384846     
           2           3   1.34812957357165     
           1           4  0.103638046267981     
           3           4   1.33395609182899     
           2           5  0.101545247257395     
           4           5   1.47451389964376     
           1           6   1.43579307154151     
           5           6   1.41445574443183     
           1           7  0.971781195643843     
           2           8  0.967869917972097     
           4           9  0.968589576363010     
           5          10  0.971558148932767     
           6          11  0.972372870411258     
           3          12   1.15650267128735     
          12          13  0.938824434289647     
          12          14   1.01280312317905     
          14          15  0.975832055780036     
          14          16  0.984227090339523     
          14          17  0.978960603390977     
