$hessian                                                                        
        0.6347554291  -0.0016975745   0.0053769178  -0.1488253895  -0.1377881342
       -0.0000873085  -0.0352609988  -0.0253021900  -0.0004118602   0.0035164340
       -0.0001263376  -0.0002496963  -0.0350818572   0.0253597195  -0.0004058297
       -0.1500097128   0.1389383395  -0.0000815745   0.0058852668  -0.0132130877
        0.0004875787  -0.0056257974   0.0000981258   0.0000196038   0.0002350154
        0.0000048062   0.0002392044   0.0003043165  -0.0001559803   0.0000327480
        0.0003047507   0.0001567502   0.0000347404  -0.0056208830  -0.0001065562
        0.0000187887   0.0060884702   0.0132970782   0.0004967736  -0.2182631639
       -0.0005261508   0.0010523287  -0.0160154695  -0.0053913211   0.0000391714
       -0.0196101935   0.0008773716  -0.0072420892  -0.0167762171   0.0055751414
        0.0006805027
       -0.0016975745   0.6495128912   0.0000085564  -0.0583149543  -0.2579519064
       -0.0006446542  -0.0829611296   0.0248753021  -0.0008189220   0.0001957644
       -0.0668195374  -0.0000155113   0.0827700711   0.0248551290   0.0008212540
        0.0589907674  -0.2588588664   0.0006106149   0.0103754718  -0.0272880138
        0.0000190134  -0.0007264876   0.0016387062   0.0000286823  -0.0001530088
        0.0030995352   0.0000530619  -0.0002492477   0.0004675598  -0.0006893852
        0.0002535160   0.0004836883   0.0006576235   0.0007236678   0.0016402897
       -0.0000299629  -0.0104530367  -0.0272370722  -0.0000301742   0.0008107949
       -0.0652093280  -0.0000127407  -0.0264620016  -0.0025186987  -0.0001196883
        0.0024879746   0.0014151075   0.0002565221   0.0244094131  -0.0021047861
       -0.0000942899
        0.0053769178   0.0000085564   0.1407198418  -0.0005979707  -0.0006594098
       -0.0490387511   0.0004680398  -0.0005440246   0.0004185398  -0.0008063409
       -0.0000064295  -0.0057059097   0.0004833967   0.0005509960   0.0003439092
       -0.0006017784   0.0006441941  -0.0485082471  -0.0000321215   0.0001280431
        0.0010413903  -0.0000642428   0.0000284005   0.0080501856   0.0007969897
        0.0000017996  -0.0005219929  -0.0000562184  -0.0000275371   0.0002197104
       -0.0000559717   0.0000271720   0.0002179592  -0.0000662511  -0.0000295476
        0.0081082398  -0.0000277929  -0.0001313593   0.0011223969  -0.0032666079
       -0.0000347415  -0.0574472540   0.0115414689   0.0003000839   0.0006092861
       -0.0284657439   0.0002340015  -0.0003890166   0.0153742272  -0.0004901976
        0.0007597121
       -0.1488253895  -0.0583149543  -0.0005979707   0.6729356941  -0.0056070758
        0.0007116039  -0.3474971950  -0.0374921039   0.0003044206  -0.0354029522
        0.0801168111   0.0002455948  -0.0459330088  -0.0254284291  -0.0004829358
        0.0558949073  -0.0287154172  -0.0002324652  -0.0006341806   0.0034639796
       -0.0000469723  -0.0001698250  -0.0007491543  -0.0000123301   0.0022193328
       -0.0008216206  -0.0019372543  -0.0005940215   0.0000512520   0.0013704990
       -0.0002631493  -0.0007247180  -0.0001342542  -0.0178076620  -0.0026818145
       -0.0000790037  -0.1047122179   0.1070449844   0.0002619120  -0.0237146284
       -0.0256633918   0.0005966213  -0.0059289844  -0.0009517193   0.0000920048
       -0.0004243152  -0.0013820408   0.0006451215   0.0008575957  -0.0021445876
       -0.0007045916
       -0.1377881342  -0.2579519064  -0.0006594098  -0.0056070758   0.6510889238
        0.0008604839   0.0367174688  -0.0924543349   0.0004941988   0.0259212575
        0.0295319591  -0.0001487950  -0.0299083039  -0.0133464676  -0.0002631514
        0.0290465643  -0.0671182414   0.0000399998   0.0028275704  -0.0044491242
       -0.0000649081  -0.0006524939   0.0006860149  -0.0000683820   0.0014749826
       -0.0063124133   0.0005692551   0.0015647826  -0.0002089073  -0.0000244913
       -0.0001866625  -0.0007093914  -0.0002818029  -0.0274714970  -0.0027398863
       -0.0001781444   0.1067333573  -0.2340358125  -0.0004847754  -0.0063398440
       -0.0027016086  -0.0004052282   0.0004544694   0.0003220258   0.0000551387
        0.0013333289  -0.0002176971   0.0009102524   0.0018802296   0.0006168673
       -0.0003502401
       -0.0000873085  -0.0006446542  -0.0490387511   0.0007116039   0.0008604839
        0.1152327171  -0.0009732184   0.0001956125  -0.0416903962   0.0003140538
       -0.0003942883  -0.0022291786   0.0001538365   0.0000111162  -0.0035053503
       -0.0002303942  -0.0000419981   0.0008134469   0.0000463406   0.0000694161
        0.0074438694  -0.0000115496   0.0000037306  -0.0000514272  -0.0013016380
       -0.0001623821   0.0047454361   0.0006191717  -0.0002593247   0.0013623837
        0.0003701502   0.0004261669   0.0002350079  -0.0000454146   0.0000145983
       -0.0003519059   0.0003238206  -0.0003769106  -0.0342077363  -0.0000733311
       -0.0008010982   0.0001530553   0.0008721753   0.0004713598   0.0005204094
       -0.0005673690   0.0003418418   0.0001783190  -0.0001209291   0.0002863304
        0.0003901008
       -0.0352609988  -0.0829611296   0.0004680398  -0.3474971950   0.0367174688
       -0.0009732184   0.6824301210   0.0071696432   0.0000537007  -0.1370552739
        0.0517336661  -0.0007100582   0.0521315378   0.0239228005   0.0004385439
       -0.0460749528   0.0297772962   0.0001553555  -0.0002599065   0.0006157077
        0.0000048572  -0.0008456218  -0.0035900814   0.0000586485  -0.0397923551
        0.0385765749   0.0018768307  -0.0061475073  -0.0004308306  -0.0002272617
        0.0018613056   0.0034284733  -0.0002852553  -0.1039808141  -0.1067876624
       -0.0004903691  -0.0182002862   0.0026288616  -0.0000184387   0.0003113028
       -0.0015321086   0.0001142637  -0.0008582390   0.0000627542  -0.0004395280
       -0.0008639140   0.0004110774  -0.0003142693   0.0001027974   0.0002574888
        0.0002881588
       -0.0253021900   0.0248753021  -0.0005440246  -0.0374921039  -0.0924543349
        0.0001956125   0.0071696432   0.6423950551   0.0006720833   0.1254829718
       -0.2555012310   0.0009384662  -0.0237629207  -0.0576124450   0.0000226382
        0.0253993021  -0.0132371302  -0.0000119713   0.0006724300   0.0008382284
       -0.0000479927  -0.0026624611  -0.0040017230  -0.0000312092   0.0147348453
       -0.0044289871  -0.0034303322  -0.0006172040   0.0014121427   0.0012267825
       -0.0019726427   0.0005484610   0.0005805551  -0.1063011024  -0.2354785049
        0.0000348485   0.0273859412  -0.0028427540   0.0000441208  -0.0023894235
       -0.0038547903   0.0002070216  -0.0010198370   0.0000023576  -0.0000165213
        0.0003498447  -0.0003065162   0.0003794149   0.0003249070  -0.0003531304
       -0.0002194924
       -0.0004118602  -0.0008189220   0.0004185398   0.0003044206   0.0004941988
       -0.0416903962   0.0000537007   0.0006720833   0.1075672131  -0.0005172438
       -0.0000307417  -0.0505623348   0.0004363006  -0.0000267787   0.0002737005
       -0.0004800803   0.0002594636  -0.0035340690   0.0000030180  -0.0000083958
       -0.0000617332  -0.0000062721   0.0000423215   0.0069302413   0.0010111085
       -0.0005060735   0.0039114312  -0.0006956246   0.0003321477   0.0016766013
        0.0004191348   0.0000589369  -0.0006973939  -0.0005184785  -0.0003245739
       -0.0313314010   0.0000395065  -0.0000161835   0.0003730235   0.0002119770
       -0.0003993338   0.0062048451  -0.0007681213  -0.0001216819   0.0002117992
        0.0013750469   0.0001118779   0.0002617861  -0.0004565327   0.0002816551
        0.0000481471
        0.0035164340   0.0001957644  -0.0008063409  -0.0354029522   0.0259212575
        0.0003140538  -0.1370552739   0.1254829718  -0.0005172438   0.6765814816
        0.0003191875  -0.0006628021  -0.1370339060  -0.1256215287  -0.0005283865
       -0.0352849730  -0.0260110883   0.0003102148  -0.0048789656   0.0006646750
       -0.0000506263   0.0057462209   0.0144954529  -0.0002202512  -0.3013190627
       -0.0001608998  -0.0193690626  -0.0196793225   0.0097706907   0.0105954004
       -0.0196290394  -0.0098050860   0.0105921128   0.0057482956  -0.0144532111
       -0.0002253847  -0.0048855794  -0.0006681981  -0.0000496746   0.0002700270
       -0.0001188490   0.0006399560   0.0007789145   0.0004711892  -0.0004566313
        0.0016528573  -0.0000473384   0.0010327341   0.0008748438  -0.0004349895
       -0.0005980677
       -0.0001263376  -0.0668195374  -0.0000064295   0.0801168111   0.0295319591
       -0.0003942883   0.0517336661  -0.2555012310  -0.0000307417   0.0003191875
        0.6580380801   0.0000379695  -0.0519394603  -0.2562658604   0.0000131813
       -0.0802707351   0.0293298578   0.0003964089   0.0009492882   0.0015763036
        0.0001066701  -0.0102809807  -0.0274747283  -0.0000278334  -0.0001454214
       -0.0839860324  -0.0000464639   0.0282479611  -0.0016905895  -0.0032920019
       -0.0282670318  -0.0017547265   0.0033222334   0.0103185372  -0.0274565307
        0.0000239122  -0.0009511757   0.0015700079  -0.0001092935   0.0001622940
       -0.0000714148   0.0000047520  -0.0001055616   0.0002457849  -0.0002885557
        0.0000601786   0.0004665097  -0.0000311070   0.0001787803   0.0002621479
        0.0003215877
       -0.0002496963  -0.0000155113  -0.0057059097   0.0002455948  -0.0001487950
       -0.0022291786  -0.0007100582   0.0009384662  -0.0505623348  -0.0006628021
        0.0000379695   0.1301254710  -0.0007192498  -0.0009631489  -0.0504910586
        0.0002426114   0.0001514950  -0.0022746041  -0.0000752161  -0.0000471077
        0.0085658079   0.0001812613  -0.0000138904   0.0010039931   0.0206815981
        0.0000014245  -0.0312610804  -0.0094694828   0.0003365200  -0.0035893387
       -0.0094875627  -0.0003482262  -0.0035990170   0.0001817728   0.0000115737
        0.0010102611  -0.0000742587   0.0000459525   0.0086132419   0.0000836057
        0.0000157631   0.0001945483   0.0000076492  -0.0001064928   0.0001149090
       -0.0001796469  -0.0000137855  -0.0000275234   0.0000038803   0.0001177933
        0.0001118129
       -0.0350818572   0.0827700711   0.0004833967  -0.0459330088  -0.0299083039
        0.0001538365   0.0521315378  -0.0237629207   0.0004363006  -0.1370339060
       -0.0519394603  -0.0007192498   0.6816402949  -0.0066836878   0.0000562656
       -0.3461771935  -0.0370618118  -0.0009706679  -0.0181632059  -0.0026585009
       -0.0000169748  -0.1042291520   0.1069361847  -0.0004824014  -0.0397949956
       -0.0386497979   0.0018918575   0.0018703153  -0.0034280039  -0.0002944426
       -0.0061476064   0.0004248680  -0.0002325340  -0.0008587017   0.0035897282
        0.0000605169  -0.0002656569  -0.0006150442   0.0000063197  -0.0000510358
        0.0014520470   0.0001019363   0.0001368624  -0.0001797397   0.0002431202
       -0.0010668397  -0.0002994868  -0.0002629316  -0.0009758511   0.0000138588
       -0.0004543479
        0.0253597195   0.0248551290   0.0005509960  -0.0254284291  -0.0133464676
        0.0000111162   0.0239228005  -0.0576124450  -0.0000267787  -0.1256215287
       -0.2562658604  -0.0009631489  -0.0066836878   0.6429294641  -0.0006262236
        0.0371833584  -0.0924252499  -0.0001979240  -0.0274055495  -0.0028938643
       -0.0000436229   0.1064519988  -0.2352407422  -0.0000539682  -0.0148404683
       -0.0045048868   0.0034598583   0.0019751569   0.0005439852  -0.0005932358
        0.0006080297   0.0014194603  -0.0012360165   0.0026650237  -0.0039957111
        0.0000308582  -0.0006789516   0.0008378443   0.0000487099   0.0022315995
       -0.0037226627  -0.0002131554  -0.0003089370  -0.0003409639   0.0001713516
       -0.0002676063  -0.0002455035  -0.0003746056   0.0008374711   0.0000084745
        0.0000557893
       -0.0004058297   0.0008212540   0.0003439092  -0.0004829358  -0.0002631514
       -0.0035053503   0.0004385439   0.0000226382   0.0002737005  -0.0005283865
        0.0000131813  -0.0504910586   0.0000562656  -0.0006262236   0.1074804661
        0.0003139781  -0.0004971891  -0.0418038364   0.0000369942   0.0000156489
        0.0003664523  -0.0005109157   0.0003075534  -0.0312960621   0.0010121467
        0.0005063906   0.0039204593   0.0004157171  -0.0000594396  -0.0006902334
       -0.0006964322  -0.0003343791   0.0016679449  -0.0000059095  -0.0000428047
        0.0068983294   0.0000027705   0.0000085839  -0.0000626359   0.0002077629
        0.0004003795   0.0064318086  -0.0003102677  -0.0002421935   0.0000262995
        0.0014643710  -0.0002143331   0.0002593327  -0.0010078728   0.0001840844
        0.0001804744
       -0.1500097128   0.0589907674  -0.0006017784   0.0558949073   0.0290465643
       -0.0002303942  -0.0460749528   0.0253993021  -0.0004800803  -0.0352849730
       -0.0802707351   0.0002426114  -0.3461771935   0.0371833584   0.0003139781
        0.6713778660   0.0049832597   0.0007041522  -0.1040559025  -0.1066584771
        0.0002518260  -0.0178134998   0.0026449695  -0.0000816364   0.0022683181
        0.0008461472  -0.0019547836  -0.0002663829   0.0007270258  -0.0001320736
       -0.0005905484  -0.0000540680   0.0013763215  -0.0001723437   0.0007484884
       -0.0000134258  -0.0006275775  -0.0034560025  -0.0000495169  -0.0232496239
        0.0254731194   0.0006163712   0.0009730075   0.0022222479  -0.0005724767
       -0.0009072664   0.0012280134   0.0005205141  -0.0052841218   0.0009460190
        0.0000903914
        0.1389383395  -0.2588588664   0.0006441941  -0.0287154172  -0.0671182414
       -0.0000419981   0.0297772962  -0.0132371302   0.0002594636  -0.0260110883
        0.0293298578   0.0001514950  -0.0370618118  -0.0924252499  -0.0004971891
        0.0049832597   0.6523506498  -0.0007967775  -0.1063231726  -0.2344077468
        0.0004600600   0.0274520370  -0.0027064752   0.0001793337  -0.0014596729
       -0.0063064825  -0.0005742865   0.0001871251  -0.0007066076   0.0002817256
       -0.0015637174  -0.0002102580   0.0000278365   0.0006548328   0.0006905329
        0.0000674873  -0.0028430163  -0.0044491537   0.0000628870   0.0060208569
       -0.0029809073   0.0003894853  -0.0020669361   0.0008469312   0.0002507378
       -0.0013331605  -0.0001401119  -0.0008835283  -0.0006357539   0.0003292593
        0.0000190737
       -0.0000815745   0.0006106149  -0.0485082471  -0.0002324652   0.0000399998
        0.0008134469   0.0001553555  -0.0000119713  -0.0035340690   0.0003102148
        0.0003964089  -0.0022746041  -0.0009706679  -0.0001979240  -0.0418038364
        0.0007041522  -0.0007967775   0.1150508518   0.0003129366   0.0003610946
       -0.0341029306  -0.0000428084  -0.0000151843  -0.0003409983  -0.0013102240
        0.0001605753   0.0047772288   0.0003736557  -0.0004272312   0.0002361608
        0.0006242261   0.0002612351   0.0013701000  -0.0000116954  -0.0000034663
       -0.0000346349   0.0000461099  -0.0000701468   0.0074395338  -0.0000728820
        0.0007950502   0.0005921288  -0.0001417987  -0.0002641495   0.0001967164
       -0.0007412478  -0.0003608717  -0.0000857839   0.0010787129  -0.0004772563
        0.0002089368
        0.0058852668   0.0103754718  -0.0000321215  -0.0006341806   0.0028275704
        0.0000463406  -0.0002599065   0.0006724300   0.0000030180  -0.0048789656
        0.0009492882  -0.0000752161  -0.0181632059  -0.0274055495   0.0000369942
       -0.1040559025  -0.1063231726   0.0003129366   0.1224178965   0.1191723671
       -0.0003920476   0.0006675625  -0.0006807456   0.0000072074  -0.0014582839
       -0.0015882469   0.0001526393   0.0001414677  -0.0001935084  -0.0001032214
       -0.0004526768  -0.0000449304   0.0000013836  -0.0001282469  -0.0000521778
       -0.0000139962   0.0002882133   0.0006210552  -0.0000434219   0.0010583161
        0.0016744315  -0.0001662957  -0.0004083150   0.0001582789   0.0002826545
        0.0000557292   0.0000031149  -0.0000191849  -0.0000747684  -0.0001656767
        0.0000023311
       -0.0132130877  -0.0272880138   0.0001280431   0.0034639796  -0.0044491242
        0.0000694161   0.0006157077   0.0008382284  -0.0000083958   0.0006646750
        0.0015763036  -0.0000471077  -0.0026585009  -0.0028938643   0.0000156489
       -0.1066584771  -0.2344077468   0.0003610946   0.1191723671   0.2660462621
       -0.0003918846   0.0006707361   0.0011691934  -0.0000125250  -0.0007698797
       -0.0003270810   0.0002561437   0.0000366471  -0.0000277849  -0.0001412970
       -0.0000025434   0.0000726630  -0.0000299283  -0.0000953748  -0.0000587701
       -0.0000202548  -0.0006299369  -0.0018761596  -0.0000232609  -0.0014276932
        0.0013280729   0.0001351851   0.0010467221   0.0001772489  -0.0004370526
       -0.0000000121  -0.0001262687   0.0001065497  -0.0002153291   0.0002468409
        0.0000396255
        0.0004875787   0.0000190134   0.0010413903  -0.0000469723  -0.0000649081
        0.0074438694   0.0000048572  -0.0000479927  -0.0000617332  -0.0000506263
        0.0001066701   0.0085658079  -0.0000169748  -0.0000436229   0.0003664523
        0.0002518260   0.0004600600  -0.0341029306  -0.0003920476  -0.0003918846
        0.0240637263   0.0000091468  -0.0000271048  -0.0029732418   0.0000577615
        0.0000230873   0.0000122022   0.0000123639   0.0000104599  -0.0000018359
        0.0000221615  -0.0000243508  -0.0001609201   0.0000117058   0.0000118912
       -0.0016730599  -0.0000446230   0.0000224199  -0.0001542751  -0.0003319358
       -0.0002548653  -0.0021415726   0.0002742346   0.0001514116  -0.0000076385
       -0.0004702666   0.0000931839  -0.0001843376   0.0002218105  -0.0000434680
       -0.0000319032
       -0.0056257974  -0.0007264876  -0.0000642428  -0.0001698250  -0.0006524939
       -0.0000115496  -0.0008456218  -0.0026624611  -0.0000062721   0.0057462209
       -0.0102809807   0.0001812613  -0.1042291520   0.1064519988  -0.0005109157
       -0.0178134998   0.0274520370  -0.0000428084   0.0006675625   0.0006707361
        0.0000091468   0.1219019354  -0.1201669101   0.0005224027   0.0018871837
       -0.0013637126   0.0002219164  -0.0003593116   0.0001584446  -0.0002767524
       -0.0000774702   0.0000966073  -0.0000971883   0.0002896688  -0.0006035997
        0.0000524396  -0.0001220390   0.0000927358   0.0000117123  -0.0008040501
        0.0014259235   0.0000088267   0.0001118278  -0.0000009331   0.0000047224
       -0.0001266338   0.0000105311  -0.0000288781  -0.0004309985   0.0000985649
        0.0000261793
        0.0000981258   0.0016387062   0.0000284005  -0.0007491543   0.0006860149
        0.0000037306  -0.0035900814  -0.0040017230   0.0000423215   0.0144954529
       -0.0274747283  -0.0000138904   0.1069361847  -0.2352407422   0.0003075534
        0.0026449695  -0.0027064752  -0.0000151843  -0.0006807456   0.0011691934
       -0.0000271048  -0.1201669101   0.2660319152  -0.0001477913   0.0009879783
        0.0015282189   0.0002161473  -0.0011841305  -0.0001046129  -0.0005294778
        0.0003824439   0.0005880413   0.0001787630   0.0006075212  -0.0018217032
       -0.0000343531   0.0000488095  -0.0000570340  -0.0000115422   0.0000036374
       -0.0002161883   0.0000109243   0.0000276509   0.0000601957  -0.0000457476
        0.0000550763  -0.0000200432   0.0000626713   0.0000831717  -0.0000590351
       -0.0000254203
        0.0000196038   0.0000286823   0.0080501856  -0.0000123301  -0.0000683820
       -0.0000514272   0.0000586485  -0.0000312092   0.0069302413  -0.0002202512
       -0.0000278334   0.0010039931  -0.0004824014  -0.0000539682  -0.0312960621
       -0.0000816364   0.0001793337  -0.0003409983   0.0000072074  -0.0000125250
       -0.0029732418   0.0005224027  -0.0001477913   0.0225450136   0.0006305729
       -0.0001610538  -0.0016102129  -0.0001651422   0.0002641134  -0.0004473957
       -0.0001628450  -0.0000751458   0.0000892584   0.0000528581   0.0000341928
       -0.0005211436  -0.0000138851   0.0000203205  -0.0016759888  -0.0000730321
       -0.0000289141   0.0003075175  -0.0000346258   0.0000317463  -0.0000055185
        0.0000762333   0.0000296249   0.0000261520  -0.0001213775   0.0000188087
       -0.0000303726
        0.0002350154  -0.0001530088   0.0007969897   0.0022193328   0.0014749826
       -0.0013016380  -0.0397923551   0.0147348453   0.0010111085  -0.3013190627
       -0.0001454214   0.0206815981  -0.0397949956  -0.0148404683   0.0010121467
        0.0022683181  -0.0014596729  -0.0013102240  -0.0014582839  -0.0007698797
        0.0000577615   0.0018871837   0.0009879783   0.0006305729   0.6020728850
       -0.0000865992   0.1186788251  -0.1119395831   0.1288956759  -0.0703439910
       -0.1115613752  -0.1285683030  -0.0702889675   0.0018855893  -0.0009845428
        0.0006297457  -0.0014578791   0.0007684720   0.0000577214  -0.0008243528
        0.0001521868  -0.0004461496  -0.0004848179  -0.0003182217   0.0003530413
       -0.0013374014   0.0000224590  -0.0006697070  -0.0005982177   0.0002895179
        0.0004511660
        0.0000048062   0.0030995352   0.0000017996  -0.0008216206  -0.0063124133
       -0.0001623821   0.0385765749  -0.0044289871  -0.0005060735  -0.0001608998
       -0.0839860324   0.0000014245  -0.0386497979  -0.0045048868   0.0005063906
        0.0008461472  -0.0063064825   0.0001605753  -0.0015882469  -0.0003270810
        0.0000230873  -0.0013637126   0.0015282189  -0.0001610538  -0.0000865992
        0.7101173503   0.0002984432   0.1290455964  -0.3050168280   0.1096934062
       -0.1287342893  -0.3052458841  -0.1099943239   0.0013648623   0.0015280570
        0.0001632352   0.0015860674  -0.0003239717  -0.0000224735  -0.0000115267
        0.0002527953  -0.0000007969   0.0000779940   0.0000075708  -0.0000018219
       -0.0000103733  -0.0000806730  -0.0000081351  -0.0000749821  -0.0000002877
        0.0000086988
        0.0002392044   0.0000530619  -0.0005219929  -0.0019372543   0.0005692551
        0.0047454361   0.0018768307  -0.0034303322   0.0039114312  -0.0193690626
       -0.0000464639  -0.0312610804   0.0018918575   0.0034598583   0.0039204593
       -0.0019547836  -0.0005742865   0.0047772288   0.0001526393   0.0002561437
        0.0000122022   0.0002219164   0.0002161473  -0.0016102129   0.1186788251
        0.0002984432   0.0996870507  -0.0506663845   0.0864523603  -0.0405424909
       -0.0506422654  -0.0867284531  -0.0406744496   0.0002222237  -0.0002170176
       -0.0016013855   0.0001521899  -0.0002543854   0.0000092359   0.0002482217
       -0.0000580078  -0.0006258217   0.0002121514   0.0001347716  -0.0002086072
        0.0004081995  -0.0000009227   0.0002247688   0.0002654909  -0.0001301724
       -0.0002417718
        0.0003043165  -0.0002492477  -0.0000562184  -0.0005940215   0.0015647826
        0.0006191717  -0.0061475073  -0.0006172040  -0.0006956246  -0.0196793225
        0.0282479611  -0.0094694828   0.0018703153   0.0019751569   0.0004157171
       -0.0002663829   0.0001871251   0.0003736557   0.0001414677   0.0000366471
        0.0000123639  -0.0003593116  -0.0011841305  -0.0001651422  -0.1119395831
        0.1290455964  -0.0506663845   0.1309112932  -0.1469024520   0.0557427851
        0.0061639007  -0.0116449970   0.0041355273  -0.0000769382  -0.0003832619
       -0.0001620993  -0.0004531090   0.0000018441   0.0000219121   0.0000109246
       -0.0000885267  -0.0000705349   0.0000066551   0.0000169158  -0.0000116960
        0.0000474393   0.0000116185   0.0000122277   0.0000598637  -0.0000178278
       -0.0000361779
       -0.0001559803   0.0004675598  -0.0000275371   0.0000512520  -0.0002089073
       -0.0002593247  -0.0004308306   0.0014121427   0.0003321477   0.0097706907
       -0.0016905895   0.0003365200  -0.0034280039   0.0005439852  -0.0000594396
        0.0007270258  -0.0007066076  -0.0004272312  -0.0001935084  -0.0000277849
        0.0000104599   0.0001584446  -0.0001046129   0.0002641134   0.1288956759
       -0.3050168280   0.0864523603  -0.1469024520   0.3279294889  -0.0962905275
        0.0116883613  -0.0232988442   0.0094545070  -0.0000975255   0.0005877510
        0.0000742517   0.0000431941   0.0000726542   0.0000251291   0.0000319822
        0.0000177168   0.0000938257  -0.0000312278  -0.0000086633   0.0000220568
       -0.0000622816   0.0000100348  -0.0000472551  -0.0000648165   0.0000215041
        0.0000459437
        0.0000327480  -0.0006893852   0.0002197104   0.0013704990  -0.0000244913
        0.0013623837  -0.0002272617   0.0012267825   0.0016766013   0.0105954004
       -0.0032920019  -0.0035893387  -0.0002944426  -0.0005932358  -0.0006902334
       -0.0001320736   0.0002817256   0.0002361608  -0.0001032214  -0.0001412970
       -0.0000018359  -0.0002767524  -0.0005294778  -0.0004473957  -0.0703439910
        0.1096934062  -0.0405424909   0.0557427851  -0.0962905275   0.0426390494
        0.0041585137  -0.0094664119  -0.0004770468  -0.0000965942  -0.0001781881
        0.0000905603   0.0000023944   0.0000299592  -0.0001647097  -0.0001180938
        0.0000121263  -0.0002995925  -0.0000468724  -0.0000436977   0.0000328945
       -0.0002216677   0.0000243353  -0.0001051127  -0.0000413698  -0.0000196210
        0.0000603959
        0.0003047507   0.0002535160  -0.0000559717  -0.0002631493  -0.0001866625
        0.0003701502   0.0018613056  -0.0019726427   0.0004191348  -0.0196290394
       -0.0282670318  -0.0094875627  -0.0061476064   0.0006080297  -0.0006964322
       -0.0005905484  -0.0015637174   0.0006242261  -0.0004526768  -0.0000025434
        0.0000221615  -0.0000774702   0.0003824439  -0.0001628450  -0.1115613752
       -0.1287342893  -0.0506422654   0.0061639007   0.0116883613   0.0041585137
        0.1304951760   0.1465743264   0.0557124901  -0.0003651109   0.0011818246
       -0.0001646921   0.0001410303  -0.0000368664   0.0000120202   0.0000075906
        0.0000856693  -0.0000732711   0.0000597279   0.0000213622  -0.0000321091
        0.0000414815  -0.0000112377   0.0000093988   0.0000120133  -0.0000205419
       -0.0000129460
        0.0001567502   0.0004836883   0.0000271720  -0.0007247180  -0.0007093914
        0.0004261669   0.0034284733   0.0005484610   0.0000589369  -0.0098050860
       -0.0017547265  -0.0003482262   0.0004248680   0.0014194603  -0.0003343791
       -0.0000540680  -0.0002102580   0.0002612351  -0.0000449304   0.0000726630
       -0.0000243508   0.0000966073   0.0005880413  -0.0000751458  -0.1285683030
       -0.3052458841  -0.0867284531  -0.0116449970  -0.0232988442  -0.0094664119
        0.1465743264   0.3282129090   0.0965898357  -0.0001590220  -0.0001043677
       -0.0002630502   0.0001940728  -0.0000277651  -0.0000099719  -0.0000309670
        0.0000041166  -0.0000901326   0.0000531542   0.0000231565  -0.0000391612
        0.0000622416   0.0000076500   0.0000454410   0.0000415975  -0.0000089090
       -0.0000295048
        0.0000347404   0.0006576235   0.0002179592  -0.0001342542  -0.0002818029
        0.0002350079  -0.0002852553   0.0005805551  -0.0006973939   0.0105921128
        0.0033222334  -0.0035990170  -0.0002325340  -0.0012360165   0.0016679449
        0.0013763215   0.0000278365   0.0013701000   0.0000013836  -0.0000299283
       -0.0001609201  -0.0000971883   0.0001787630   0.0000892584  -0.0702889675
       -0.1099943239  -0.0406744496   0.0041355273   0.0094545070  -0.0004770468
        0.0557124901   0.0965898357   0.0427848306  -0.0002779607   0.0005295228
       -0.0004446922  -0.0001020290   0.0001407865  -0.0000008394  -0.0001231223
        0.0000279065  -0.0003061003  -0.0000304817   0.0000101548   0.0000555033
       -0.0002271708  -0.0000131244  -0.0001052345  -0.0000536118   0.0000354712
        0.0000450895
       -0.0056208830   0.0007236678  -0.0000662511  -0.0178076620  -0.0274714970
       -0.0000454146  -0.1039808141  -0.1063011024  -0.0005184785   0.0057482956
        0.0103185372   0.0001817728  -0.0008587017   0.0026650237  -0.0000059095
       -0.0001723437   0.0006548328  -0.0000116954  -0.0001282469  -0.0000953748
        0.0000117058   0.0002896688   0.0006075212   0.0000528581   0.0018855893
        0.0013648623   0.0002222237  -0.0000769382  -0.0000975255  -0.0000965942
       -0.0003651109  -0.0001590220  -0.0002779607   0.1216498904   0.1200194293
        0.0005325750   0.0006761480  -0.0006704696   0.0000089181  -0.0007990560
       -0.0014399442   0.0000088587  -0.0004681799  -0.0001163337   0.0000193006
       -0.0000739522  -0.0000040590  -0.0000214081   0.0001022964   0.0000014539
        0.0000054994
       -0.0001065562   0.0016402897  -0.0000295476  -0.0026818145  -0.0027398863
        0.0000145983  -0.1067876624  -0.2354785049  -0.0003245739  -0.0144532111
       -0.0274565307   0.0000115737   0.0035897282  -0.0039957111  -0.0000428047
        0.0007484884   0.0006905329  -0.0000034663  -0.0000521778  -0.0000587701
        0.0000118912  -0.0006035997  -0.0018217032   0.0000341928  -0.0009845428
        0.0015280570  -0.0002170176  -0.0003832619   0.0005877510  -0.0001781881
        0.0011818246  -0.0001043677   0.0005295228   0.1200194293   0.2662832143
        0.0001684976   0.0006814307   0.0011672327   0.0000276674  -0.0000040777
       -0.0002168840  -0.0000099885  -0.0000877024  -0.0000641301   0.0000182989
       -0.0000485183  -0.0000103954  -0.0000675602  -0.0000277765   0.0000498060
        0.0000569044
        0.0000187887  -0.0000299629   0.0081082398  -0.0000790037  -0.0001781444
       -0.0003519059  -0.0004903691   0.0000348485  -0.0313314010  -0.0002253847
        0.0000239122   0.0010102611   0.0000605169   0.0000308582   0.0068983294
       -0.0000134258   0.0000674873  -0.0000346349  -0.0000139962  -0.0000202548
       -0.0016730599   0.0000524396  -0.0000343531  -0.0005211436   0.0006297457
        0.0001632352  -0.0016013855  -0.0001620993   0.0000742517   0.0000905603
       -0.0001646921  -0.0002630502  -0.0004446922   0.0005325750   0.0001684976
        0.0225654195   0.0000072051   0.0000132656  -0.0029930752  -0.0000765697
        0.0000308653   0.0003147461  -0.0000974696  -0.0000204701  -0.0000555793
        0.0000626466  -0.0000235374   0.0000227022  -0.0000409075  -0.0000374486
       -0.0000033808
        0.0060884702  -0.0104530367  -0.0000277929  -0.1047122179   0.1067333573
        0.0003238206  -0.0182002862   0.0273859412   0.0000395065  -0.0048855794
       -0.0009511757  -0.0000742587  -0.0002656569  -0.0006789516   0.0000027705
       -0.0006275775  -0.0028430163   0.0000461099   0.0002882133  -0.0006299369
       -0.0000446230  -0.0001220390   0.0000488095  -0.0000138851  -0.0014578791
        0.0015860674   0.0001521899  -0.0004531090   0.0000431941   0.0000023944
        0.0001410303   0.0001940728  -0.0001020290   0.0006761480   0.0006814307
        0.0000072051   0.1228605361  -0.1196302992  -0.0004154033   0.0009327040
       -0.0014507932  -0.0001665620  -0.0000781235   0.0001653581   0.0000121173
        0.0000856816  -0.0000358522  -0.0000699676  -0.0002703149  -0.0001651693
        0.0003284074
        0.0132970782  -0.0272370722  -0.0001313593   0.1070449844  -0.2340358125
       -0.0003769106   0.0026288616  -0.0028427540  -0.0000161835  -0.0006681981
        0.0015700079   0.0000459525  -0.0006150442   0.0008378443   0.0000085839
       -0.0034560025  -0.0044491537  -0.0000701468   0.0006210552  -0.0018761596
        0.0000224199   0.0000927358  -0.0000570340   0.0000203205   0.0007684720
       -0.0003239717  -0.0002543854   0.0000018441   0.0000726542   0.0000299592
       -0.0000368664  -0.0000277651   0.0001407865  -0.0006704696   0.0011672327
        0.0000132656  -0.1196302992   0.2656215192   0.0004101350   0.0013514435
        0.0013883042  -0.0001355096   0.0002327258   0.0002672458  -0.0000214763
       -0.0000766768  -0.0001702998  -0.0002125117  -0.0008856436   0.0000952143
        0.0005270601
        0.0004967736  -0.0000301742   0.0011223969   0.0002619120  -0.0004847754
       -0.0342077363  -0.0000184387   0.0000441208   0.0003730235  -0.0000496746
       -0.0001092935   0.0086132419   0.0000063197   0.0000487099  -0.0000626359
       -0.0000495169   0.0000628870   0.0074395338  -0.0000434219  -0.0000232609
       -0.0001542751   0.0000117123  -0.0000115422  -0.0016759888   0.0000577214
       -0.0000224735   0.0000092359   0.0000219121   0.0000251291  -0.0001647097
        0.0000120202  -0.0000099719  -0.0000008394   0.0000089181   0.0000276674
       -0.0029930752  -0.0004154033   0.0004101350   0.0241058631  -0.0003362799
        0.0002611017  -0.0021073093   0.0001676652   0.0000109984  -0.0000498303
       -0.0004863179  -0.0000218718  -0.0002003575   0.0003540984  -0.0001773857
       -0.0000465377
       -0.2182631639   0.0008107949  -0.0032666079  -0.0237146284  -0.0063398440
       -0.0000733311   0.0003113028  -0.0023894235   0.0002119770   0.0002700270
        0.0001622940   0.0000836057  -0.0000510358   0.0022315995   0.0002077629
       -0.0232496239   0.0060208569  -0.0000728820   0.0010583161  -0.0014276932
       -0.0003319358  -0.0008040501   0.0000036374  -0.0000730321  -0.0008243528
       -0.0000115267   0.0002482217   0.0000109246   0.0000319822  -0.0001180938
        0.0000075906  -0.0000309670  -0.0001231223  -0.0007990560  -0.0000040777
       -0.0000765697   0.0009327040   0.0013514435  -0.0003362799   0.4663251904
        0.0016144544  -0.0084583960  -0.0705958801  -0.0700118202   0.0344350337
       -0.0611021612   0.0051115917  -0.0670489170  -0.0695121031   0.0628766977
        0.0447925665
       -0.0005261508  -0.0652093280  -0.0000347415  -0.0256633918  -0.0027016086
       -0.0008010982  -0.0015321086  -0.0038547903  -0.0003993338  -0.0001188490
       -0.0000714148   0.0000157631   0.0014520470  -0.0037226627   0.0004003795
        0.0254731194  -0.0029809073   0.0007950502   0.0016744315   0.0013280729
       -0.0002548653   0.0014259235  -0.0002161883  -0.0000289141   0.0001521868
        0.0002527953  -0.0000580078  -0.0000885267   0.0000177168   0.0000121263
        0.0000856693   0.0000041166   0.0000279065  -0.0014399442  -0.0002168840
        0.0000308653  -0.0014507932   0.0013883042   0.0002611017   0.0016144544
        0.5257916342   0.0002662447  -0.0703056145  -0.2174968409   0.0798845507
        0.0055101904  -0.0433804842   0.0169451241   0.0637373567  -0.1889315308
       -0.0970621515
        0.0010523287  -0.0000127407  -0.0574472540   0.0005966213  -0.0004052282
        0.0001530553   0.0001142637   0.0002070216   0.0062048451   0.0006399560
        0.0000047520   0.0001945483   0.0001019363  -0.0002131554   0.0064318086
        0.0006163712   0.0003894853   0.0005921288  -0.0001662957   0.0001351851
       -0.0021415726   0.0000088267   0.0000109243   0.0003075175  -0.0004461496
       -0.0000007969  -0.0006258217  -0.0000705349   0.0000938257  -0.0002995925
       -0.0000732711  -0.0000901326  -0.0003061003   0.0000088587  -0.0000099885
        0.0003147461  -0.0001665620  -0.0001355096  -0.0021073093  -0.0084583960
        0.0002662447   0.4858383972   0.0338969384   0.0797848308  -0.0800117667
       -0.0723257414   0.0169986548  -0.2496459381   0.0446708498  -0.0970233724
       -0.1074516917
       -0.0160154695  -0.0264620016   0.0115414689  -0.0059289844   0.0004544694
        0.0008721753  -0.0008582390  -0.0010198370  -0.0007681213   0.0007789145
       -0.0001055616   0.0000076492   0.0001368624  -0.0003089370  -0.0003102677
        0.0009730075  -0.0020669361  -0.0001417987  -0.0004083150   0.0010467221
        0.0002742346   0.0001118278   0.0000276509  -0.0000346258  -0.0004848179
        0.0000779940   0.0002121514   0.0000066551  -0.0000312278  -0.0000468724
        0.0000597279   0.0000531542  -0.0000304817  -0.0004681799  -0.0000877024
       -0.0000974696  -0.0000781235   0.0002327258   0.0001676652  -0.0705958801
       -0.0703056145   0.0338969384   0.0850550686   0.0828576940  -0.0381890251
        0.0038311986   0.0071230665  -0.0035714172   0.0038847468   0.0085143410
       -0.0037822036
       -0.0053913211  -0.0025186987   0.0003000839  -0.0009517193   0.0003220258
        0.0004713598   0.0000627542   0.0000023576  -0.0001216819   0.0004711892
        0.0002457849  -0.0001064928  -0.0001797397  -0.0003409639  -0.0002421935
        0.0022222479   0.0008469312  -0.0002641495   0.0001582789   0.0001772489
        0.0001514116  -0.0000009331   0.0000601957   0.0000317463  -0.0003182217
        0.0000075708   0.0001347716   0.0000169158  -0.0000086633  -0.0000436977
        0.0000213622   0.0000231565   0.0000101548  -0.0001163337  -0.0000641301
       -0.0000204701   0.0001653581   0.0002672458   0.0000109984  -0.0700118202
       -0.2174968409   0.0797848308   0.0828576940   0.2507955275  -0.0939784294
       -0.0011174870  -0.0047273006   0.0044785613  -0.0078882244  -0.0275914472
        0.0094031966
        0.0000391714  -0.0001196883   0.0006092861   0.0000920048   0.0000551387
        0.0005204094  -0.0004395280  -0.0000165213   0.0002117992  -0.0004566313
       -0.0002885557   0.0001149090   0.0002431202   0.0001713516   0.0000262995
       -0.0005724767   0.0002507378   0.0001967164   0.0002826545  -0.0004370526
       -0.0000076385   0.0000047224  -0.0000457476  -0.0000055185   0.0003530413
       -0.0000018219  -0.0002086072  -0.0000116960   0.0000220568   0.0000328945
       -0.0000321091  -0.0000391612   0.0000555033   0.0000193006   0.0000182989
       -0.0000555793   0.0000121173  -0.0000214763  -0.0000498303   0.0344350337
        0.0798845507  -0.0800117667  -0.0381890251  -0.0939784294   0.0896098527
        0.0093228786   0.0293233327  -0.0173362708  -0.0051025786  -0.0147770128
        0.0062975413
       -0.0196101935   0.0024879746  -0.0284657439  -0.0004243152   0.0013333289
       -0.0005673690  -0.0008639140   0.0003498447   0.0013750469   0.0016528573
        0.0000601786  -0.0001796469  -0.0010668397  -0.0002676063   0.0014643710
       -0.0009072664  -0.0013331605  -0.0007412478   0.0000557292  -0.0000000121
       -0.0004702666  -0.0001266338   0.0000550763   0.0000762333  -0.0013374014
       -0.0000103733   0.0004081995   0.0000474393  -0.0000622816  -0.0002216677
        0.0000414815   0.0000622416  -0.0002271708  -0.0000739522  -0.0000485183
        0.0000626466   0.0000856816  -0.0000766768  -0.0004863179  -0.0611021612
        0.0055101904  -0.0723257414   0.0038311986  -0.0011174870   0.0093228786
        0.0759206107  -0.0065873830   0.0816816553   0.0038776792  -0.0003553360
        0.0092941406
        0.0008773716   0.0014151075   0.0002340015  -0.0013820408  -0.0002176971
        0.0003418418   0.0004110774  -0.0003065162   0.0001118779  -0.0000473384
        0.0004665097  -0.0000137855  -0.0002994868  -0.0002455035  -0.0002143331
        0.0012280134  -0.0001401119  -0.0003608717   0.0000031149  -0.0001262687
        0.0000931839   0.0000105311  -0.0000200432   0.0000296249   0.0000224590
       -0.0000806730  -0.0000009227   0.0000116185   0.0000100348   0.0000243353
       -0.0000112377   0.0000076500  -0.0000131244  -0.0000040590  -0.0000103954
       -0.0000235374  -0.0000358522  -0.0001702998  -0.0000218718   0.0051115917
       -0.0433804842   0.0169986548   0.0071230665  -0.0047273006   0.0293233327
       -0.0065873830   0.0472749673  -0.0198214647  -0.0064314462   0.0002510243
       -0.0266869415
       -0.0072420892   0.0002565221  -0.0003890166   0.0006451215   0.0009102524
        0.0001783190  -0.0003142693   0.0003794149   0.0002617861   0.0010327341
       -0.0000311070  -0.0000275234  -0.0002629316  -0.0003746056   0.0002593327
        0.0005205141  -0.0008835283  -0.0000857839  -0.0000191849   0.0001065497
       -0.0001843376  -0.0000288781   0.0000626713   0.0000261520  -0.0006697070
       -0.0000081351   0.0002247688   0.0000122277  -0.0000472551  -0.0001051127
        0.0000093988   0.0000454410  -0.0001052345  -0.0000214081  -0.0000675602
        0.0000227022  -0.0000699676  -0.0002125117  -0.0002003575  -0.0670489170
        0.0169451241  -0.2496459381  -0.0035714172   0.0044785613  -0.0173362708
        0.0816816553  -0.0198214647   0.2896382649  -0.0046528815  -0.0017383690
       -0.0225317506
       -0.0167762171   0.0244094131   0.0153742272   0.0008575957   0.0018802296
       -0.0001209291   0.0001027974   0.0003249070  -0.0004565327   0.0008748438
        0.0001787803   0.0000038803  -0.0009758511   0.0008374711  -0.0010078728
       -0.0052841218  -0.0006357539   0.0010787129  -0.0000747684  -0.0002153291
        0.0002218105  -0.0004309985   0.0000831717  -0.0001213775  -0.0005982177
       -0.0000749821   0.0002654909   0.0000598637  -0.0000648165  -0.0000413698
        0.0000120133   0.0000415975  -0.0000536118   0.0001022964  -0.0000277765
       -0.0000409075  -0.0002703149  -0.0008856436   0.0003540984  -0.0695121031
        0.0637373567   0.0446708498   0.0038847468  -0.0078882244  -0.0051025786
        0.0038776792  -0.0064314462  -0.0046528815   0.0841507563  -0.0752689547
       -0.0503710086
        0.0055751414  -0.0021047861  -0.0004901976  -0.0021445876   0.0006168673
        0.0002863304   0.0002574888  -0.0003531304   0.0002816551  -0.0004349895
        0.0002621479   0.0001177933   0.0000138588   0.0000084745   0.0001840844
        0.0009460190   0.0003292593  -0.0004772563  -0.0001656767   0.0002468409
       -0.0000434680   0.0000985649  -0.0000590351   0.0000188087   0.0002895179
       -0.0000002877  -0.0001301724  -0.0000178278   0.0000215041  -0.0000196210
       -0.0000205419  -0.0000089090   0.0000354712   0.0000014539   0.0000498060
       -0.0000374486  -0.0001651693   0.0000952143  -0.0001773857   0.0628766977
       -0.1889315308  -0.0970233724   0.0085143410  -0.0275914472  -0.0147770128
       -0.0003553360   0.0002510243  -0.0017383690  -0.0752689547   0.2171679875
        0.1139901608
        0.0006805027  -0.0000942899   0.0007597121  -0.0007045916  -0.0003502401
        0.0003901008   0.0002881588  -0.0002194924   0.0000481471  -0.0005980677
        0.0003215877   0.0001118129  -0.0004543479   0.0000557893   0.0001804744
        0.0000903914   0.0000190737   0.0002089368   0.0000023311   0.0000396255
       -0.0000319032   0.0000261793  -0.0000254203  -0.0000303726   0.0004511660
        0.0000086988  -0.0002417718  -0.0000361779   0.0000459437   0.0000603959
       -0.0000129460  -0.0000295048   0.0000450895   0.0000054994   0.0000569044
       -0.0000033808   0.0003284074   0.0005270601  -0.0000465377   0.0447925665
       -0.0970621515  -0.1074516917  -0.0037822036   0.0094031966   0.0062975413
        0.0092941406  -0.0266869415  -0.0225317506  -0.0503710086   0.1139901608
        0.1222351976
