           1           2   1.39987549233865     
           2           3   1.46568111404126     
           3           4   1.34295341007435     
           2           5  0.102764642431923     
           4           5   1.34495750550166     
           1           6   1.40270537671855     
           3           6  0.102269659289447     
           5           6   1.46264047463503     
           6           7  0.969768219321140     
           5           8  0.968927727267978     
           4           9   1.16403057338835     
           9          10  0.943630659354186     
           9          11  0.943609380283526     
           3          12  0.968906159338522     
           2          13  0.970021765196235     
           1          14   1.02291682339747     
          14          15  0.983722810755712     
          14          16  0.969976544785825     
          14          17  0.981745933915151     
