$hessian                                                                        
        0.6725625131   0.0209859628  -0.0038107565  -0.3432900845   0.0365402817
        0.0015857395  -0.0446430248  -0.0754901678   0.0016566543  -0.0261096107
        0.0227259765   0.0004276691   0.0297567665   0.0144952120  -0.0006213326
       -0.1089352545   0.0703288062  -0.0006301479  -0.0185531954   0.0028207302
        0.0000149318  -0.0008206710  -0.0034910833   0.0001115411  -0.0026357005
       -0.0063714054  -0.0015800254   0.0008027566  -0.0004023169   0.0004528098
       -0.0002152280   0.0004379967   0.0006492298  -0.0547444892   0.0243125703
       -0.0002212613   0.0028094230   0.0183395911  -0.0002493513  -0.0016130094
       -0.0090938123   0.0001485802  -0.1078971195  -0.1166114746   0.0021440650
        0.0053723953  -0.0006143436  -0.0001616204  -0.0009215623   0.0014071622
        0.0000608671  -0.0005294848  -0.0001343389  -0.0001942343   0.0001088710
       -0.0000257717   0.0000005901  -0.0005042910  -0.0001595752   0.0002160519
        0.0209859628   0.6554199467  -0.0083217388  -0.0355094630  -0.0871809845
        0.0008514533  -0.0253249125   0.0180393894  -0.0001097124   0.0233215071
       -0.0054204570   0.0001897345  -0.0139037786  -0.0587612270   0.0013469883
        0.1083954358  -0.2684680876   0.0026700506   0.0254625605  -0.0010742035
       -0.0002053120  -0.0032946073  -0.0038625128   0.0001704422  -0.0028691453
       -0.0020549485  -0.0010024257   0.0004873517   0.0000881485   0.0003757183
       -0.0001752673   0.0007597902   0.0001682628   0.0357812298   0.0002821969
       -0.0002612755  -0.0074575204  -0.0094946123   0.0002175603  -0.0074923377
        0.0104213821  -0.0001097371  -0.1160177354  -0.2429613910   0.0037644142
       -0.0034884438  -0.0061976698   0.0003122679   0.0007778055   0.0003529117
       -0.0000420999   0.0001405969  -0.0000499274   0.0002777579   0.0000390395
        0.0002069609  -0.0000085447   0.0001417217  -0.0000447048  -0.0002838042
       -0.0038107565  -0.0083217388   0.1097384866   0.0025032642   0.0003203864
       -0.0415665078   0.0006119870   0.0002747361  -0.0020224984  -0.0001790580
       -0.0001107801  -0.0029581112   0.0000074559   0.0008158314   0.0023569192
       -0.0012722853   0.0029728440  -0.0458902695  -0.0001951297  -0.0000069701
       -0.0003677575   0.0000665231   0.0001524858   0.0051014543   0.0000304987
        0.0000766708  -0.0000180761  -0.0000223204   0.0000041167  -0.0000313385
        0.0000381032  -0.0000206615   0.0000490264  -0.0003291889  -0.0001908752
       -0.0056821201   0.0001169177   0.0000773589   0.0012016688   0.0001123041
       -0.0000140383   0.0047543293   0.0021556905   0.0037909047  -0.0318462578
        0.0001567618   0.0001867172   0.0066922707   0.0000132430   0.0000063561
        0.0007611546  -0.0004442278  -0.0000906748  -0.0001409101   0.0000008192
       -0.0000070572   0.0000178006   0.0004393982   0.0000843879  -0.0001492634
       -0.3432900845  -0.0355094630   0.0025032642   0.6682721667  -0.0182578204
       -0.0040149411  -0.1257713781  -0.0515090823   0.0008933839   0.0364635821
       -0.0212613306  -0.0004696178  -0.0239984268  -0.0215121990   0.0006144083
       -0.0535673035   0.0617174591  -0.0006223239  -0.1056769970   0.1145766032
       -0.0007122474  -0.0006950407  -0.0000837903  -0.0000174246   0.0009578432
        0.0104807497   0.0018990506  -0.0017195713   0.0008487981  -0.0006733239
        0.0009327889   0.0002708851  -0.0007133497   0.0197554887   0.0029359389
        0.0000147762  -0.0039040497  -0.0084045053   0.0001060540  -0.0072057816
        0.0100096957  -0.0001607445  -0.0164979556  -0.0016422969   0.0001349292
       -0.0463410005  -0.0396197261   0.0013309367   0.0013757837  -0.0031028378
       -0.0000812931   0.0002505076   0.0001697987   0.0000745225   0.0003977181
       -0.0003149537   0.0000042278   0.0002617105   0.0002080769  -0.0001102873
        0.0365402817  -0.0871809845   0.0003203864  -0.0182578204   0.6569845592
       -0.0070083893  -0.1158061897  -0.2710996514   0.0034176653   0.0076793811
       -0.0525576951   0.0000234231  -0.0105987816  -0.0069269281   0.0001673728
        0.0133479218   0.0158175753  -0.0003236748   0.1137572809  -0.2467572942
        0.0019472939  -0.0006033652   0.0005229687  -0.0000527504   0.0063181767
        0.0019473851   0.0021207230  -0.0007743366   0.0008685176  -0.0005377011
       -0.0003096451  -0.0016982088  -0.0007896188   0.0174979790  -0.0054689409
        0.0001922642  -0.0051491486  -0.0067476994   0.0000952234  -0.0020993605
        0.0066485968  -0.0001606958  -0.0246128040  -0.0006408699   0.0001847830
       -0.0183298989  -0.0047962851   0.0005219596   0.0010372919   0.0007933038
       -0.0000985090  -0.0001272131   0.0004612447  -0.0003258413   0.0006150087
       -0.0006512947   0.0000006744  -0.0001247582   0.0004817010   0.0003054116
        0.0015857395   0.0008514533  -0.0415665078  -0.0040149411  -0.0070083893
        0.1049661514   0.0021339720   0.0033674755  -0.0463364761  -0.0001173306
        0.0007493746  -0.0009973176   0.0001210533   0.0001349310  -0.0018509179
        0.0002854171  -0.0005072892   0.0009996750  -0.0008294936   0.0018622808
       -0.0310266719   0.0000089874  -0.0000216839  -0.0005803064   0.0001987243
        0.0001733344   0.0037184472  -0.0000752399  -0.0002429745  -0.0002414513
       -0.0001145490  -0.0002677898   0.0012950829  -0.0004638919   0.0002000974
        0.0088013498   0.0000994914   0.0001380539  -0.0013427511   0.0001048773
       -0.0002157577  -0.0013467078   0.0004544833   0.0000331335   0.0008415999
        0.0006658164   0.0007821181   0.0066757704  -0.0000123192  -0.0000451195
       -0.0024552576   0.0000947895   0.0001965976   0.0000359028  -0.0000086921
        0.0000153220   0.0003430562  -0.0001168940  -0.0001951682   0.0000673301
       -0.0446430248  -0.0253249125   0.0006119870  -0.1257713781  -0.1158061897
        0.0021339720   0.5862776675   0.0380302611  -0.0053997223  -0.0849579182
        0.1094783838  -0.0000322647  -0.0513895169   0.0120662343   0.0002503542
        0.0293485917   0.0063900319  -0.0001736343   0.0088241753   0.0125025601
       -0.0003163430  -0.0045806963   0.0005560454  -0.0000187520  -0.0026884209
       -0.0252812889  -0.0024229117   0.0004507266  -0.0038157067   0.0022229368
       -0.0026830536  -0.0015335628   0.0000273397  -0.0437120746  -0.0001192823
        0.0000680534   0.0134532756   0.0196682768  -0.0002011873   0.0129333297
       -0.0190635832   0.0001504342  -0.0043044546  -0.0000698514   0.0001389028
       -0.2508518711  -0.0211333858   0.0027002683  -0.0357448797   0.0128172161
        0.0003155134   0.0017224302  -0.0016122310  -0.0019018879  -0.0034700449
        0.0037859666  -0.0000452427   0.0017871371  -0.0015349819   0.0018921840
       -0.0754901678   0.0180393894   0.0002747361  -0.0515090823  -0.2710996514
        0.0033674755   0.0380302611   0.6537988874  -0.0069589238   0.0534891919
       -0.1999513265   0.0029024674   0.0472030766   0.0191937642  -0.0005892039
        0.0101664989  -0.0391985641   0.0003846439  -0.0096587834  -0.0264954777
        0.0003065204  -0.0008979251   0.0001419752   0.0001901537   0.0024722274
       -0.0632738379  -0.0031207000   0.0037001945  -0.0007252331   0.0014503002
       -0.0045669417  -0.0023628537   0.0005043220  -0.0078608382  -0.0011204542
       -0.0000365554   0.0010604718   0.0036450069  -0.0000226291   0.0031544471
       -0.0047960279   0.0001252062   0.0007924407   0.0006937825   0.0000952591
       -0.0437157813  -0.0914268082   0.0016524605   0.0287414071   0.0078837107
       -0.0005695145   0.0008405900   0.0004925351  -0.0001868860   0.0032252669
       -0.0039403459   0.0000584720   0.0008234455   0.0005015294   0.0001723956
        0.0016566543  -0.0001097124  -0.0020224984   0.0008933839   0.0034176653
       -0.0463364761  -0.0053997223  -0.0069589238   0.1269340448  -0.0003155267
        0.0013692036  -0.0552673060  -0.0002440083  -0.0005289792  -0.0028060527
       -0.0004622899   0.0004963526  -0.0057281062   0.0000564766   0.0002153721
        0.0004907849   0.0000364066   0.0001277852   0.0084354949   0.0001690716
       -0.0000373903   0.0029305197  -0.0003055237   0.0001818228  -0.0001501100
        0.0001218858   0.0006496169   0.0031401329   0.0004352042   0.0000492065
        0.0007819239  -0.0001022122  -0.0001820532  -0.0002153162  -0.0001372789
        0.0001802557  -0.0000050592   0.0000877670   0.0001029905   0.0078986789
        0.0039073198   0.0012681276  -0.0360958215  -0.0002368013  -0.0003412345
       -0.0037577382   0.0013740415  -0.0004334473   0.0005878386  -0.0000597343
        0.0000717418   0.0005895300  -0.0014751138   0.0004616001   0.0005955360
       -0.0261096107   0.0233215071  -0.0001790580   0.0364635821   0.0076793811
       -0.0001173306  -0.0849579182   0.0534891919  -0.0003155267   0.7045700420
        0.0478929834  -0.0022529887  -0.3354950262   0.0307865579   0.0007151833
       -0.0370240876  -0.0601516878   0.0008074768  -0.0012145148  -0.0035004766
        0.0001492950  -0.0172453162   0.0026037303   0.0001886742  -0.1548014362
       -0.1124167090   0.0088455786  -0.0236813567  -0.0249456440  -0.0058639201
        0.0114292966   0.0079681113  -0.0023065000   0.0058166649  -0.0017095166
        0.0000452773  -0.0018400952  -0.0038123288   0.0000813674  -0.0002118416
        0.0028296327  -0.0000706170  -0.0007590010   0.0001330276  -0.0000215674
       -0.0710360626   0.0307067574   0.0001592764  -0.0027931731  -0.0033409225
        0.0001824966  -0.0002267034   0.0005813261   0.0003768373  -0.0006692196
        0.0013233817  -0.0000241295  -0.0002142223   0.0005616971  -0.0003998247
        0.0227259765  -0.0054204570  -0.0001107801  -0.0212613306  -0.0525576951
        0.0007493746   0.1094783838  -0.1999513265   0.0013692036   0.0478929834
        0.6486709931  -0.0041339907  -0.0269061332  -0.0896297516   0.0012487604
       -0.0148052495   0.0162365507  -0.0001187272  -0.0018899392  -0.0030242349
        0.0001114789   0.0249976609  -0.0000571423  -0.0001379913  -0.1141147839
       -0.2760050794   0.0133668097  -0.0108966613   0.0025067290  -0.0049338147
       -0.0079941072  -0.0318206545  -0.0075928863  -0.0280511140  -0.0048151257
        0.0003349774   0.0067387173   0.0103848896  -0.0002030190   0.0085523941
       -0.0095729657   0.0000547638   0.0002133373   0.0002771036  -0.0000273618
        0.0062215250  -0.0028257188  -0.0002475197  -0.0014894765  -0.0022132092
        0.0003013732   0.0005521907  -0.0001383721  -0.0002839065  -0.0005717040
        0.0000857864   0.0000001772   0.0006073305  -0.0001303195   0.0002530787
        0.0004276691   0.0001897345  -0.0029581112  -0.0004696178   0.0000234231
       -0.0009973176  -0.0000322647   0.0029024674  -0.0552673060  -0.0022529887
       -0.0041339907   0.1224265943   0.0022022746   0.0004489547  -0.0432556737
        0.0005143538  -0.0000330605  -0.0032935422   0.0000957354   0.0001390852
        0.0070797398  -0.0002904537  -0.0000388602   0.0014378613  -0.0058827054
       -0.0091198553  -0.0270695293   0.0033094975   0.0049649460  -0.0047838424
        0.0030331492   0.0050811451  -0.0044774987  -0.0005847257   0.0002570241
        0.0075377090   0.0003043416   0.0002882032  -0.0004801139   0.0001837783
       -0.0002904280  -0.0012712954  -0.0000220842  -0.0000271725  -0.0000417536
       -0.0007103947  -0.0006442043   0.0022548240   0.0001439232  -0.0000368563
        0.0031193661  -0.0004484591   0.0002606028  -0.0000587015   0.0000143330
       -0.0000172408   0.0001700313   0.0004646383  -0.0002139176  -0.0000714404
        0.0297567665  -0.0139037786   0.0000074559  -0.0239984268  -0.0105987816
        0.0001210533  -0.0513895169   0.0472030766  -0.0002440083  -0.3354950262
       -0.0269061332   0.0022022746   0.6804981405  -0.0010895824  -0.0016710526
       -0.1128194992  -0.0670913033   0.0015431152  -0.0002183031  -0.0004464015
       -0.0000042829  -0.1169780001   0.1198056944  -0.0009463483  -0.0401556226
       -0.0203279194  -0.0035124476   0.0015269646  -0.0039647210   0.0010125537
       -0.0004377683   0.0036277888   0.0009551868  -0.0398395333  -0.0262555947
        0.0005468518  -0.0066090994   0.0010477569   0.0000214491  -0.0007011651
       -0.0104675920   0.0001341881  -0.0011784719   0.0035152762   0.0000062294
        0.0206897597   0.0055561081  -0.0001786155  -0.0028435303   0.0012945366
       -0.0000175660   0.0001908349  -0.0005178924  -0.0003661644  -0.0002011080
        0.0000193832   0.0000051423   0.0002026050  -0.0004999208   0.0003849853
        0.0144952120  -0.0587612270   0.0008158314  -0.0215121990  -0.0069269281
        0.0001349310   0.0120662343   0.0191937642  -0.0005289792   0.0307865579
       -0.0896297516   0.0004489547  -0.0010895824   0.6539047700  -0.0073363272
       -0.1028739254  -0.2682528987   0.0040404993  -0.0005068153   0.0004150742
        0.0000325868   0.1197502056  -0.2325475516   0.0022015959  -0.0416745317
       -0.0057018176   0.0005690802  -0.0022377839  -0.0048092195  -0.0004116490
       -0.0019978667   0.0022347062  -0.0001421890  -0.0311023085  -0.0021812852
        0.0000370502   0.0043922280   0.0056645127   0.0000140949   0.0051687561
       -0.0045982419  -0.0000128156   0.0029000102  -0.0036562575   0.0001684540
        0.0118767638  -0.0037201420   0.0000510033   0.0011042635  -0.0000130983
       -0.0000573823   0.0001121059  -0.0001385843  -0.0000337355   0.0002251370
       -0.0003641155  -0.0000146858   0.0001175388  -0.0001117085   0.0000236818
       -0.0006213326   0.0013469883   0.0023569192   0.0006144083   0.0001673728
       -0.0018509179   0.0002503542  -0.0005892039  -0.0028060527   0.0007151833
        0.0012487604  -0.0432556737  -0.0016710526  -0.0073363272   0.1008700776
        0.0017294845   0.0031525596  -0.0408546293   0.0000076099  -0.0000086521
       -0.0001242929  -0.0011241714   0.0023661500  -0.0304601205  -0.0005202524
       -0.0007099177   0.0044702629   0.0006106247   0.0002913906   0.0015136402
       -0.0000967536  -0.0002158084  -0.0010588338   0.0007299209   0.0000846129
       -0.0043874414  -0.0000861352  -0.0001100078   0.0041860672  -0.0000748771
        0.0001451783   0.0010907837  -0.0000184275   0.0000975856   0.0050082173
       -0.0004987455   0.0000507248   0.0042301745   0.0000565331  -0.0000150618
        0.0010117159  -0.0001607941   0.0001459405   0.0000260976   0.0000014468
        0.0000035537   0.0000216971   0.0001569762  -0.0001158384   0.0000123092
       -0.1089352545   0.1083954358  -0.0012722853  -0.0535673035   0.0133479218
        0.0002854171   0.0293485917   0.0101664989  -0.0004622899  -0.0370240876
       -0.0148052495   0.0005143538  -0.1128194992  -0.1028739254   0.0017294845
        0.5626923007  -0.0053541015  -0.0016566380  -0.0054877825  -0.0002122207
        0.0000940377   0.0074572561   0.0121877382  -0.0002498117  -0.0059924827
       -0.0027333310  -0.0002521976  -0.0002592108  -0.0007422028  -0.0002635390
       -0.0002758060   0.0000003431   0.0005086186  -0.1552695823  -0.0004430048
        0.0001194716  -0.0518067418  -0.0442219837   0.0008648201  -0.0538751678
        0.0431819837  -0.0004429886   0.0070786406  -0.0114491937   0.0000785339
       -0.0235292599  -0.0033354926   0.0003727889   0.0017667023  -0.0020178063
        0.0000039534   0.0002349356   0.0004827162   0.0002454319   0.0000458786
       -0.0000317614   0.0000205182   0.0002178728   0.0004576357  -0.0002376797
        0.0703288062  -0.2684680876   0.0029728440   0.0617174591   0.0158175753
       -0.0005072892   0.0063900319  -0.0391985641   0.0004963526  -0.0601516878
        0.0162365507  -0.0000330605  -0.0670913033  -0.2682528987   0.0031525596
       -0.0053541015   0.7085961921  -0.0089263540  -0.0008021484   0.0013235065
        0.0000942740  -0.0084164394  -0.0267188830   0.0005899607   0.0043344683
        0.0010384695   0.0010397892  -0.0004860312   0.0004646785  -0.0005375300
        0.0007157754  -0.0009639869  -0.0000232878  -0.0091123863  -0.0709875107
        0.0000069982  -0.0479808676  -0.0145136410   0.0005827679   0.0544634414
       -0.0266758855   0.0007377832   0.0102145923  -0.0267237259   0.0002768386
       -0.0089000931  -0.0013594523  -0.0000260243   0.0005930312  -0.0000956452
        0.0000639614  -0.0002739787   0.0002200928   0.0001281576   0.0000857159
        0.0000803816   0.0000231693  -0.0002742845   0.0001808342  -0.0001119107
       -0.0006301479   0.0026700506  -0.0458902695  -0.0006223239  -0.0003236748
        0.0009996750  -0.0001736343   0.0003846439  -0.0057281062   0.0008074768
       -0.0001187272  -0.0032935422   0.0015431152   0.0040404993  -0.0408546293
       -0.0016566380  -0.0089263540   0.1177774296   0.0001267865   0.0000611515
        0.0075795311   0.0000848045   0.0003116470   0.0003279046   0.0002073164
        0.0007473907   0.0046107622  -0.0003403005  -0.0002768430   0.0019008920
        0.0001001495  -0.0003994393   0.0004034031   0.0002647806   0.0000291943
       -0.0719636391   0.0010275112   0.0006870528   0.0156320708  -0.0007284447
        0.0005624594   0.0165527274  -0.0001796409   0.0004862265   0.0012622915
        0.0001828418   0.0000406611   0.0005082884  -0.0000171689   0.0000381527
        0.0001842229  -0.0000609174   0.0000104070  -0.0000015254   0.0000014329
       -0.0000029080  -0.0000099444   0.0000630011  -0.0000215905   0.0000024573
       -0.0185531954   0.0254625605  -0.0001951297  -0.1056769970   0.1137572809
       -0.0008294936   0.0088241753  -0.0096587834   0.0000564766  -0.0012145148
       -0.0018899392   0.0000957354  -0.0002183031  -0.0005068153   0.0000076099
       -0.0054877825  -0.0008021484   0.0001267865   0.1277550711  -0.1271475575
        0.0007702852  -0.0000338593  -0.0000733913  -0.0000135692   0.0001969641
       -0.0008854569  -0.0000271687   0.0000935205  -0.0000284021   0.0000141851
       -0.0000828325  -0.0002052782   0.0000114416   0.0000954626   0.0016417583
       -0.0000206305   0.0000073420  -0.0001952742   0.0000039177  -0.0009973560
        0.0004273071  -0.0000096731   0.0006455253   0.0008080608  -0.0000336261
       -0.0001810158   0.0012120373  -0.0000362321  -0.0016895069  -0.0009695830
        0.0000331370  -0.0017222399  -0.0003351352   0.0011913844  -0.0000252390
       -0.0002275690   0.0000025284  -0.0017352186  -0.0003836713  -0.0011479647
        0.0028207302  -0.0010742035  -0.0000069701   0.1145766032  -0.2467572942
        0.0018622808   0.0125025601  -0.0264954777   0.0002153721  -0.0035004766
       -0.0030242349   0.0001390852  -0.0004464015   0.0004150742  -0.0000086521
       -0.0002122207   0.0013235065   0.0000611515  -0.1271475575   0.2736568223
       -0.0021703263  -0.0000512254   0.0000812916  -0.0000071682   0.0008911743
       -0.0012930693   0.0000867266   0.0002254003   0.0000103949   0.0000122855
       -0.0001740391  -0.0002751197  -0.0000752956  -0.0000268384  -0.0001621682
        0.0000196234  -0.0000792681  -0.0001432076  -0.0000007168  -0.0000061325
        0.0001838268  -0.0000085844  -0.0009066065   0.0009081171  -0.0000334482
        0.0021041736   0.0009993010  -0.0000625730   0.0003781349   0.0003865491
       -0.0000101312  -0.0005343249   0.0004774459   0.0005776618   0.0001717739
        0.0003540349  -0.0000097252  -0.0005854594   0.0004284110  -0.0005805958
        0.0000149318  -0.0002053120  -0.0003677575  -0.0007122474   0.0019472939
       -0.0310266719  -0.0003163430   0.0003065204   0.0004907849   0.0001492950
        0.0001114789   0.0070797398  -0.0000042829   0.0000325868  -0.0001242929
        0.0000940377   0.0000942740   0.0075795311   0.0007702852  -0.0021703263
        0.0226738589   0.0000028023  -0.0000120899  -0.0010330516  -0.0000488478
       -0.0000129729  -0.0003279134   0.0000229050   0.0000290451   0.0001639575
       -0.0000149554   0.0000157660  -0.0004148063   0.0000126934   0.0000035257
        0.0012157221  -0.0000000830   0.0000066884  -0.0000611071   0.0000052593
       -0.0000219830  -0.0007271870  -0.0000117144  -0.0000573615  -0.0027341866
       -0.0000266729  -0.0000377005  -0.0016276552   0.0000037666  -0.0000085112
       -0.0002164546   0.0011783067   0.0000936348  -0.0001957444  -0.0000037876
       -0.0000073945  -0.0001758313  -0.0011153484  -0.0001071621  -0.0001709344
       -0.0008206710  -0.0032946073   0.0000665231  -0.0006950407  -0.0006033652
        0.0000089874  -0.0045806963  -0.0008979251   0.0000364066  -0.0172453162
        0.0249976609  -0.0002904537  -0.1169780001   0.1197502056  -0.0011241714
        0.0074572561  -0.0084164394   0.0000848045  -0.0000338593  -0.0000512254
        0.0000028023   0.1338985415  -0.1322285527   0.0010631031   0.0018466766
        0.0014432856  -0.0000563830   0.0005237098  -0.0000053440  -0.0000898495
       -0.0006647913  -0.0009716755   0.0002800742   0.0010302231  -0.0011026803
        0.0000221771   0.0002619039   0.0009013900  -0.0000200582  -0.0030841935
       -0.0004333905   0.0000134225   0.0003297371  -0.0007717770   0.0000193309
       -0.0006952796   0.0013737022  -0.0000173614  -0.0005307104   0.0002161866
        0.0000043971   0.0000211068  -0.0000096749  -0.0000157591  -0.0000640492
        0.0001124266  -0.0000027843   0.0000234524  -0.0000082003   0.0000147918
       -0.0034910833  -0.0038625128   0.0001524858  -0.0000837903   0.0005229687
       -0.0000216839   0.0005560454   0.0001419752   0.0001277852   0.0026037303
       -0.0000571423  -0.0000388602   0.1198056944  -0.2325475516   0.0023661500
        0.0121877382  -0.0267188830   0.0003116470  -0.0000733913   0.0000812916
       -0.0000120899  -0.1322285527   0.2627398539  -0.0028394959  -0.0012099446
        0.0005857964  -0.0003534536  -0.0002226864  -0.0001334875   0.0001613589
        0.0000008204   0.0000582492   0.0001668577   0.0023690949  -0.0021077223
        0.0000222246   0.0003241147   0.0004287186  -0.0000177564  -0.0005188057
        0.0023010990  -0.0000432494   0.0007720942  -0.0012450761   0.0000514860
       -0.0007532238  -0.0002867367  -0.0000040723   0.0000073844   0.0000934707
       -0.0000226262  -0.0000239085  -0.0000006311   0.0000226990   0.0000074473
        0.0000044008  -0.0000034004  -0.0000287778   0.0000019192  -0.0000260061
        0.0001115411   0.0001704422   0.0051014543  -0.0000174246  -0.0000527504
       -0.0005803064  -0.0000187520   0.0001901537   0.0084354949   0.0001886742
       -0.0001379913   0.0014378613  -0.0009463483   0.0022015959  -0.0304601205
       -0.0002498117   0.0005899607   0.0003279046  -0.0000135692  -0.0000071682
       -0.0010330516   0.0010631031  -0.0028394959   0.0216025716  -0.0001278375
       -0.0003589068  -0.0017289848   0.0001380993   0.0000542428   0.0000206921
       -0.0000668551   0.0002299214  -0.0005745346  -0.0000856935  -0.0000276982
       -0.0026470365   0.0000078730   0.0000120960  -0.0000407626   0.0000224492
       -0.0000389135   0.0001401385  -0.0000100180   0.0000490840   0.0011640235
        0.0000095617   0.0000119652  -0.0002824955  -0.0000079674  -0.0000487411
       -0.0008236693   0.0001239376  -0.0000962375  -0.0000121425  -0.0000046438
        0.0000027866  -0.0000322399  -0.0001163183   0.0000956547  -0.0000147965
       -0.0026357005  -0.0028691453   0.0000304987   0.0009578432   0.0063181767
        0.0001987243  -0.0026884209   0.0024722274   0.0001690716  -0.1548014362
       -0.1141147839  -0.0058827054  -0.0401556226  -0.0416745317  -0.0005202524
       -0.0059924827   0.0043344683   0.0002073164   0.0001969641   0.0008911743
       -0.0000488478   0.0018466766  -0.0012099446  -0.0001278375   0.7238132653
       -0.0361418640  -0.0419573509  -0.3931611545   0.0232720861   0.0859973573
       -0.1396595136   0.1554294869  -0.0377968163   0.0055607888  -0.0017527654
        0.0000685902  -0.0034047079  -0.0026666959   0.0000226432  -0.0017380105
        0.0017230072  -0.0000170465   0.0001560924   0.0001511849  -0.0000387233
        0.0120782281   0.0048485234  -0.0000887705  -0.0001438840   0.0013421492
       -0.0002409704  -0.0001379460  -0.0001742987  -0.0000227670   0.0001015654
       -0.0000515815  -0.0000013137  -0.0001925444  -0.0001268733   0.0000491998
       -0.0063714054  -0.0020549485   0.0000766708   0.0104807497   0.0019473851
        0.0001733344  -0.0252812889  -0.0632738379  -0.0000373903  -0.1124167090
       -0.2760050794  -0.0091198553  -0.0203279194  -0.0057018176  -0.0007099177
       -0.0027333310   0.0010384695   0.0007473907  -0.0008854569  -0.0012930693
       -0.0000129729   0.0014432856   0.0005857964  -0.0003589068  -0.0361418640
        0.6947307877  -0.0758093179   0.0244610266  -0.0481509748   0.0035868489
        0.1544700798  -0.3046159794   0.0815406700   0.0131312657  -0.0008422346
        0.0000390664  -0.0050549374  -0.0052769750   0.0000207862  -0.0038367562
        0.0047817048  -0.0000199066   0.0002676883   0.0003063829  -0.0000904138
        0.0108099006   0.0022421381   0.0000869566  -0.0015520980   0.0020219498
       -0.0001325382  -0.0002234967  -0.0002898923   0.0001463467   0.0000002541
        0.0001791680  -0.0000089940  -0.0002389876  -0.0003289735  -0.0001178571
       -0.0015800254  -0.0010024257  -0.0000180761   0.0018990506   0.0021207230
        0.0037184472  -0.0024229117  -0.0031207000   0.0029305197   0.0088455786
        0.0133668097  -0.0270695293  -0.0035124476   0.0005690802   0.0044702629
       -0.0002521976   0.0010397892   0.0046107622  -0.0000271687   0.0000867266
       -0.0003279134  -0.0000563830  -0.0003534536  -0.0017289848  -0.0419573509
       -0.0758093179   0.0461295914   0.0678348583  -0.0002511734  -0.0151109169
       -0.0327666884   0.0627640396  -0.0166523912   0.0033538159  -0.0000805779
        0.0001759681  -0.0012844873  -0.0013807614  -0.0002153315  -0.0010650820
        0.0012499852   0.0002087383   0.0000484894   0.0000317337  -0.0007988539
        0.0031133453   0.0005830114  -0.0005411904  -0.0001862662   0.0004264519
        0.0000895360  -0.0000182819   0.0001663695   0.0001219408   0.0000589398
       -0.0000464671  -0.0001129604  -0.0000247873  -0.0003598428   0.0001203813
        0.0008027566   0.0004873517  -0.0000223204  -0.0017195713  -0.0007743366
       -0.0000752399   0.0004507266   0.0037001945  -0.0003055237  -0.0236813567
       -0.0108966613   0.0033094975   0.0015269646  -0.0022377839   0.0006106247
       -0.0002592108  -0.0004860312  -0.0003403005   0.0000935205   0.0002254003
        0.0000229050   0.0005237098  -0.0002226864   0.0001380993  -0.3931611545
        0.0244610266   0.0678348583   0.4283116514  -0.0151122871  -0.0741353127
       -0.0121688097   0.0006883625   0.0030314802  -0.0017494381   0.0000281201
       -0.0000461929   0.0005405790   0.0007176717   0.0000169808   0.0006459323
       -0.0008455221   0.0000129886   0.0000302524  -0.0000229300   0.0000310379
        0.0002046295  -0.0003241618  -0.0002599709  -0.0000782002   0.0001786803
        0.0001963985  -0.0000870100   0.0001416711  -0.0000262607  -0.0001735787
        0.0002272340  -0.0000198501  -0.0000523926   0.0000666876   0.0000261012
       -0.0004023169   0.0000881485   0.0000041167   0.0008487981   0.0008685176
       -0.0002429745  -0.0038157067  -0.0007252331   0.0001818228  -0.0249456440
        0.0025067290   0.0049649460  -0.0039647210  -0.0048092195   0.0002913906
       -0.0007422028   0.0004646785  -0.0002768430  -0.0000284021   0.0000103949
        0.0000290451  -0.0000053440  -0.0001334875   0.0000542428   0.0232720861
       -0.0481509748  -0.0002511734  -0.0151122871   0.0510815951   0.0006521476
        0.0227859670  -0.0005759732  -0.0052771842  -0.0004299594  -0.0003358978
       -0.0000324807  -0.0001020316   0.0001044501   0.0000231465   0.0000977836
       -0.0001694775   0.0000016904   0.0000351165   0.0000521078   0.0000496828
        0.0020431667  -0.0005155842   0.0000298367   0.0005592177  -0.0001007162
       -0.0001636232  -0.0000851683   0.0001453698   0.0000378200   0.0001052322
       -0.0000626738  -0.0000016548  -0.0001135838   0.0002572462  -0.0000739541
        0.0004528098   0.0003757183  -0.0000313385  -0.0006733239  -0.0005377011
       -0.0002414513   0.0022229368   0.0014503002  -0.0001501100  -0.0058639201
       -0.0049338147  -0.0047838424   0.0010125537  -0.0004116490   0.0015136402
       -0.0002635390  -0.0005375300   0.0019008920   0.0000141851   0.0000122855
        0.0001639575  -0.0000898495   0.0001613589   0.0000206921   0.0859973573
        0.0035868489  -0.0151109169  -0.0741353127   0.0006521476   0.0202613005
       -0.0063989460   0.0003787574  -0.0023425885  -0.0007944748  -0.0001075579
        0.0003059836   0.0003257034   0.0003433066  -0.0002377939   0.0002435186
       -0.0001870667  -0.0001116884  -0.0000433301  -0.0000064132  -0.0000994535
       -0.0020511829  -0.0000711108  -0.0009348039   0.0000075801  -0.0001427757
       -0.0000679042   0.0000042476  -0.0001374013  -0.0000873368  -0.0000343080
        0.0000038725   0.0001228210   0.0000672946   0.0001084244  -0.0000900586
       -0.0002152280  -0.0001752673   0.0000381032   0.0009327889  -0.0003096451
       -0.0001145490  -0.0026830536  -0.0045669417   0.0001218858   0.0114292966
       -0.0079941072   0.0030331492  -0.0004377683  -0.0019978667  -0.0000967536
       -0.0002758060   0.0007157754   0.0001001495  -0.0000828325  -0.0001740391
       -0.0000149554  -0.0006647913   0.0000008204  -0.0000668551  -0.1396595136
        0.1544700798  -0.0327666884  -0.0121688097   0.0227859670  -0.0063989460
        0.1426450200  -0.1635825227   0.0361407621   0.0004371339  -0.0003468841
       -0.0000446675  -0.0002200631  -0.0001854350   0.0000058105  -0.0000265685
        0.0003629535   0.0000019696   0.0000238190   0.0000447420  -0.0000286413
        0.0009535079   0.0006123087   0.0001400764   0.0000846475   0.0002198320
       -0.0000535063  -0.0000472026   0.0000512378  -0.0000014482   0.0000321025
        0.0000121505   0.0000011063  -0.0000566791   0.0000568420   0.0000039983
        0.0004379967   0.0007597902  -0.0000206615   0.0002708851  -0.0016982088
       -0.0002677898  -0.0015335628  -0.0023628537   0.0006496169   0.0079681113
       -0.0318206545   0.0050811451   0.0036277888   0.0022347062  -0.0002158084
        0.0000003431  -0.0009639869  -0.0003994393  -0.0002052782  -0.0002751197
        0.0000157660  -0.0009716755   0.0000582492   0.0002299214   0.1554294869
       -0.3046159794   0.0627640396   0.0006883625  -0.0005759732   0.0003787574
       -0.1635825227   0.3385330379  -0.0682762671  -0.0005458884  -0.0001185706
       -0.0000215189   0.0004280204   0.0003822830   0.0000221006   0.0002388891
       -0.0000181216  -0.0000238572  -0.0000275374   0.0000718277   0.0000607114
       -0.0022675743   0.0004524335   0.0000036568   0.0000384082  -0.0001479647
        0.0000262449   0.0000125354   0.0000394773   0.0000431583  -0.0000216409
        0.0000187174   0.0000071051   0.0000148526   0.0000469108  -0.0000568814
        0.0006492298   0.0001682628   0.0000490264  -0.0007133497  -0.0007896188
        0.0012950829   0.0000273397   0.0005043220   0.0031401329  -0.0023065000
       -0.0075928863  -0.0044774987   0.0009551868  -0.0001421890  -0.0010588338
        0.0005086186  -0.0000232878   0.0004034031   0.0000114416  -0.0000752956
       -0.0004148063   0.0002800742   0.0001668577  -0.0005745346  -0.0377968163
        0.0815406700  -0.0166523912   0.0030314802  -0.0052771842  -0.0023425885
        0.0361407621  -0.0682762671   0.0210632885  -0.0014235711   0.0001740452
       -0.0000068573   0.0005249178   0.0005577717   0.0000543376   0.0004550986
       -0.0006324708  -0.0000607852   0.0000039626  -0.0000361550  -0.0001744035
       -0.0003785233  -0.0002601397  -0.0003066164   0.0000601418  -0.0001306360
        0.0001231406  -0.0000300823   0.0000168278  -0.0000431105  -0.0000194709
        0.0000285927   0.0000140570   0.0000200598   0.0000787803  -0.0000300429
       -0.0547444892   0.0357812298  -0.0003291889   0.0197554887   0.0174979790
       -0.0004638919  -0.0437120746  -0.0078608382   0.0004352042   0.0058166649
       -0.0280511140  -0.0005847257  -0.0398395333  -0.0311023085   0.0007299209
       -0.1552695823  -0.0091123863   0.0002647806   0.0000954626  -0.0000268384
        0.0000126934   0.0010302231   0.0023690949  -0.0000856935   0.0055607888
        0.0131312657   0.0033538159  -0.0017494381  -0.0004299594  -0.0007944748
        0.0004371339  -0.0005458884  -0.0014235711   0.5897399182  -0.0019339755
       -0.0008833863  -0.1770093071  -0.1402659479   0.0026095793  -0.1847031459
        0.1457743788  -0.0022872543   0.0013760515  -0.0014749612   0.0000668750
        0.0366528827   0.0049848688  -0.0005721099  -0.0029130253   0.0029321794
       -0.0000045109  -0.0002982487  -0.0007983594  -0.0006009102   0.0000480613
       -0.0001418859  -0.0000313284  -0.0002738311  -0.0007265331   0.0005881768
        0.0243125703   0.0002821969  -0.0001908752   0.0029359389  -0.0054689409
        0.0002000974  -0.0001192823  -0.0011204542   0.0000492065  -0.0017095166
       -0.0048151257   0.0002570241  -0.0262555947  -0.0021812852   0.0000846129
       -0.0004430048  -0.0709875107   0.0000291943   0.0016417583  -0.0001621682
        0.0000035257  -0.0011026803  -0.0021077223  -0.0000276982  -0.0017527654
       -0.0008422346  -0.0000805779   0.0000281201  -0.0003358978  -0.0001075579
       -0.0003468841  -0.0001185706   0.0001740452  -0.0019339755   0.8315423996
       -0.0103024811  -0.1679578724  -0.3735592959   0.0053551630   0.1713772403
       -0.3675478366   0.0046302470   0.0010837983  -0.0021884470  -0.0000180128
        0.0001482780  -0.0002828980  -0.0000469500   0.0001044662  -0.0001610149
       -0.0000087614   0.0000045455   0.0000358967  -0.0000409473  -0.0000149043
       -0.0000174876   0.0000007533  -0.0000002355   0.0000363971   0.0000399925
       -0.0002212613  -0.0002612755  -0.0056821201   0.0000147762   0.0001922642
        0.0088013498   0.0000680534  -0.0000365554   0.0007819239   0.0000452773
        0.0003349774   0.0075377090   0.0005468518   0.0000370502  -0.0043874414
        0.0001194716   0.0000069982  -0.0719636391  -0.0000206305   0.0000196234
        0.0012157221   0.0000221771   0.0000222246  -0.0026470365   0.0000685902
        0.0000390664   0.0001759681  -0.0000461929  -0.0000324807   0.0003059836
       -0.0000446675  -0.0000215189  -0.0000068573  -0.0008833863  -0.0103024811
        0.1996059774   0.0029796995   0.0053304890  -0.0640150369  -0.0025732501
        0.0047020357  -0.0642289658  -0.0000391839  -0.0000004300  -0.0031672390
       -0.0000317777  -0.0000289282  -0.0018200243  -0.0000115227  -0.0000068532
       -0.0005817841   0.0002184275   0.0000270069   0.0000456043   0.0000007292
        0.0000043716  -0.0000155581  -0.0002121809  -0.0000255846   0.0000454644
        0.0028094230  -0.0074575204   0.0001169177  -0.0039040497  -0.0051491486
        0.0000994914   0.0134532756   0.0010604718  -0.0001022122  -0.0018400952
        0.0067387173   0.0003043416  -0.0066090994   0.0043922280  -0.0000861352
       -0.0518067418  -0.0479808676   0.0010275112   0.0000073420  -0.0000792681
       -0.0000000830   0.0002619039   0.0003241147   0.0000078730  -0.0034047079
       -0.0050549374  -0.0012844873   0.0005405790  -0.0001020316   0.0003257034
       -0.0002200631   0.0004280204   0.0005249178  -0.1770093071  -0.1679578724
        0.0029796995   0.2176276275   0.1957915842  -0.0037240999   0.0227555315
        0.0264769169  -0.0003840224  -0.0025561824   0.0005251477   0.0000076376
       -0.0111338279  -0.0017009357   0.0001677953   0.0008717996  -0.0007488659
        0.0000068625   0.0000904454   0.0002457231   0.0001896201  -0.0000185621
        0.0000290053   0.0000088788   0.0000847090   0.0002195183  -0.0001862098
        0.0183395911  -0.0094946123   0.0000773589  -0.0084045053  -0.0067476994
        0.0001380539   0.0196682768   0.0036450069  -0.0001820532  -0.0038123288
        0.0103848896   0.0002882032   0.0010477569   0.0056645127  -0.0001100078
       -0.0442219837  -0.0145136410   0.0006870528  -0.0001952742  -0.0001432076
        0.0000066884   0.0009013900   0.0004287186   0.0000120960  -0.0026666959
       -0.0052769750  -0.0013807614   0.0007176717   0.0001044501   0.0003433066
       -0.0001854350   0.0003822830   0.0005577717  -0.1402659479  -0.3735592959
        0.0053304890   0.1957915842   0.4870049101  -0.0081018203  -0.0232354625
       -0.0972160853   0.0021067410   0.0003731778   0.0020459324  -0.0000337826
       -0.0153305262  -0.0024526194   0.0002280464   0.0012990844  -0.0009180321
        0.0000134537   0.0000708745   0.0003042243   0.0003129602   0.0000492086
        0.0000945886   0.0000126346   0.0000595435   0.0002626518  -0.0003064311
       -0.0002493513   0.0002175603   0.0012016688   0.0001060540   0.0000952234
       -0.0013427511  -0.0002011873  -0.0000226291  -0.0002153162   0.0000813674
       -0.0002030190  -0.0004801139   0.0000214491   0.0000140949   0.0041860672
        0.0008648201   0.0005827679   0.0156320708   0.0000039177  -0.0000007168
       -0.0000611071  -0.0000200582  -0.0000177564  -0.0000407626   0.0000226432
        0.0000207862  -0.0002153315   0.0000169808   0.0000231465  -0.0002377939
        0.0000058105   0.0000221006   0.0000543376   0.0026095793   0.0053551630
       -0.0640150369  -0.0037240999  -0.0081018203   0.0237827446   0.0003480924
        0.0020057698   0.0208878375   0.0000119200  -0.0000256547   0.0004525105
        0.0001253216   0.0000309596   0.0004489443  -0.0000257777   0.0000230132
       -0.0000089395  -0.0000153059  -0.0000247061  -0.0000180878   0.0000038823
       -0.0000039420   0.0000007705   0.0000139421   0.0000096589  -0.0000117114
       -0.0016130094  -0.0074923377   0.0001123041  -0.0072057816  -0.0020993605
        0.0001048773   0.0129333297   0.0031544471  -0.0001372789  -0.0002118416
        0.0085523941   0.0001837783  -0.0007011651   0.0051687561  -0.0000748771
       -0.0538751678   0.0544634414  -0.0007284447  -0.0009973560  -0.0000061325
        0.0000052593  -0.0030841935  -0.0005188057   0.0000224492  -0.0017380105
       -0.0038367562  -0.0010650820   0.0006459323   0.0000977836   0.0002435186
       -0.0000265685   0.0002388891   0.0004550986  -0.1847031459   0.1713772403
       -0.0025732501   0.0227555315  -0.0232354625   0.0003480924   0.2272487906
       -0.2033659040   0.0029510029   0.0001496609  -0.0005978162  -0.0000113151
       -0.0104874677  -0.0013280371   0.0001516789   0.0007271613  -0.0009762180
        0.0000046893   0.0001170145   0.0002281200   0.0001147873  -0.0000453349
       -0.0000292670   0.0000099083   0.0001116217   0.0002050258  -0.0001171968
       -0.0090938123   0.0104213821  -0.0000140383   0.0100096957   0.0066485968
       -0.0002157577  -0.0190635832  -0.0047960279   0.0001802557   0.0028296327
       -0.0095729657  -0.0002904280  -0.0104675920  -0.0045982419   0.0001451783
        0.0431819837  -0.0266758855   0.0005624594   0.0004273071   0.0001838268
       -0.0000219830  -0.0004333905   0.0023010990  -0.0000389135   0.0017230072
        0.0047817048   0.0012499852  -0.0008455221  -0.0001694775  -0.0001870667
        0.0003629535  -0.0000181216  -0.0006324708   0.1457743788  -0.3675478366
        0.0047020357   0.0264769169  -0.0972160853   0.0020057698  -0.2033659040
        0.4822976741  -0.0072345180  -0.0006948843   0.0008902149   0.0000129958
        0.0146802143   0.0024490398  -0.0002001222  -0.0012184834   0.0012408897
       -0.0000065031  -0.0001388506  -0.0003261780  -0.0001725851  -0.0000177977
       -0.0000019454  -0.0000154855  -0.0001262700  -0.0002916623   0.0001711920
        0.0001485802  -0.0001097371   0.0047543293  -0.0001607445  -0.0001606958
       -0.0013467078   0.0001504342   0.0001252062  -0.0000050592  -0.0000706170
        0.0000547638  -0.0012712954   0.0001341881  -0.0000128156   0.0010907837
       -0.0004429886   0.0007377832   0.0165527274  -0.0000096731  -0.0000085844
       -0.0007271870   0.0000134225  -0.0000432494   0.0001401385  -0.0000170465
       -0.0000199066   0.0002087383   0.0000129886   0.0000016904  -0.0001116884
        0.0000019696  -0.0000238572  -0.0000607852  -0.0022872543   0.0046302470
       -0.0642289658  -0.0003840224   0.0021067410   0.0208878375   0.0029510029
       -0.0072345180   0.0236343932   0.0000106511  -0.0000128182  -0.0000206614
       -0.0000800004  -0.0000198470   0.0001817697   0.0000321980  -0.0000242313
        0.0003073905  -0.0000737708  -0.0000049927   0.0000089458  -0.0000032792
        0.0000022935   0.0000066605   0.0000739615   0.0000165281  -0.0000013643
       -0.1078971195  -0.1160177354   0.0021556905  -0.0164979556  -0.0246128040
        0.0004544833  -0.0043044546   0.0007924407   0.0000877670  -0.0007590010
        0.0002133373  -0.0000220842  -0.0011784719   0.0029000102  -0.0000184275
        0.0070786406   0.0102145923  -0.0001796409   0.0006455253  -0.0009066065
       -0.0000117144   0.0003297371   0.0007720942  -0.0000100180   0.0001560924
        0.0002676883   0.0000484894   0.0000302524   0.0000351165  -0.0000433301
        0.0000238190  -0.0000275374   0.0000039626   0.0013760515   0.0010837983
       -0.0000391839  -0.0025561824   0.0003731778   0.0000119200   0.0001496609
       -0.0006948843   0.0000106511   0.1249468366   0.1272511084  -0.0024878463
       -0.0017019956  -0.0016711332   0.0000332833   0.0000870771   0.0000485841
        0.0000025370   0.0000312321  -0.0000267899   0.0000038148   0.0000088855
        0.0000345984   0.0000010768   0.0000313700  -0.0000290560  -0.0000014305
       -0.1166114746  -0.2429613910   0.0037909047  -0.0016422969  -0.0006408699
        0.0000331335  -0.0000698514   0.0006937825   0.0001029905   0.0001330276
        0.0002771036  -0.0000271725   0.0035152762  -0.0036562575   0.0000975856
       -0.0114491937  -0.0267237259   0.0004862265   0.0008080608   0.0009081171
       -0.0000573615  -0.0007717770  -0.0012450761   0.0000490840   0.0001511849
        0.0003063829   0.0000317337  -0.0000229300   0.0000521078  -0.0000064132
        0.0000447420   0.0000718277  -0.0000361550  -0.0014749612  -0.0021884470
       -0.0000004300   0.0005251477   0.0020459324  -0.0000256547  -0.0005978162
        0.0008902149  -0.0000128182   0.1272511084   0.2721999102  -0.0044180924
        0.0001833466  -0.0001716232  -0.0000158274   0.0000294855   0.0000770627
        0.0000050616  -0.0000096957   0.0000148981   0.0000141622   0.0000179244
        0.0000365534   0.0000004733  -0.0000093073   0.0000134975  -0.0000114306
        0.0021440650   0.0037644142  -0.0318462578   0.0001349292   0.0001847830
        0.0008415999   0.0001389028   0.0000952591   0.0078986789  -0.0000215674
       -0.0000273618  -0.0000417536   0.0000062294   0.0001684540   0.0050082173
        0.0000785339   0.0002768386   0.0012622915  -0.0000336261  -0.0000334482
       -0.0027341866   0.0000193309   0.0000514860   0.0011640235  -0.0000387233
       -0.0000904138  -0.0007988539   0.0000310379   0.0000496828  -0.0000994535
       -0.0000286413   0.0000607114  -0.0001744035   0.0000668750  -0.0000180128
       -0.0031672390   0.0000076376  -0.0000337826   0.0004525105  -0.0000113151
        0.0000129958  -0.0000206614  -0.0024878463  -0.0044180924   0.0227305336
       -0.0000042970  -0.0000330638  -0.0007505780  -0.0000031131  -0.0000025956
        0.0002837406  -0.0000100181   0.0000377387  -0.0000023626   0.0000009823
       -0.0000021437  -0.0000012528   0.0000106237  -0.0000434489  -0.0000045933
        0.0053723953  -0.0034884438   0.0001567618  -0.0463410005  -0.0183298989
        0.0006658164  -0.2508518711  -0.0437157813   0.0039073198  -0.0710360626
        0.0062215250  -0.0007103947   0.0206897597   0.0118767638  -0.0004987455
       -0.0235292599  -0.0089000931   0.0001828418  -0.0001810158   0.0021041736
       -0.0000266729  -0.0006952796  -0.0007532238   0.0000095617   0.0120782281
        0.0108099006   0.0031133453   0.0002046295   0.0020431667  -0.0020511829
        0.0009535079  -0.0022675743  -0.0003785233   0.0366528827   0.0001482780
       -0.0000317777  -0.0111338279  -0.0153305262   0.0001253216  -0.0104874677
        0.0146802143  -0.0000800004  -0.0017019956   0.0001833466  -0.0000042970
        0.4606309454  -0.0622831755  -0.0030627350  -0.0934419824   0.0611194467
       -0.0009074992   0.0001535962   0.0082911236   0.0058118415  -0.0270203489
        0.0291458236  -0.0002490659  -0.0003158328   0.0084449540  -0.0059719153
       -0.0006143436  -0.0061976698   0.0001867172  -0.0396197261  -0.0047962851
        0.0007821181  -0.0211333858  -0.0914268082   0.0012681276   0.0307067574
       -0.0028257188  -0.0006442043   0.0055561081  -0.0037201420   0.0000507248
       -0.0033354926  -0.0013594523   0.0000406611   0.0012120373   0.0009993010
       -0.0000377005   0.0013737022  -0.0002867367   0.0000119652   0.0048485234
        0.0022421381   0.0005830114  -0.0003241618  -0.0005155842  -0.0000711108
        0.0006123087   0.0004524335  -0.0002601397   0.0049848688  -0.0002828980
       -0.0000289282  -0.0017009357  -0.0024526194   0.0000309596  -0.0013280371
        0.0024490398  -0.0000198470  -0.0016711332  -0.0001716232  -0.0000330638
       -0.0622831755   0.3511093372  -0.0052676504   0.0459179369  -0.1816117116
        0.0025716400   0.0176705840  -0.0336117033  -0.0070185268   0.0018522156
        0.0045612387  -0.0000910158   0.0172753491  -0.0325545360   0.0079462622
       -0.0001616204   0.0003122679   0.0066922707   0.0013309367   0.0005219596
        0.0066757704   0.0027002683   0.0016524605  -0.0360958215   0.0001592764
       -0.0002475197   0.0022548240  -0.0001786155   0.0000510033   0.0042301745
        0.0003727889  -0.0000260243   0.0005082884  -0.0000362321  -0.0000625730
       -0.0016276552  -0.0000173614  -0.0000040723  -0.0002824955  -0.0000887705
        0.0000869566  -0.0005411904  -0.0002599709   0.0000298367  -0.0009348039
        0.0001400764   0.0000036568  -0.0003066164  -0.0005721099  -0.0000469500
       -0.0018200243   0.0001677953   0.0002280464   0.0004489443   0.0001516789
       -0.0002001222   0.0001817697   0.0000332833  -0.0000158274  -0.0007505780
       -0.0030627350  -0.0052676504   0.0627886815  -0.0003188765   0.0020820306
       -0.0462651015   0.0155771169  -0.0216635834   0.0024668412   0.0002445742
       -0.0003375998   0.0006782669  -0.0161815031   0.0229037040   0.0016984550
       -0.0009215623   0.0007778055   0.0000132430   0.0013757837   0.0010372919
       -0.0000123192  -0.0357448797   0.0287414071  -0.0002368013  -0.0027931731
       -0.0014894765   0.0001439232  -0.0028435303   0.0011042635   0.0000565331
        0.0017667023   0.0005930312  -0.0000171689  -0.0016895069   0.0003781349
        0.0000037666  -0.0005307104   0.0000073844  -0.0000079674  -0.0001438840
       -0.0015520980  -0.0001862662  -0.0000782002   0.0005592177   0.0000075801
        0.0000846475   0.0000384082   0.0000601418  -0.0029130253   0.0001044662
       -0.0000115227   0.0008717996   0.0012990844  -0.0000257777   0.0007271613
       -0.0012184834   0.0000321980   0.0000870771   0.0000294855  -0.0000031131
       -0.0934419824   0.0459179369  -0.0003188765   0.4896616081   0.0619598728
       -0.0011953803  -0.0508859696  -0.0260920448  -0.0362130760  -0.2529109905
       -0.0890669615   0.0033269629  -0.0496773648  -0.0231287261   0.0345839204
        0.0014071622   0.0003529117   0.0000063561  -0.0031028378   0.0007933038
       -0.0000451195   0.0128172161   0.0078837107  -0.0003412345  -0.0033409225
       -0.0022132092  -0.0000368563   0.0012945366  -0.0000130983  -0.0000150618
       -0.0020178063  -0.0000956452   0.0000381527  -0.0009695830   0.0003865491
       -0.0000085112   0.0002161866   0.0000934707  -0.0000487411   0.0013421492
        0.0020219498   0.0004264519   0.0001786803  -0.0001007162  -0.0001427757
        0.0002198320  -0.0001479647  -0.0001306360   0.0029321794  -0.0001610149
       -0.0000068532  -0.0007488659  -0.0009180321   0.0000230132  -0.0009762180
        0.0012408897  -0.0000242313   0.0000485841   0.0000770627  -0.0000025956
        0.0611194467  -0.1816117116   0.0020820306   0.0619598728   0.4448101009
       -0.0000778738  -0.0269374782  -0.1038062107  -0.1006796058  -0.0814474426
       -0.0720495408   0.0012411002  -0.0239946916  -0.0965428052   0.0977429913
        0.0000608671  -0.0000420999   0.0007611546  -0.0000812931  -0.0000985090
       -0.0024552576   0.0003155134  -0.0005695145  -0.0037577382   0.0001824966
        0.0003013732   0.0031193661  -0.0000175660  -0.0000573823   0.0010117159
        0.0000039534   0.0000639614   0.0001842229   0.0000331370  -0.0000101312
       -0.0002164546   0.0000043971  -0.0000226262  -0.0008236693  -0.0002409704
       -0.0001325382   0.0000895360   0.0001963985  -0.0001636232  -0.0000679042
       -0.0000535063   0.0000262449   0.0001231406  -0.0000045109  -0.0000087614
       -0.0005817841   0.0000068625   0.0000134537  -0.0000089395   0.0000046893
       -0.0000065031   0.0003073905   0.0000025370   0.0000050616   0.0002837406
       -0.0009074992   0.0025716400  -0.0462651015  -0.0011953803  -0.0000778738
        0.4938133562  -0.0379806252  -0.0996809892  -0.1964383696   0.0031966519
        0.0013162730  -0.0434688042   0.0364738477   0.0965725443  -0.2056096004
       -0.0005294848   0.0001405969  -0.0004442278   0.0002505076  -0.0001272131
        0.0000947895   0.0017224302   0.0008405900   0.0013740415  -0.0002267034
        0.0005521907  -0.0004484591   0.0001908349   0.0001121059  -0.0001607941
        0.0002349356  -0.0002739787  -0.0000609174  -0.0017222399  -0.0005343249
        0.0011783067   0.0000211068  -0.0000239085   0.0001239376  -0.0001379460
       -0.0002234967  -0.0000182819  -0.0000870100  -0.0000851683   0.0000042476
       -0.0000472026   0.0000125354  -0.0000300823  -0.0002982487   0.0000045455
        0.0002184275   0.0000904454   0.0000708745  -0.0000153059   0.0001170145
       -0.0001388506  -0.0000737708   0.0000312321  -0.0000096957  -0.0000100181
        0.0001535962   0.0176705840   0.0155771169  -0.0508859696  -0.0269374782
       -0.0379806252   0.0571673306   0.0235486246   0.0392236505  -0.0079704156
       -0.0165060307  -0.0241368309   0.0019257868   0.0019074979   0.0055847956
       -0.0001343389  -0.0000499274  -0.0000906748   0.0001697987   0.0004612447
        0.0001965976  -0.0016122310   0.0004925351  -0.0004334473   0.0005813261
       -0.0001383721   0.0002606028  -0.0005178924  -0.0001385843   0.0001459405
        0.0004827162   0.0002200928   0.0000104070  -0.0003351352   0.0004774459
        0.0000936348  -0.0000096749  -0.0000006311  -0.0000962375  -0.0001742987
       -0.0002898923   0.0001663695   0.0001416711   0.0001453698  -0.0001374013
        0.0000512378   0.0000394773   0.0000168278  -0.0007983594   0.0000358967
        0.0000270069   0.0002457231   0.0003042243  -0.0000247061   0.0002281200
       -0.0003261780  -0.0000049927  -0.0000267899   0.0000148981   0.0000377387
        0.0082911236  -0.0336117033  -0.0216635834  -0.0260920448  -0.1038062107
       -0.0996809892   0.0235486246   0.1343893142   0.1209952156  -0.0059399154
       -0.0064781658  -0.0111029855   0.0019003395   0.0082591662   0.0112846766
       -0.0001942343   0.0002777579  -0.0001409101   0.0000745225  -0.0003258413
        0.0000359028  -0.0019018879  -0.0001868860   0.0005878386   0.0003768373
       -0.0002839065  -0.0000587015  -0.0003661644  -0.0000337355   0.0000260976
        0.0002454319   0.0001281576  -0.0000015254   0.0011913844   0.0005776618
       -0.0001957444  -0.0000157591   0.0000226990  -0.0000121425  -0.0000227670
        0.0001463467   0.0001219408  -0.0000262607   0.0000378200  -0.0000873368
       -0.0000014482   0.0000431583  -0.0000431105  -0.0006009102  -0.0000409473
        0.0000456043   0.0001896201   0.0003129602  -0.0000180878   0.0001147873
       -0.0001725851   0.0000089458   0.0000038148   0.0000141622  -0.0000023626
        0.0058118415  -0.0070185268   0.0024668412  -0.0362130760  -0.1006796058
       -0.1964383696   0.0392236505   0.1209952156   0.2225114299  -0.0017103748
       -0.0011390934  -0.0010871788  -0.0061790076  -0.0126748116  -0.0277191311
        0.0001088710   0.0000390395   0.0000008192   0.0003977181   0.0006150087
       -0.0000086921  -0.0034700449   0.0032252669  -0.0000597343  -0.0006692196
       -0.0005717040   0.0000143330  -0.0002011080   0.0002251370   0.0000014468
        0.0000458786   0.0000857159   0.0000014329  -0.0000252390   0.0001717739
       -0.0000037876  -0.0000640492   0.0000074473  -0.0000046438   0.0001015654
        0.0000002541   0.0000589398  -0.0001735787   0.0001052322  -0.0000343080
        0.0000321025  -0.0000216409  -0.0000194709   0.0000480613  -0.0000149043
        0.0000007292  -0.0000185621   0.0000492086   0.0000038823  -0.0000453349
       -0.0000177977  -0.0000032792   0.0000088855   0.0000179244   0.0000009823
       -0.0270203489   0.0018522156   0.0002445742  -0.2529109905  -0.0814474426
        0.0031966519  -0.0079704156  -0.0059399154  -0.0017103748   0.2993655830
        0.0872889849  -0.0036936045  -0.0075397741  -0.0056698043   0.0020141038
       -0.0000257717   0.0002069609  -0.0000070572  -0.0003149537  -0.0006512947
        0.0000153220   0.0037859666  -0.0039403459   0.0000717418   0.0013233817
        0.0000857864  -0.0000172408   0.0000193832  -0.0003641155   0.0000035537
       -0.0000317614   0.0000803816  -0.0000029080  -0.0002275690   0.0003540349
       -0.0000073945   0.0001124266   0.0000044008   0.0000027866  -0.0000515815
        0.0001791680  -0.0000464671   0.0002272340  -0.0000626738   0.0000038725
        0.0000121505   0.0000187174   0.0000285927  -0.0001418859  -0.0000174876
        0.0000043716   0.0000290053   0.0000945886  -0.0000039420  -0.0000292670
       -0.0000019454   0.0000022935   0.0000345984   0.0000365534  -0.0000021437
        0.0291458236   0.0045612387  -0.0003375998  -0.0890669615  -0.0720495408
        0.0013162730  -0.0165060307  -0.0064781658  -0.0011390934   0.0872889849
        0.0839583558  -0.0014463779  -0.0155831726  -0.0060146170   0.0015614170
        0.0000005901  -0.0000085447   0.0000178006   0.0000042278   0.0000006744
        0.0003430562  -0.0000452427   0.0000584720   0.0005895300  -0.0000241295
        0.0000001772   0.0001700313   0.0000051423  -0.0000146858   0.0000216971
        0.0000205182   0.0000231693  -0.0000099444   0.0000025284  -0.0000097252
       -0.0001758313  -0.0000027843  -0.0000034004  -0.0000322399  -0.0000013137
       -0.0000089940  -0.0001129604  -0.0000198501  -0.0000016548   0.0001228210
        0.0000011063   0.0000071051   0.0000140570  -0.0000313284   0.0000007533
       -0.0000155581   0.0000088788   0.0000126346   0.0000007705   0.0000099083
       -0.0000154855   0.0000066605   0.0000010768   0.0000004733  -0.0000012528
       -0.0002490659  -0.0000910158   0.0006782669   0.0033269629   0.0012411002
       -0.0434688042  -0.0241368309  -0.0111029855  -0.0010871788  -0.0036936045
       -0.0014463779   0.0449128566   0.0248232101   0.0113583101  -0.0019737779
       -0.0005042910   0.0001417217   0.0004393982   0.0002617105  -0.0001247582
       -0.0001168940   0.0017871371   0.0008234455  -0.0014751138  -0.0002142223
        0.0006073305   0.0004646383   0.0002026050   0.0001175388   0.0001569762
        0.0002178728  -0.0002742845   0.0000630011  -0.0017352186  -0.0005854594
       -0.0011153484   0.0000234524  -0.0000287778  -0.0001163183  -0.0001925444
       -0.0002389876  -0.0000247873  -0.0000523926  -0.0001135838   0.0000672946
       -0.0000566791   0.0000148526   0.0000200598  -0.0002738311  -0.0000002355
       -0.0002121809   0.0000847090   0.0000595435   0.0000139421   0.0001116217
       -0.0001262700   0.0000739615   0.0000313700  -0.0000093073   0.0000106237
       -0.0003158328   0.0172753491  -0.0161815031  -0.0496773648  -0.0239946916
        0.0364738477   0.0019257868   0.0019003395  -0.0061790076  -0.0075397741
       -0.0155831726   0.0248232101   0.0559158857   0.0201394071  -0.0371858002
       -0.0001595752  -0.0000447048   0.0000843879   0.0002080769   0.0004817010
       -0.0001951682  -0.0015349819   0.0005015294   0.0004616001   0.0005616971
       -0.0001303195  -0.0002139176  -0.0004999208  -0.0001117085  -0.0001158384
        0.0004576357   0.0001808342  -0.0000215905  -0.0003836713   0.0004284110
       -0.0001071621  -0.0000082003   0.0000019192   0.0000956547  -0.0001268733
       -0.0003289735  -0.0003598428   0.0000666876   0.0002572462   0.0001084244
        0.0000568420   0.0000469108   0.0000787803  -0.0007265331   0.0000363971
       -0.0000255846   0.0002195183   0.0002626518   0.0000096589   0.0002050258
       -0.0002916623   0.0000165281  -0.0000290560   0.0000134975  -0.0000434489
        0.0084449540  -0.0325545360   0.0229037040  -0.0231287261  -0.0965428052
        0.0965725443   0.0019074979   0.0082591662  -0.0126748116  -0.0056698043
       -0.0060146170   0.0113583101   0.0201394071   0.1255490627  -0.1179322281
        0.0002160519  -0.0002838042  -0.0001492634  -0.0001102873   0.0003054116
        0.0000673301   0.0018921840   0.0001723956   0.0005955360  -0.0003998247
        0.0002530787  -0.0000714404   0.0003849853   0.0000236818   0.0000123092
       -0.0002376797  -0.0001119107   0.0000024573  -0.0011479647  -0.0005805958
       -0.0001709344   0.0000147918  -0.0000260061  -0.0000147965   0.0000491998
       -0.0001178571   0.0001203813   0.0000261012  -0.0000739541  -0.0000900586
        0.0000039983  -0.0000568814  -0.0000300429   0.0005881768   0.0000399925
        0.0000454644  -0.0001862098  -0.0003064311  -0.0000117114  -0.0001171968
        0.0001711920  -0.0000013643  -0.0000014305  -0.0000114306  -0.0000045933
       -0.0059719153   0.0079462622   0.0016984550   0.0345839204   0.0977429913
       -0.2056096004   0.0055847956   0.0112846766  -0.0277191311   0.0020141038
        0.0015614170  -0.0019737779  -0.0371858002  -0.1179322281   0.2333047812
