           1           2   1.44967739716203     
           2           3   1.37814101844926     
           3           4   1.20004933997076     
           4           5   1.39395810792228     
           1           6   1.33366831245269     
           5           6   1.31764579354370     
           2           7  0.960145318929323     
           5           8  0.959961110092800     
           4           9   1.23820613484050     
           9          10  0.926683992507797     
           9          11  0.931998439995393     
           6          12   1.04288658995154     
          12          13   1.38472894394141     
          12          14   1.38665229428403     
          13          14  0.292848029905713     
           1          15  0.962998355084262     
           3          16   1.10910377263219     
          16          17  0.960804816451648     
          17          18  0.973731330816829     
          17          19  0.975108681910964     
          17          20  0.973826730631197     
