$hessian                                                                        
        0.5220935759   0.0101892759  -0.0283048012  -0.0951651386   0.0204669035
       -0.0473167482   0.0056036594  -0.0049682060   0.0073233438  -0.0001280343
        0.0002992420  -0.0018181461  -0.0671349996  -0.0089437412  -0.0024059239
       -0.0002247977   0.0009314315   0.0033526071  -0.0179484664   0.0099076219
       -0.0258643049   0.0004842274   0.0005851273  -0.0001014229  -0.2455970199
       -0.0668758483  -0.0055663437  -0.0989247720   0.0335925304   0.0920193701
       -0.0000590337  -0.0000910284   0.0001781404  -0.0000328854  -0.0000686822
        0.0000224035  -0.0047457007  -0.0293203152  -0.0004762383   0.0000950101
        0.0153778881  -0.0020286724   0.0008449900  -0.0000804720   0.0011909669
       -0.0002416294   0.0178507143   0.0098090126   0.0010810151   0.0011475583
       -0.0000132427
        0.0101892759   0.4446632138   0.0231885075   0.0197577451  -0.0821013081
        0.0365242349  -0.0049682767   0.0055754703  -0.0059168022   0.0011565003
       -0.0007484909   0.0033423976  -0.0099577648  -0.1737143390   0.0060560090
        0.0007161485   0.0002933734  -0.0028288382  -0.0028866010   0.0028555294
       -0.0049927747   0.0145572264  -0.0155487740   0.0264426086  -0.0665666117
       -0.0646634728  -0.0037441031   0.0337048671  -0.0633430503  -0.0595152972
       -0.0000561767  -0.0000847279  -0.0001109269  -0.0001146035   0.0003428451
        0.0003596995  -0.0049313238  -0.0164058703  -0.0004960044   0.0006086769
       -0.0171643701   0.0029597524  -0.0001133288   0.0001065585   0.0001248404
        0.0092315214  -0.0215214688  -0.0216858740  -0.0003272745   0.0014588816
        0.0002925708
       -0.0283048012   0.0231885075   0.5014023478  -0.0482697852   0.0394477955
       -0.1493199453  -0.0073235771   0.0059167239  -0.0312874739  -0.0005170600
        0.0010320386   0.0032771691  -0.0019963168   0.0018684213  -0.0606194884
        0.0020815755  -0.0019563077  -0.0047165641  -0.0043926383   0.0007064319
       -0.0034614353  -0.0022874383   0.0035315565  -0.0027215272  -0.0055906200
       -0.0041008767  -0.0448938877   0.0923959756  -0.0596457079  -0.1951645721
       -0.0000458165  -0.0002498949  -0.0001676693  -0.0000442987   0.0003105758
        0.0005101065  -0.0010426276  -0.0007313074   0.0008821313  -0.0007020410
        0.0237384342  -0.0011786847  -0.0008916075   0.0000968336   0.0007812947
        0.0080782896  -0.0332342622  -0.0136636796  -0.0011472126   0.0000810380
        0.0003418781
       -0.0951651386   0.0197577451  -0.0482697852   0.5116060354   0.0191905992
       -0.0000002762  -0.0951644723   0.0197576543   0.0482693382  -0.0005698499
        0.0049581292   0.0008268365  -0.0005698700   0.0049581889  -0.0008268647
        0.0056124745  -0.0043794010  -0.0107670976  -0.2528806268  -0.0591063040
        0.0000008423  -0.0460418328  -0.0173322653   0.0000000499  -0.0181254494
        0.0103375774  -0.0253015347   0.0056124711  -0.0043792998   0.0107668929
        0.0008074609  -0.0010236796  -0.0006544222   0.0008076751  -0.0003156801
       -0.0001555708   0.0008074660  -0.0010236822   0.0006544223   0.0008076776
       -0.0003156818   0.0001555744  -0.0181252409   0.0103376549   0.0253015988
        0.0007453290  -0.0016664827  -0.0000000038  -0.0001641090   0.0002449275
        0.0000000000
        0.0204669035  -0.0821013081   0.0394477955   0.0191905992   0.5278968338
       -0.0000002165   0.0204667938  -0.0821015721  -0.0394481738   0.0132729353
       -0.0197402823  -0.0235614832   0.0132730927  -0.0197401683   0.0235614518
       -0.0031853398   0.0035053498   0.0064016727  -0.0587629752  -0.0623532173
        0.0000002420  -0.0175344565  -0.2685701766   0.0000004593  -0.0031552524
        0.0031530791  -0.0059827802  -0.0031854230   0.0035053588  -0.0064017538
        0.0009613657   0.0007777771  -0.0004850574   0.0007149620  -0.0066817530
       -0.0007612366   0.0009613695   0.0007777766   0.0004850497   0.0007149680
       -0.0066817510   0.0007612593  -0.0031551945   0.0031530944   0.0059827779
       -0.0011288396   0.0056522504  -0.0000000074   0.0000844914  -0.0004512912
        0.0000000005
       -0.0473167482   0.0365242349  -0.1493199453  -0.0000002762  -0.0000002165
        0.4421393238   0.0473162992  -0.0365246073  -0.1493203464   0.0021639243
       -0.0089224192  -0.0021348427  -0.0021639809   0.0089224458  -0.0021349365
        0.0110031277  -0.0091202497  -0.0259280185   0.0000008410   0.0000002436
       -0.0413356627   0.0000000496   0.0000004586  -0.0405568765  -0.0045908960
        0.0016496301  -0.0037109576  -0.0110033370   0.0091201764  -0.0259280274
       -0.0000559676   0.0004687060   0.0003813228  -0.0002109175   0.0002962704
        0.0012088692   0.0000559610  -0.0004686998   0.0003813178   0.0002109195
       -0.0002962422   0.0012088642   0.0045910074  -0.0016497264  -0.0037111814
       -0.0000000062  -0.0000000049  -0.0012776649   0.0000000000   0.0000000000
        0.0000387622
        0.0056036594  -0.0049682767  -0.0073235771  -0.0951644723   0.0204667938
        0.0473162992   0.5220939607   0.0101891922   0.0283046379  -0.0671349696
       -0.0089437447   0.0024060017  -0.0001280162   0.0002992418   0.0018181673
       -0.0989260423   0.0335926458  -0.0920201814  -0.0179482663   0.0099077057
        0.0258643708   0.0004842447   0.0005851067   0.0001013980   0.0008449882
       -0.0000804766  -0.0011909676  -0.0002248333   0.0009314354  -0.0033526404
       -0.0047456911  -0.0293203092   0.0004763806   0.0000950270   0.0153777303
        0.0020286090  -0.0000590328  -0.0000910285  -0.0001781380  -0.0000328834
       -0.0000686818  -0.0000223989  -0.2455969465  -0.0668758018   0.0055679749
       -0.0002417523   0.0178509091  -0.0098091681   0.0010810261   0.0011475584
        0.0000132320
       -0.0049682060   0.0055754703   0.0059167239   0.0197576543  -0.0821015721
       -0.0365246073   0.0101891922   0.4446630440  -0.0231883773  -0.0099577996
       -0.1737143670  -0.0060555437   0.0011564803  -0.0007485061  -0.0033423924
        0.0337049778  -0.0633426185   0.0595145800  -0.0028865530   0.0028555422
        0.0049927742   0.0145570503  -0.0155488731  -0.0264426654  -0.0001133282
        0.0001065574  -0.0001248355   0.0007161613   0.0002933909   0.0028288175
       -0.0049313164  -0.0164058673   0.0004960983   0.0006086602  -0.0171644636
       -0.0029596999  -0.0000561740  -0.0000847277   0.0001109283  -0.0001146019
        0.0003428424  -0.0003596991  -0.0665665706  -0.0646634586   0.0037446351
        0.0092316448  -0.0215212753   0.0216858366  -0.0003272714   0.0014588819
       -0.0002925733
        0.0073233438  -0.0059168022  -0.0312874739   0.0482693382  -0.0394481738
       -0.1493203464   0.0283046379  -0.0231883773   0.5014020895   0.0019963982
       -0.0018679624  -0.0606194918   0.0005170779  -0.0010320276   0.0032771665
       -0.0923967832   0.0596449956  -0.1951636766   0.0043927485  -0.0007065222
       -0.0034616634   0.0022873663  -0.0035315157  -0.0027214368   0.0008916064
       -0.0000968326   0.0007812997  -0.0020816110   0.0019562819  -0.0047165424
        0.0010426846   0.0007315744   0.0008821132   0.0007020318  -0.0237384843
       -0.0011786102   0.0000458135   0.0002498948  -0.0001676717   0.0000443000
       -0.0003105775   0.0005101077   0.0055922558   0.0041014148  -0.0448939883
       -0.0080784162   0.0332341650  -0.0136637473   0.0011472077  -0.0000810508
        0.0003418723
       -0.0001280343   0.0011565003  -0.0005170600  -0.0005698499   0.0132729353
        0.0021639243  -0.0671349696  -0.0099577996   0.0019963982   0.5269536257
        0.0083523931  -0.0377735495   0.0062359440  -0.0064253758   0.0068327007
       -0.0000972636   0.0139375363  -0.0018805555   0.0005269189   0.0012208651
        0.0002903839  -0.0003838533   0.0016159665   0.0024123995   0.0001191672
       -0.0000037150   0.0000501177  -0.0000893405   0.0002370152   0.0001807054
       -0.2374064462  -0.0682726689   0.0064774790  -0.1006577818   0.0414484436
        0.0854332954   0.0009532664   0.0001536809   0.0024603035   0.0000612875
        0.0009122098   0.0042294294  -0.0035194351  -0.0299902632   0.0008383383
       -0.1066461035   0.0173444636  -0.0444490822  -0.0182171320   0.0149978128
       -0.0287452282
        0.0002992420  -0.0007484909   0.0010320386   0.0049581292  -0.0197402823
       -0.0089224192  -0.0089437447  -0.1737143670  -0.0018679624   0.0083523931
        0.4324172976   0.0343388581  -0.0064254679   0.0015529584  -0.0092359096
        0.0002880867  -0.0112072802   0.0018419036  -0.0007970929   0.0008403507
        0.0005921559   0.0004850903   0.0005861494  -0.0019641874  -0.0003729455
       -0.0000779345  -0.0002992191  -0.0000133865   0.0001595761   0.0001585797
       -0.0682276890  -0.0649584190  -0.0015518913   0.0411654974  -0.0738867678
       -0.0684016616   0.0000249901   0.0006601253   0.0007923074   0.0009148307
        0.0004062942  -0.0024739935  -0.0037718352  -0.0152859110   0.0003795793
        0.0374295363  -0.0767517121   0.0622837388  -0.0053656340  -0.0002515869
       -0.0067019172
       -0.0018181461   0.0033423976   0.0032771691   0.0008268365  -0.0235614832
       -0.0021348427   0.0024060017  -0.0060555437  -0.0606194918  -0.0377735495
        0.0343388581   0.4916015433  -0.0068329766   0.0092358394  -0.0381127565
       -0.0007821300   0.0231347024  -0.0023731909  -0.0004354474  -0.0002897203
        0.0006966703   0.0026982907  -0.0038613800  -0.0041391879   0.0001296035
       -0.0002741402  -0.0001391448  -0.0001034508   0.0004395109   0.0006883154
        0.0044315820  -0.0012624299  -0.0436977145   0.0889833618  -0.0694158371
       -0.1761045129  -0.0011128415  -0.0000206283   0.0006158814   0.0024052530
       -0.0020408620  -0.0054260777  -0.0001647006   0.0007736386   0.0006253995
       -0.0491048175   0.0321105170  -0.1613369127  -0.0037528691   0.0034065608
       -0.0034211467
       -0.0671349996  -0.0099577648  -0.0019963168  -0.0005698700   0.0132730927
       -0.0021639809  -0.0001280162   0.0011564803   0.0005170779   0.0062359440
       -0.0064254679  -0.0068329766   0.5269541346   0.0083522951   0.0377732574
       -0.0000893420   0.0002370118  -0.0001807001   0.0005269193   0.0012208664
       -0.0002903872  -0.0003838880   0.0016159850  -0.0024124308  -0.0035194401
       -0.0299902720  -0.0008382040  -0.0000972455   0.0139373799   0.0018804908
        0.0009532564   0.0001536715  -0.0024603034   0.0000612422   0.0009122089
       -0.0042294697  -0.2374065203  -0.0682726844  -0.0064758901  -0.1006589879
        0.0414486267  -0.0854339655   0.0001191667  -0.0000037141  -0.0000501191
       -0.1066454513   0.0173443967   0.0444486387  -0.0182169022   0.0149978881
        0.0287452793
       -0.0089437412  -0.1737143390   0.0018684213   0.0049581889  -0.0197401683
        0.0089224458   0.0002992418  -0.0007485061  -0.0010320276  -0.0064253758
        0.0015529584   0.0092358394   0.0083522951   0.4324170892  -0.0343387524
       -0.0000133860   0.0001595754  -0.0001585778  -0.0007970956   0.0008403501
       -0.0005921513   0.0004850957   0.0005861696   0.0019641683  -0.0037718379
       -0.0152859165  -0.0003794959   0.0002880750  -0.0112073679  -0.0018418741
        0.0000249871   0.0006601216  -0.0007923041   0.0009148403   0.0004063122
        0.0024739680  -0.0682276997  -0.0649584291   0.0015524568   0.0411656608
       -0.0738862860   0.0684010165  -0.0003729427  -0.0000779327   0.0002992231
        0.0374292713  -0.0767520542  -0.0622843004  -0.0053655770  -0.0002515768
        0.0067019443
       -0.0024059239   0.0060560090  -0.0606194884  -0.0008268647   0.0235614518
       -0.0021349365   0.0018181673  -0.0033423924   0.0032771665   0.0068327007
       -0.0092359096  -0.0381127565   0.0377732574  -0.0343387524   0.4916012831
        0.0001034520  -0.0004395138   0.0006883173   0.0004354505   0.0002897105
        0.0006966716  -0.0026983200   0.0038613523  -0.0041391747   0.0001647439
       -0.0007733711   0.0006254054   0.0007821154  -0.0231347654  -0.0023731229
        0.0011128381   0.0000206243   0.0006158969  -0.0024052970   0.0020408336
       -0.0054260468  -0.0044299859   0.0012630027  -0.0436976683  -0.0889840278
        0.0694151948  -0.1761037759  -0.0001296067   0.0002741390  -0.0001391482
        0.0491043074  -0.0321109375  -0.1613372367   0.0037529932  -0.0034066757
       -0.0034213858
       -0.0002247977   0.0007161485   0.0020815755   0.0056124745  -0.0031853398
        0.0110031277  -0.0989260423   0.0337049778  -0.0923967832  -0.0000972636
        0.0002880867  -0.0007821300  -0.0000893420  -0.0000133860   0.0001034520
        0.1123407109  -0.0405291215   0.1053857404   0.0005799794  -0.0001681211
        0.0004910297   0.0001097741  -0.0003793328  -0.0002651232   0.0000903609
        0.0000343848   0.0002002804   0.0003185523  -0.0001244070   0.0005193995
        0.0003879520  -0.0003552306   0.0003049236  -0.0002370007   0.0002560540
        0.0000213026   0.0000208984   0.0000158986  -0.0000079435  -0.0000218768
       -0.0000126503  -0.0000126704  -0.0207149264   0.0086351527  -0.0266179815
        0.0006087486   0.0012453465  -0.0001635451   0.0002417983  -0.0001284605
        0.0001353455
        0.0009314315   0.0002933734  -0.0019563077  -0.0043794010   0.0035053498
       -0.0091202497   0.0335926458  -0.0633426185   0.0596449956   0.0139375363
       -0.0112072802   0.0231347024   0.0002370118   0.0001595754  -0.0004395138
       -0.0405291215   0.0754445281  -0.0680345891  -0.0002267364   0.0001739762
        0.0003915921  -0.0002647432   0.0002397801  -0.0002265885   0.0000844960
       -0.0001387785   0.0000723702  -0.0001244136   0.0000836260  -0.0006701492
        0.0001844453   0.0005282955   0.0004444015   0.0003314982   0.0003031346
        0.0001642314   0.0000449259  -0.0000806679  -0.0000667207   0.0000024661
       -0.0000131174  -0.0000468909  -0.0049607727   0.0036050800  -0.0069631456
        0.0015131003  -0.0095983916   0.0037782395  -0.0003743689   0.0000441349
       -0.0001063774
        0.0033526071  -0.0028288382  -0.0047165641  -0.0107670976   0.0064016727
       -0.0259280185  -0.0920201814   0.0595145800  -0.1951636766  -0.0018805555
        0.0018419036  -0.0023731909  -0.0001807001  -0.0001585778   0.0006883173
        0.1053857404  -0.0680345891   0.2293845683  -0.0001885012   0.0004737668
        0.0003948427  -0.0003757144  -0.0001363889   0.0002875462   0.0002120986
       -0.0000868213   0.0001896482  -0.0005194120   0.0006701434  -0.0016791635
        0.0002036241   0.0000783573  -0.0000742406  -0.0000907590  -0.0000159122
        0.0002756770   0.0000553147  -0.0000211671  -0.0000574380   0.0000205103
       -0.0000740473   0.0000193331  -0.0033240810   0.0003996014  -0.0013025337
       -0.0000793592   0.0020398853   0.0000304063   0.0001964663  -0.0000635689
        0.0000244869
       -0.0179484664  -0.0028866010  -0.0043926383  -0.2528806268  -0.0587629752
        0.0000008410  -0.0179482663  -0.0028865530   0.0043927485   0.0005269189
       -0.0007970929  -0.0004354474   0.0005269193  -0.0007970956   0.0004354505
        0.0005799794  -0.0002267364  -0.0001885012   0.2961538301   0.0675697709
       -0.0000009634  -0.0062418749  -0.0049121271   0.0000000346  -0.0019450002
        0.0012570071  -0.0035091885   0.0005799742  -0.0002267388   0.0001885001
        0.0002436381   0.0005959794   0.0001251320   0.0002377945  -0.0001609546
       -0.0000728075   0.0002436376   0.0005959806  -0.0001251360   0.0002377946
       -0.0001609561   0.0000728067  -0.0019449496   0.0012570047   0.0035091692
       -0.0005465360   0.0005031841   0.0000000005   0.0001252335   0.0000389040
       -0.0000000008
        0.0099076219   0.0028555294   0.0007064319  -0.0591063040  -0.0623532173
        0.0000002436   0.0099077057   0.0028555422  -0.0007065222   0.0012208651
        0.0008403507  -0.0002897203   0.0012208664   0.0008403501   0.0002897105
       -0.0001681211   0.0001739762   0.0004737668   0.0675697709   0.0693813444
       -0.0000002639  -0.0327049603  -0.0137362644   0.0000001403   0.0014857363
       -0.0001072848   0.0017260372  -0.0001681273   0.0001739733  -0.0004737649
       -0.0000657857  -0.0002395344  -0.0002817389  -0.0001235947  -0.0000428589
        0.0000833947  -0.0000657819  -0.0002395341   0.0002817402  -0.0001235949
       -0.0000428598  -0.0000833936   0.0014857365  -0.0001072978  -0.0017260622
       -0.0000552385  -0.0000168800  -0.0000000000  -0.0002167945  -0.0002353348
        0.0000000008
       -0.0258643049  -0.0049927747  -0.0034614353   0.0000008423   0.0000002420
       -0.0413356627   0.0258643708   0.0049927742  -0.0034616634   0.0002903839
        0.0005921559   0.0006966703  -0.0002903872  -0.0005921513   0.0006966716
        0.0004910297   0.0003915921   0.0003948427  -0.0000009634  -0.0000002639
        0.0537229497   0.0000000832   0.0000000435   0.0011819465  -0.0036176763
        0.0021827258  -0.0042017862  -0.0004910316  -0.0003915906   0.0003948478
       -0.0002027054  -0.0003228409   0.0000761761  -0.0001851208   0.0002167855
       -0.0000101282   0.0002027046   0.0003228383   0.0000761721   0.0001851221
       -0.0002167868  -0.0000101301   0.0036176557  -0.0021827492  -0.0042018223
       -0.0000000006  -0.0000000003  -0.0003378645  -0.0000000022   0.0000000003
       -0.0002197841
        0.0004842274   0.0145572264  -0.0022874383  -0.0460418328  -0.0175344565
        0.0000000496   0.0004842447   0.0145570503   0.0022873663  -0.0003838533
        0.0004850903   0.0026982907  -0.0003838880   0.0004850957  -0.0026983200
        0.0001097741  -0.0002647432  -0.0003757144  -0.0062418749  -0.0327049603
        0.0000000832   0.0516601814   0.0175519469  -0.0000000304   0.0001772733
        0.0006411820   0.0000721489   0.0001097777  -0.0002647398   0.0003757164
       -0.0000130213   0.0001761766   0.0000696731   0.0000542386   0.0008052873
        0.0000517563  -0.0000130216   0.0001761724  -0.0000696744   0.0000542367
        0.0008052987  -0.0000517611   0.0001772704   0.0006411828  -0.0000721484
       -0.0002328576  -0.0000770508   0.0000000028  -0.0000008748  -0.0000357588
       -0.0000000002
        0.0005851273  -0.0155487740   0.0035315565  -0.0173322653  -0.2685701766
        0.0000004586   0.0005851067  -0.0155488731  -0.0035315157   0.0016159665
        0.0005861494  -0.0038613800   0.0016159850   0.0005861696   0.0038613523
       -0.0003793328   0.0002397801  -0.0001363889  -0.0049121271  -0.0137362644
        0.0000000435   0.0175519469   0.3128799369  -0.0000005170   0.0001883221
        0.0003506463  -0.0003994108  -0.0003793307   0.0002397821   0.0001363911
        0.0001070019   0.0002520679   0.0000592150   0.0002562805  -0.0011770309
       -0.0001693761   0.0001070016   0.0002520668  -0.0000592163   0.0002562815
       -0.0011770239   0.0001693779   0.0001883234   0.0003506470   0.0003994096
       -0.0000609361  -0.0001162910   0.0000000010   0.0000066486   0.0001371880
       -0.0000000004
       -0.0001014229   0.0264426086  -0.0027215272   0.0000000499   0.0000004593
       -0.0405568765   0.0001013980  -0.0264426654  -0.0027214368   0.0024123995
       -0.0019641874  -0.0041391879  -0.0024124308   0.0019641683  -0.0041391747
       -0.0002651232  -0.0002265885   0.0002875462   0.0000000346   0.0000001403
        0.0011819465  -0.0000000304  -0.0000005170   0.0518331343   0.0003219730
       -0.0000180731   0.0006650986   0.0002651261   0.0002265897   0.0002875393
        0.0001083831   0.0001960656  -0.0001456637   0.0002153232  -0.0015702994
       -0.0002785048  -0.0001083851  -0.0001960676  -0.0001456612  -0.0002153237
        0.0015702946  -0.0002785107  -0.0003219703   0.0000180699   0.0006650999
       -0.0000000001   0.0000000022   0.0002770391  -0.0000000008   0.0000000001
       -0.0000708606
       -0.2455970199  -0.0665666117  -0.0055906200  -0.0181254494  -0.0031552524
       -0.0045908960   0.0008449882  -0.0001133282   0.0008916064   0.0001191672
       -0.0003729455   0.0001296035  -0.0035194401  -0.0037718379   0.0001647439
        0.0000903609   0.0000844960   0.0002120986  -0.0019450002   0.0014857363
       -0.0036176763   0.0001772733   0.0001883221   0.0003219730   0.2865163598
        0.0777203658   0.0094301749  -0.0207147181  -0.0049607126   0.0033242340
       -0.0001206745   0.0001131893   0.0001113578  -0.0000077451   0.0000020220
       -0.0000697181   0.0003981987  -0.0012627596   0.0001792897   0.0004478433
        0.0001263134   0.0002420399   0.0004123692  -0.0000602476  -0.0003325091
        0.0008956085   0.0008257736  -0.0005969466   0.0001278782  -0.0002825228
       -0.0002087556
       -0.0668758483  -0.0646634728  -0.0041008767   0.0103375774   0.0031530791
        0.0016496301  -0.0000804766   0.0001065574  -0.0000968326  -0.0000037150
       -0.0000779345  -0.0002741402  -0.0299902720  -0.0152859165  -0.0007733711
        0.0000343848  -0.0001387785  -0.0000868213   0.0012570071  -0.0001072848
        0.0021827258   0.0006411820   0.0003506463  -0.0000180731   0.0777203658
        0.0779625878   0.0017629368   0.0086352424   0.0036051027  -0.0003996788
        0.0001030400  -0.0001145940   0.0001954904   0.0000316087  -0.0000983099
        0.0000478220  -0.0012588815  -0.0072738915  -0.0004249090  -0.0005256230
        0.0006870781  -0.0000461245  -0.0000602473   0.0001600354  -0.0001380610
       -0.0005337058   0.0016765722   0.0009983325   0.0005683612   0.0000585233
       -0.0004780493
       -0.0055663437  -0.0037441031  -0.0448938877  -0.0253015347  -0.0059827802
       -0.0037109576  -0.0011909676  -0.0001248355   0.0007812997   0.0000501177
       -0.0002992191  -0.0001391448  -0.0008382040  -0.0003794959   0.0006254054
        0.0002002804   0.0000723702   0.0001896482  -0.0035091885   0.0017260372
       -0.0042017862   0.0000721489  -0.0003994108   0.0006650986   0.0094301749
        0.0017629368   0.0515743725   0.0266180891   0.0069631636  -0.0013027659
        0.0001217934   0.0001556767  -0.0000856993  -0.0000170142   0.0000331695
       -0.0000407016  -0.0001775062  -0.0000743343   0.0006959032   0.0003710634
        0.0004031024  -0.0000107162   0.0003325016   0.0001380587  -0.0004506067
       -0.0007523385   0.0000272266   0.0002190330   0.0001569280  -0.0002775628
        0.0000855054
       -0.0989247720   0.0337048671   0.0923959756   0.0056124711  -0.0031854230
       -0.0110033370  -0.0002248333   0.0007161613  -0.0020816110  -0.0000893405
       -0.0000133865  -0.0001034508  -0.0000972455   0.0002880750   0.0007821154
        0.0003185523  -0.0001244136  -0.0005194120   0.0005799742  -0.0001681273
       -0.0004910316   0.0001097777  -0.0003793307   0.0002651261  -0.0207147181
        0.0086352424   0.0266180891   0.1123392574  -0.0405290010  -0.1053847686
        0.0000209007   0.0000159005   0.0000079432  -0.0000218715  -0.0000126505
        0.0000126714   0.0003879456  -0.0003552308  -0.0003049220  -0.0002369991
        0.0002560513  -0.0000213007   0.0000903584   0.0000343861  -0.0002002785
        0.0006087494   0.0012453385   0.0001635372   0.0002417932  -0.0001284588
       -0.0001353456
        0.0335925304  -0.0633430503  -0.0596457079  -0.0043792998   0.0035053588
        0.0091201764   0.0009314354   0.0002933909   0.0019562819   0.0002370152
        0.0001595761   0.0004395109   0.0139373799  -0.0112073679  -0.0231347654
       -0.0001244070   0.0000836260   0.0006701434  -0.0002267388   0.0001739733
       -0.0003915906  -0.0002647398   0.0002397821   0.0002265897  -0.0049607126
        0.0036051027   0.0069631636  -0.0405290010   0.0754450242   0.0680354376
        0.0000449276  -0.0000806676   0.0000667211   0.0000024655  -0.0000131154
        0.0000468900   0.0001844457   0.0005282878  -0.0004444135   0.0003314951
        0.0003031358  -0.0001642323   0.0000844950  -0.0001387785  -0.0000723695
        0.0015130778  -0.0095984131  -0.0037782159  -0.0003743687   0.0000441352
        0.0001063806
        0.0920193701  -0.0595152972  -0.1951645721   0.0107668929  -0.0064017538
       -0.0259280274  -0.0033526404   0.0028288175  -0.0047165424   0.0001807054
        0.0001585797   0.0006883154   0.0018804908  -0.0018418741  -0.0023731229
        0.0005193995  -0.0006701492  -0.0016791635   0.0001885001  -0.0004737649
        0.0003948478   0.0003757164   0.0001363911   0.0002875393   0.0033242340
       -0.0003996788  -0.0013027659  -0.1053847686   0.0680354376   0.2293855994
       -0.0000553151   0.0000211673  -0.0000574383  -0.0000205078   0.0000740460
        0.0000193340  -0.0002036216  -0.0000783638  -0.0000742464   0.0000907617
        0.0000159095   0.0002756769  -0.0002120975   0.0000868220   0.0001896514
        0.0000793476  -0.0020398590   0.0000304253  -0.0001964674   0.0000635700
        0.0000244894
       -0.0000590337  -0.0000561767  -0.0000458165   0.0008074609   0.0009613657
       -0.0000559676  -0.0047456911  -0.0049313164   0.0010426846  -0.2374064462
       -0.0682276890   0.0044315820   0.0009532564   0.0000249871   0.0011128381
        0.0003879520   0.0001844453   0.0002036241   0.0002436381  -0.0000657857
       -0.0002027054  -0.0000130213   0.0001070019   0.0001083831  -0.0001206745
        0.0001030400   0.0001217934   0.0000209007   0.0000449276  -0.0000553151
        0.2845543278   0.0770385728   0.0031682360  -0.0199286701  -0.0047395480
        0.0036112658   0.0003649613  -0.0000563161  -0.0003480477   0.0001751738
        0.0000719808   0.0003773037   0.0003981982  -0.0012588783   0.0001775121
       -0.0240982930   0.0000969792  -0.0091714219  -0.0015340393   0.0007024097
       -0.0044759486
       -0.0000910284  -0.0000847279  -0.0002498949  -0.0010236796   0.0007777771
        0.0004687060  -0.0293203092  -0.0164058673   0.0007315744  -0.0682726689
       -0.0649584190  -0.0012624299   0.0001536715   0.0006601216   0.0000206243
       -0.0003552306   0.0005282955   0.0000783573   0.0005959794  -0.0002395344
       -0.0003228409   0.0001761766   0.0002520679   0.0001960656   0.0001131893
       -0.0001145940   0.0001556767   0.0000159005  -0.0000806676   0.0000211673
        0.0770385728   0.0792787624  -0.0019425395   0.0103283843   0.0040443740
       -0.0008014833  -0.0000563187   0.0000958069  -0.0003125752   0.0000810421
       -0.0001145252  -0.0001243506  -0.0012627588  -0.0072738903   0.0000743708
        0.0107735286   0.0031806890   0.0010300833   0.0011055489   0.0004543313
        0.0022394886
        0.0001781404  -0.0001109269  -0.0001676693  -0.0006544222  -0.0004850574
        0.0003813228   0.0004763806   0.0004960983   0.0008821132   0.0064774790
       -0.0015518913  -0.0436977145  -0.0024603034  -0.0007923041   0.0006158969
        0.0003049236   0.0004444015  -0.0000742406   0.0001251320  -0.0002817389
        0.0000761761   0.0000696731   0.0000592150  -0.0001456637   0.0001113578
        0.0001954904  -0.0000856993   0.0000079432   0.0000667211  -0.0000574383
        0.0031682360  -0.0019425395   0.0532889254   0.0249829909   0.0065649131
       -0.0019274710   0.0003480431   0.0003125736  -0.0004076971   0.0001486564
        0.0001106375   0.0004577381  -0.0001792848   0.0004249450   0.0006958999
       -0.0294856905  -0.0051043071  -0.0048972850  -0.0036192552   0.0015937697
       -0.0049371936
       -0.0000328854  -0.0001146035  -0.0000442987   0.0008076751   0.0007149620
       -0.0002109175   0.0000950270   0.0006086602   0.0007020318  -0.1006577818
        0.0411654974   0.0889833618   0.0000612422   0.0009148403  -0.0024052970
       -0.0002370007   0.0003314982  -0.0000907590   0.0002377945  -0.0001235947
       -0.0001851208   0.0000542386   0.0002562805   0.0002153232  -0.0000077451
        0.0000316087  -0.0000170142  -0.0000218715   0.0000024655  -0.0000205078
       -0.0199286701   0.0103283843   0.0249829909   0.1118311534  -0.0487313420
       -0.0991040452   0.0001751701   0.0000810426  -0.0001486527   0.0004147873
       -0.0000973352  -0.0006354050   0.0004478377  -0.0005256239  -0.0003710649
        0.0061368555  -0.0042562066  -0.0107432291   0.0006241732  -0.0005865340
       -0.0009073957
       -0.0000686822   0.0003428451   0.0003105758  -0.0003156801  -0.0066817530
        0.0002962704   0.0153777303  -0.0171644636  -0.0237384843   0.0414484436
       -0.0738867678  -0.0694158371   0.0009122089   0.0004063122   0.0020408336
        0.0002560540   0.0003031346  -0.0000159122  -0.0001609546  -0.0000428589
        0.0002167855   0.0008052873  -0.0011770309  -0.0015702994   0.0000020220
       -0.0000983099   0.0000331695  -0.0000126505  -0.0000131154   0.0000740460
       -0.0047395480   0.0040443740   0.0065649131  -0.0487313420   0.0890300816
        0.0771303331   0.0000719764  -0.0001145231  -0.0001106350  -0.0000973287
        0.0000766811   0.0006386307   0.0001263107   0.0006870759  -0.0004031047
       -0.0046856984   0.0037932479   0.0082093656  -0.0001881488   0.0004950700
       -0.0002606507
        0.0000224035   0.0003596995   0.0005101065  -0.0001555708  -0.0007612366
        0.0012088692   0.0020286090  -0.0029596999  -0.0011786102   0.0854332954
       -0.0684016616  -0.1761045129  -0.0042294697   0.0024739680  -0.0054260468
        0.0000213026   0.0001642314   0.0002756770  -0.0000728075   0.0000833947
       -0.0000101282   0.0000517563  -0.0001693761  -0.0002785048  -0.0000697181
        0.0000478220  -0.0000407016   0.0000126714   0.0000468900   0.0000193340
        0.0036112658  -0.0008014833  -0.0019274710  -0.0991040452   0.0771303331
        0.2175801414  -0.0003773012   0.0001243509   0.0004577409   0.0006353861
       -0.0006386375  -0.0021708703  -0.0002420440   0.0000461270  -0.0000107101
        0.0117033570  -0.0061727125  -0.0329650671   0.0007309094  -0.0005720092
        0.0000607541
       -0.0047457007  -0.0049313238  -0.0010426276   0.0008074660   0.0009613695
        0.0000559610  -0.0000590328  -0.0000561740   0.0000458135   0.0009532664
        0.0000249901  -0.0011128415  -0.2374065203  -0.0682276997  -0.0044299859
        0.0000208984   0.0000449259   0.0000553147   0.0002436376  -0.0000657819
        0.0002027046  -0.0000130216   0.0001070016  -0.0001083851   0.0003981987
       -0.0012588815  -0.0001775062   0.0003879456   0.0001844457  -0.0002036216
        0.0003649613  -0.0000563187   0.0003480431   0.0001751701   0.0000719764
       -0.0003773012   0.2845542867   0.0770385752  -0.0031701288  -0.0199288692
       -0.0047396074  -0.0036111236  -0.0001206760   0.0001030366  -0.0001217940
       -0.0240980252   0.0000970520   0.0091715559  -0.0015339850   0.0007024140
        0.0044759225
       -0.0293203152  -0.0164058703  -0.0007313074  -0.0010236822   0.0007777766
       -0.0004686998  -0.0000910285  -0.0000847277   0.0002498948   0.0001536809
        0.0006601253  -0.0000206283  -0.0682726844  -0.0649584291   0.0012630027
        0.0000158986  -0.0000806679  -0.0000211671   0.0005959806  -0.0002395341
        0.0003228383   0.0001761724   0.0002520668  -0.0001960676  -0.0012627596
       -0.0072738915  -0.0000743343  -0.0003552308   0.0005282878  -0.0000783638
       -0.0000563161   0.0000958069   0.0003125736   0.0000810426  -0.0001145231
        0.0001243509   0.0770385752   0.0792788058   0.0019419016   0.0103283035
        0.0040443556   0.0008013905   0.0001131858  -0.0001145933  -0.0001556777
        0.0107736297   0.0031806925  -0.0010301906   0.0011055474   0.0004543198
       -0.0022395159
       -0.0004762383  -0.0004960044   0.0008821313   0.0006544223   0.0004850497
        0.0003813178  -0.0001781380   0.0001109283  -0.0001676717   0.0024603035
        0.0007923074   0.0006158814  -0.0064758901   0.0015524568  -0.0436976683
       -0.0000079435  -0.0000667207  -0.0000574380  -0.0001251360   0.0002817402
        0.0000761721  -0.0000696744  -0.0000592163  -0.0001456612   0.0001792897
       -0.0004249090   0.0006959032  -0.0003049220  -0.0004444135  -0.0000742464
       -0.0003480477  -0.0003125752  -0.0004076971  -0.0001486527  -0.0001106350
        0.0004577409  -0.0031701288   0.0019419016   0.0532889883  -0.0249829022
       -0.0065649020  -0.0019272503  -0.0001113569  -0.0001954906  -0.0000856953
        0.0294857884   0.0051042761  -0.0048975706   0.0036192265  -0.0015937933
       -0.0049372358
        0.0000950101   0.0006086769  -0.0007020410   0.0008076776   0.0007149680
        0.0002109195  -0.0000328834  -0.0001146019   0.0000443000   0.0000612875
        0.0009148307   0.0024052530  -0.1006589879   0.0411656608  -0.0889840278
       -0.0000218768   0.0000024661   0.0000205103   0.0002377946  -0.0001235949
        0.0001851221   0.0000542367   0.0002562815  -0.0002153237   0.0004478433
       -0.0005256230   0.0003710634  -0.0002369991   0.0003314951   0.0000907617
        0.0001751738   0.0000810421   0.0001486564   0.0004147873  -0.0000973287
        0.0006353861  -0.0199288692   0.0103283035  -0.0249829022   0.1118325119
       -0.0487315150   0.0991049578  -0.0000077458   0.0000316088   0.0000170137
        0.0061368567  -0.0042561421   0.0107429587   0.0006241825  -0.0005865280
        0.0009073922
        0.0153778881  -0.0171643701   0.0237384342  -0.0003156818  -0.0066817510
       -0.0002962422  -0.0000686818   0.0003428424  -0.0003105775   0.0009122098
        0.0004062942  -0.0020408620   0.0414486267  -0.0738862860   0.0694151948
       -0.0000126503  -0.0000131174  -0.0000740473  -0.0001609561  -0.0000428598
       -0.0002167868   0.0008052987  -0.0011770239   0.0015702946   0.0001263134
        0.0006870781   0.0004031024   0.0002560513   0.0003031358   0.0000159095
        0.0000719808  -0.0001145252   0.0001106375  -0.0000973352   0.0000766811
       -0.0006386375  -0.0047396074   0.0040443556  -0.0065649020  -0.0487315150
        0.0890295224  -0.0771295577   0.0000020233  -0.0000983116  -0.0000331691
       -0.0046858145   0.0037932615  -0.0082094435  -0.0001881500   0.0004950739
        0.0002606526
       -0.0020286724   0.0029597524  -0.0011786847   0.0001555744   0.0007612593
        0.0012088642  -0.0000223989  -0.0003596991   0.0005101077   0.0042294294
       -0.0024739935  -0.0054260777  -0.0854339655   0.0684010165  -0.1761037759
       -0.0000126704  -0.0000468909   0.0000193331   0.0000728067  -0.0000833936
       -0.0000101301  -0.0000517611   0.0001693779  -0.0002785107   0.0002420399
       -0.0000461245  -0.0000107162  -0.0000213007  -0.0001642323   0.0002756769
        0.0003773037  -0.0001243506   0.0004577381  -0.0006354050   0.0006386307
       -0.0021708703  -0.0036111236   0.0008013905  -0.0019272503   0.0991049578
       -0.0771295577   0.2175792954   0.0000697182  -0.0000478230  -0.0000407024
       -0.0117036186   0.0061726262  -0.0329650474  -0.0007309139   0.0005720118
        0.0000607503
        0.0008449900  -0.0001133288  -0.0008916075  -0.0181252409  -0.0031551945
        0.0045910074  -0.2455969465  -0.0665665706   0.0055922558  -0.0035194351
       -0.0037718352  -0.0001647006   0.0001191667  -0.0003729427  -0.0001296067
       -0.0207149264  -0.0049607727  -0.0033240810  -0.0019449496   0.0014857365
        0.0036176557   0.0001772704   0.0001883234  -0.0003219703   0.0004123692
       -0.0000602473   0.0003325016   0.0000903584   0.0000844950  -0.0002120975
        0.0003981982  -0.0012627588  -0.0001792848   0.0004478377   0.0001263107
       -0.0002420440  -0.0001206760   0.0001131858  -0.0001113569  -0.0000077458
        0.0000020233   0.0000697182   0.2865162329   0.0777203212  -0.0094320842
        0.0008956196   0.0008257723   0.0005969395   0.0001278774  -0.0002825177
        0.0002087552
       -0.0000804720   0.0001065585   0.0000968336   0.0103376549   0.0031530944
       -0.0016497264  -0.0668758018  -0.0646634586   0.0041014148  -0.0299902632
       -0.0152859110   0.0007736386  -0.0000037141  -0.0000779327   0.0002741390
        0.0086351527   0.0036050800   0.0003996014   0.0012570047  -0.0001072978
       -0.0021827492   0.0006411828   0.0003506470   0.0000180699  -0.0000602476
        0.0001600354   0.0001380587   0.0000343861  -0.0001387785   0.0000868220
       -0.0012588783  -0.0072738903   0.0004249450  -0.0005256239   0.0006870759
        0.0000461270   0.0001030366  -0.0001145933  -0.0001954906   0.0000316088
       -0.0000983116  -0.0000478230   0.0777203212   0.0779625889  -0.0017635718
       -0.0005337131   0.0016765688  -0.0009983346   0.0005683660   0.0000585250
        0.0004780455
        0.0011909669   0.0001248404   0.0007812947   0.0253015988   0.0059827779
       -0.0037111814   0.0055679749   0.0037446351  -0.0448939883   0.0008383383
        0.0003795793   0.0006253995  -0.0000501191   0.0002992231  -0.0001391482
       -0.0266179815  -0.0069631456  -0.0013025337   0.0035091692  -0.0017260622
       -0.0042018223  -0.0000721484   0.0003994096   0.0006650999  -0.0003325091
       -0.0001380610  -0.0004506067  -0.0002002785  -0.0000723695   0.0001896514
        0.0001775121   0.0000743708   0.0006958999  -0.0003710649  -0.0004031047
       -0.0000107101  -0.0001217940  -0.0001556777  -0.0000856953   0.0000170137
       -0.0000331691  -0.0000407024  -0.0094320842  -0.0017635718   0.0515745141
        0.0007523352  -0.0000272398   0.0002190269  -0.0001569292   0.0002775651
        0.0000855017
       -0.0002416294   0.0092315214   0.0080782896   0.0007453290  -0.0011288396
       -0.0000000062  -0.0002417523   0.0092316448  -0.0080784162  -0.1066461035
        0.0374295363  -0.0491048175  -0.1066454513   0.0374292713   0.0491043074
        0.0006087486   0.0015131003  -0.0000793592  -0.0005465360  -0.0000552385
       -0.0000000006  -0.0002328576  -0.0000609361  -0.0000000001   0.0008956085
       -0.0005337058  -0.0007523385   0.0006087494   0.0015130778   0.0000793476
       -0.0240982930   0.0107735286  -0.0294856905   0.0061368555  -0.0046856984
        0.0117033570  -0.0240980252   0.0107736297   0.0294857884   0.0061368567
       -0.0046858145  -0.0117036186   0.0008956196  -0.0005337131   0.0007523352
        0.5955184705   0.0054115679  -0.0000004265  -0.3487955894  -0.1116229320
        0.0000012489
        0.0178507143  -0.0215214688  -0.0332342622  -0.0016664827   0.0056522504
       -0.0000000049   0.0178509091  -0.0215212753   0.0332341650   0.0173444636
       -0.0767517121   0.0321105170   0.0173443967  -0.0767520542  -0.0321109375
        0.0012453465  -0.0095983916   0.0020398853   0.0005031841  -0.0000168800
       -0.0000000003  -0.0000770508  -0.0001162910   0.0000000022   0.0008257736
        0.0016765722   0.0000272266   0.0012453385  -0.0095984131  -0.0020398590
        0.0000969792   0.0031806890  -0.0051043071  -0.0042562066   0.0037932479
       -0.0061727125   0.0000970520   0.0031806925   0.0051042761  -0.0042561421
        0.0037932615   0.0061726262   0.0008257723   0.0016765688  -0.0000272398
        0.0054115679   0.2395499722   0.0000003781  -0.0703856157  -0.0466267685
        0.0000002468
        0.0098090126  -0.0216858740  -0.0136636796  -0.0000000038  -0.0000000074
       -0.0012776649  -0.0098091681   0.0216858366  -0.0136637473  -0.0444490822
        0.0622837388  -0.1613369127   0.0444486387  -0.0622843004  -0.1613372367
       -0.0001635451   0.0037782395   0.0000304063   0.0000000005  -0.0000000000
       -0.0003378645   0.0000000028   0.0000000010   0.0002770391  -0.0005969466
        0.0009983325   0.0002190330   0.0001635372  -0.0037782159   0.0000304253
       -0.0091714219   0.0010300833  -0.0048972850  -0.0107432291   0.0082093656
       -0.0329650671   0.0091715559  -0.0010301906  -0.0048975706   0.0107429587
       -0.0082094435  -0.0329650474   0.0005969395  -0.0009983346   0.0002190269
       -0.0000004265   0.0000003781   0.4731996621   0.0000011775   0.0000003912
       -0.0466335168
        0.0010810151  -0.0003272745  -0.0011472126  -0.0001641090   0.0000844914
        0.0000000000   0.0010810261  -0.0003272714   0.0011472077  -0.0182171320
       -0.0053656340  -0.0037528691  -0.0182169022  -0.0053655770   0.0037529932
        0.0002417983  -0.0003743689   0.0001964663   0.0001252335  -0.0002167945
       -0.0000000022  -0.0000008748   0.0000066486  -0.0000000008   0.0001278782
        0.0005683612   0.0001569280   0.0002417932  -0.0003743687  -0.0001964674
       -0.0015340393   0.0011055489  -0.0036192552   0.0006241732  -0.0001881488
        0.0007309094  -0.0015339850   0.0011055474   0.0036192265   0.0006241825
       -0.0001881500  -0.0007309139   0.0001278774   0.0005683660  -0.0001569292
       -0.3487955894  -0.0703856157   0.0000011775   0.3841876544   0.0796742400
       -0.0000012584
        0.0011475583   0.0014588816   0.0000810380   0.0002449275  -0.0004512912
        0.0000000000   0.0011475584   0.0014588819  -0.0000810508   0.0149978128
       -0.0002515869   0.0034065608   0.0149978881  -0.0002515768  -0.0034066757
       -0.0001284605   0.0000441349  -0.0000635689   0.0000389040  -0.0002353348
        0.0000000003  -0.0000357588   0.0001371880   0.0000000001  -0.0002825228
        0.0000585233  -0.0002775628  -0.0001284588   0.0000441352   0.0000635700
        0.0007024097   0.0004543313   0.0015937697  -0.0005865340   0.0004950700
       -0.0005720092   0.0007024140   0.0004543198  -0.0015937933  -0.0005865280
        0.0004950739   0.0005720118  -0.0002825177   0.0000585250   0.0002775651
       -0.1116229320  -0.0466267685   0.0000003912   0.0796742400   0.0426574935
       -0.0000002462
       -0.0000132427   0.0002925708   0.0003418781   0.0000000000   0.0000000005
        0.0000387622   0.0000132320  -0.0002925733   0.0003418723  -0.0287452282
       -0.0067019172  -0.0034211467   0.0287452793   0.0067019443  -0.0034213858
        0.0001353455  -0.0001063774   0.0000244869  -0.0000000008   0.0000000008
       -0.0002197841  -0.0000000002  -0.0000000004  -0.0000708606  -0.0002087556
       -0.0004780493   0.0000855054  -0.0001353456   0.0001063806   0.0000244894
       -0.0044759486   0.0022394886  -0.0049371936  -0.0009073957  -0.0002606507
        0.0000607541   0.0044759225  -0.0022395159  -0.0049372358   0.0009073922
        0.0002606526   0.0000607503   0.0002087552   0.0004780455   0.0000855017
        0.0000012489   0.0000002468  -0.0466335168  -0.0000012584  -0.0000002462
        0.0625771231
