           1           2   1.00898426422831     
           2           3   1.00898426431071     
           3           4  0.995250303568456     
           1           5  0.995250303434252     
           3           6  0.976940909581965     
           2           7  0.977701965318014     
           2           8  0.977543107726158     
           1           9  0.977734818323518     
           1          10  0.976940909696660     
           4          11  0.973146687480866     
           4          12  0.975140461525556     
           5          13  0.973146687814564     
           5          14  0.975140462185820     
           3          15  0.977734818347033     
           4          16   1.01579445194950     
           5          16   1.01579445175695     
          16          17  0.952256658962859     
