$hessian                                                                        
        0.6180877665  -0.0029706130   0.0680932779  -0.1502025977   0.1381405831
       -0.0164539629  -0.0355526882   0.0240949686  -0.0055287134   0.0029070305
        0.0007766994   0.0016305308  -0.0333536835  -0.0253773015  -0.0050988508
       -0.1436861121  -0.1332288552  -0.0148486894  -0.0052569326  -0.0001201422
       -0.0022338628   0.0061587329   0.0130157363   0.0002655490   0.0013394493
       -0.0000346860   0.0000571924   0.0000948795  -0.0000759262  -0.0000068886
       -0.0053871938   0.0000144731  -0.0022234431   0.0062256618  -0.0121652892
        0.0003335454  -0.2058440249  -0.0020510273  -0.0308101379  -0.0148551316
        0.0047072067  -0.0026884025  -0.0141651796  -0.0049372671  -0.0023704916
       -0.0263875940   0.0002061643   0.0107025826  -0.0015090053   0.0000380116
        0.0024650106   0.0007027225  -0.0001172542  -0.0006460709   0.0006839004
        0.0000845188  -0.0006381746
       -0.0029706130   0.6541812772  -0.0014456250   0.0613046763  -0.2598207218
        0.0103246485   0.0815911283   0.0280185496   0.0129541137   0.0011586385
       -0.0690536121   0.0002967912  -0.0829011555   0.0260077979  -0.0132714999
       -0.0562875624  -0.2615062924  -0.0086635164   0.0005968824   0.0015396137
        0.0001356469  -0.0097561588  -0.0266957848  -0.0015080208  -0.0008225336
        0.0018094152  -0.0001095494   0.0000377037   0.0007558580  -0.0000197675
       -0.0007966111   0.0015671737  -0.0001400423   0.0106242096  -0.0268901682
        0.0017331065  -0.0014911370  -0.0666960163  -0.0001930202   0.0245432494
       -0.0022192935   0.0049915814  -0.0255581525  -0.0031782498  -0.0050583701
        0.0005569633   0.0016797242   0.0000824030   0.0001102281   0.0006049265
       -0.0001456273  -0.0008029228  -0.0000500448   0.0002775601   0.0008631671
       -0.0000541522  -0.0002408124
        0.0680932779  -0.0014456250   0.1571251840  -0.0157515877   0.0223937544
       -0.0514524671  -0.0063804269   0.0032982839  -0.0006895338   0.0020325741
        0.0003287311  -0.0056461235  -0.0057161777  -0.0036455166  -0.0004365324
       -0.0144829600  -0.0207709442  -0.0515255558  -0.0020614764   0.0000137929
        0.0078044191   0.0007791253   0.0022532081   0.0012341663  -0.0005061664
       -0.0000370971  -0.0003044740   0.0000566412  -0.0000503698   0.0001516854
       -0.0020396327  -0.0000137360   0.0076109392   0.0007471755  -0.0020008162
        0.0012029568  -0.0225595743  -0.0002066635  -0.0610636169  -0.0163251339
        0.0013601150  -0.0020455401  -0.0148598279  -0.0016240567  -0.0017493456
        0.0236973528   0.0002248500   0.0029307909   0.0041139406  -0.0001162087
       -0.0044659126   0.0006065349  -0.0000768405   0.0006462040   0.0005563418
        0.0001151387   0.0006727561
       -0.1502025977   0.0613046763  -0.0157515877   0.6534636417   0.0064498276
        0.0856382898  -0.3310724847   0.0355733036  -0.0456768332  -0.0328751314
       -0.0839958681  -0.0048488964  -0.0470331596   0.0277975581  -0.0069629223
        0.0556553380   0.0297685555   0.0090296656  -0.0001458257   0.0007228308
        0.0000104727  -0.0004681934  -0.0031582819  -0.0011483292  -0.0008344294
       -0.0004453110  -0.0011217592  -0.0002570980   0.0007581921  -0.0001344494
       -0.0173397776   0.0024414539  -0.0027900776  -0.1006227964  -0.1057551215
       -0.0106351042  -0.0230578266   0.0245326691  -0.0041774206  -0.0051464351
        0.0009054962  -0.0011356792   0.0005967041   0.0020647579   0.0005788248
       -0.0004872679   0.0008718492  -0.0014734838  -0.0001614202   0.0000515051
        0.0005301863   0.0001637852   0.0000214352  -0.0002175852  -0.0001750254
        0.0000904719   0.0002866888
        0.1381405831  -0.2598207218   0.0223937544   0.0064498276   0.6576174916
       -0.0005913623  -0.0402283995  -0.0937048215  -0.0061465231  -0.0254463536
        0.0290406521  -0.0039923057   0.0291219821  -0.0134396062   0.0046914776
       -0.0266558432  -0.0667804220  -0.0041506215   0.0005566012   0.0006081467
        0.0000517044  -0.0026723419  -0.0046285991  -0.0005305059  -0.0030530954
       -0.0055775815  -0.0004942186  -0.0001344816  -0.0005513845   0.0000316494
        0.0264498861  -0.0018223074   0.0041692120  -0.1051903362  -0.2395579572
       -0.0163629682   0.0069864693  -0.0021009920   0.0003008089  -0.0005451942
        0.0002643594  -0.0000972771  -0.0020096014   0.0008609892  -0.0004142224
       -0.0013951534  -0.0004579203   0.0008730513  -0.0004574175  -0.0000100713
        0.0000760428  -0.0000731140   0.0003042395   0.0002962319   0.0001559826
       -0.0002434936  -0.0001039280
       -0.0164539629   0.0103246485  -0.0514524671   0.0856382898  -0.0005913623
        0.1285116165  -0.0451764141   0.0059208068  -0.0499997823  -0.0047599989
       -0.0136686852  -0.0029558172  -0.0072674972   0.0045286575  -0.0046134917
        0.0091143978   0.0049157223   0.0027056451  -0.0000025109   0.0001147653
       -0.0001517721  -0.0012814068  -0.0004853422   0.0071596234  -0.0012308715
       -0.0000185967   0.0065698214  -0.0000744214   0.0001176257   0.0002556085
       -0.0027694957   0.0003842974  -0.0005575774  -0.0105763211  -0.0163431659
       -0.0356521064  -0.0041840060   0.0032044216  -0.0002177820  -0.0018370856
        0.0005664464   0.0000293218   0.0002137440   0.0006288470   0.0003311770
        0.0005756868   0.0005534881  -0.0003113661   0.0001569211  -0.0000110659
        0.0000957157  -0.0000276025  -0.0001123801   0.0001449497  -0.0000574446
       -0.0000291282   0.0001086834
       -0.0355526882   0.0815911283  -0.0063804269  -0.3310724847  -0.0402283995
       -0.0451764141   0.6566664045  -0.0070141625   0.0868326169  -0.1325450863
       -0.0465767845  -0.0127176702   0.0529250994  -0.0249313213   0.0083427841
       -0.0459271182  -0.0302089067  -0.0069806512  -0.0008968391   0.0033292172
       -0.0012681175  -0.0001931723  -0.0007272456  -0.0000951318  -0.0427812317
       -0.0387298866  -0.0074756113   0.0018735349  -0.0024058404   0.0004566363
       -0.1043176746   0.1072250994  -0.0117337939  -0.0173839078  -0.0026917771
       -0.0027158442   0.0006261375   0.0023073670  -0.0014675448  -0.0010885969
        0.0000257220   0.0001700068   0.0001317748  -0.0002120666  -0.0000220220
       -0.0003977387  -0.0004499632   0.0002926092  -0.0000152065  -0.0001361917
        0.0000885246  -0.0001077750  -0.0001006990   0.0001137495   0.0000565689
       -0.0000652893  -0.0002636996
        0.0240949686   0.0280185496   0.0032982839   0.0355733036  -0.0937048215
        0.0059208068  -0.0070141625   0.6570090789  -0.0023341835  -0.1299500113
       -0.2684966217  -0.0198720742   0.0275167834  -0.0612230771   0.0044954430
       -0.0282215587  -0.0147301442  -0.0045777274   0.0026859397  -0.0040942711
        0.0004258492  -0.0005925144   0.0006781362  -0.0001340596  -0.0079303400
       -0.0035757716  -0.0012489305   0.0015126113   0.0019066757   0.0001946619
        0.1065745384  -0.2347159138   0.0172262967  -0.0270589976  -0.0029042468
       -0.0042594210   0.0023460308  -0.0035881330   0.0007949977   0.0008985746
       -0.0000101254   0.0002122427  -0.0002350072  -0.0003101185  -0.0001125101
       -0.0001060040  -0.0001857133  -0.0000446361  -0.0001800721  -0.0000386398
       -0.0000081930   0.0000035752  -0.0000894661   0.0000310741   0.0000823422
        0.0000546235  -0.0000079205
       -0.0055287134   0.0129541137  -0.0006895338  -0.0456768332  -0.0061465231
       -0.0499997823   0.0868326169  -0.0023341835   0.1212512507  -0.0127046180
       -0.0067881586  -0.0514918856   0.0082334274  -0.0038691730   0.0016614695
       -0.0066504861  -0.0048127873  -0.0046864263  -0.0012707146   0.0005236924
        0.0068725602  -0.0000334763  -0.0001258447  -0.0001042321  -0.0074718068
       -0.0059861582   0.0041129556   0.0004274674  -0.0004125543  -0.0008055500
       -0.0117674954   0.0173379094  -0.0332863851  -0.0027265284  -0.0004176859
        0.0000785751  -0.0009042508  -0.0000480321   0.0063920735   0.0007691506
       -0.0001523340   0.0002457712   0.0003366603   0.0002006471   0.0000822129
       -0.0015165081   0.0000831061   0.0000505033  -0.0002586882  -0.0000462065
        0.0004084010  -0.0000831635   0.0000122809  -0.0000434969  -0.0000060398
        0.0000278918  -0.0000484809
        0.0029070305   0.0011586385   0.0020325741  -0.0328751314  -0.0254463536
       -0.0047599989  -0.1325450863  -0.1299500113  -0.0127046180   0.6123920753
        0.0001173091   0.0755966783  -0.1355575134   0.1284967434  -0.0133916143
       -0.0356655420   0.0242908422  -0.0052778331   0.0069771436  -0.0144497275
        0.0008953089  -0.0042760253  -0.0005710412  -0.0020727826  -0.2608613229
       -0.0079165939  -0.0352188897  -0.0236189107   0.0092295846  -0.0034422762
        0.0048741271   0.0146397196   0.0006610664  -0.0038973806   0.0005592576
       -0.0019403661  -0.0005668428  -0.0001061883  -0.0017920145   0.0007403849
       -0.0004957310   0.0006214180   0.0007347719   0.0005027845   0.0005813328
        0.0008205210  -0.0000021335   0.0006888968   0.0008900302  -0.0000329829
       -0.0003621349  -0.0002246142   0.0001313805  -0.0000599075  -0.0002477147
       -0.0001554966  -0.0000548394
        0.0007766994  -0.0690536121   0.0003287311  -0.0839958681   0.0290406521
       -0.0136686852  -0.0465767845  -0.2684966217  -0.0067881586   0.0001173091
        0.6657405266  -0.0008969178   0.0506816925  -0.2614596652   0.0081609174
        0.0815422669   0.0322915823   0.0131852350   0.0114387430  -0.0278092420
        0.0018707451  -0.0009395949   0.0014900526  -0.0000684577  -0.0374739147
       -0.0804911937  -0.0056475134   0.0329808233   0.0032618719   0.0050117199
       -0.0100375657  -0.0268663651  -0.0015506807   0.0011038709   0.0017117999
        0.0001210187   0.0001125843  -0.0005572804  -0.0001540947   0.0002180571
        0.0002246901  -0.0001479274  -0.0000845908   0.0002640313   0.0002236173
        0.0000989681   0.0003125812   0.0000743667   0.0000669763   0.0001708164
       -0.0000498998   0.0000609841   0.0001122878  -0.0002237930  -0.0000906562
        0.0001130882   0.0002197771
        0.0016305308   0.0002967912  -0.0056461235  -0.0048488964  -0.0039923057
       -0.0029558172  -0.0127176702  -0.0198720742  -0.0514918856   0.0755966783
       -0.0008969178   0.1384585471  -0.0130938500   0.0203817914  -0.0530789263
       -0.0055614306   0.0036850384  -0.0032654731   0.0007843284  -0.0022105164
        0.0019542087  -0.0020445623  -0.0000841095   0.0083947368  -0.0349449136
       -0.0010908067  -0.0399155857  -0.0034977350   0.0013584072  -0.0019560465
        0.0006492892   0.0023436006   0.0009740854  -0.0019241584   0.0001103647
        0.0081013667  -0.0003240646  -0.0000187889   0.0001477037   0.0000914361
       -0.0001529355   0.0000980259   0.0000899058   0.0001393688   0.0001042116
        0.0000362680   0.0000049530   0.0001639557   0.0001091585  -0.0000043417
       -0.0000290466  -0.0000129587   0.0000485534  -0.0000266418  -0.0000173553
       -0.0000460724  -0.0000312952
       -0.0333536835  -0.0829011555  -0.0057161777  -0.0470331596   0.0291219821
       -0.0072674972   0.0529250994   0.0275167834   0.0082334274  -0.1355575134
        0.0506816925  -0.0130938500   0.6714790874   0.0141121427   0.0890566995
       -0.3383602398   0.0338138384  -0.0467561803  -0.1062709993  -0.1098830359
       -0.0114334296  -0.0182014960   0.0023722007  -0.0028378862  -0.0394113521
        0.0384103895  -0.0068220035  -0.0050567860   0.0007508289  -0.0010763390
       -0.0005209675  -0.0033164876  -0.0011731758  -0.0001974668   0.0006900888
       -0.0000835252   0.0008214220  -0.0023369684  -0.0013590835   0.0001374633
        0.0002481972  -0.0000398793  -0.0010205812  -0.0000596269   0.0001606511
       -0.0003280773   0.0004833876   0.0002930761   0.0000049082   0.0001388562
        0.0000662365   0.0000560902   0.0000326277  -0.0002567505  -0.0001117479
        0.0001242587   0.0001056871
       -0.0253773015   0.0260077979  -0.0036455166   0.0277975581  -0.0134396062
        0.0045286575  -0.0249313213  -0.0612230771  -0.0038691730   0.1284967434
       -0.2614596652   0.0203817914   0.0141121427   0.6522243655   0.0015849461
       -0.0414528382  -0.0936809354  -0.0066484837  -0.1108731933  -0.2385760503
       -0.0171609129   0.0263934997  -0.0019266657   0.0041696199   0.0114443608
       -0.0001049805   0.0017633449  -0.0005496154   0.0001869118  -0.0000172975
       -0.0026561079  -0.0042973893  -0.0003851301   0.0005226558   0.0006759793
        0.0001098488  -0.0023399127  -0.0037945630  -0.0007262094   0.0002368073
       -0.0002929216   0.0001114821  -0.0009933701  -0.0000485698  -0.0002348639
        0.0000926426  -0.0001834801   0.0000315893   0.0001644255  -0.0000321492
        0.0000152810  -0.0000784212   0.0000577973  -0.0000038361  -0.0000087544
       -0.0000927984  -0.0000051378
       -0.0050988508  -0.0132714999  -0.0004365324  -0.0069629223   0.0046914776
       -0.0046134917   0.0083427841   0.0044954430   0.0016614695  -0.0133916143
        0.0081609174  -0.0530789263   0.0890566995   0.0015849461   0.1228563856
       -0.0469655856   0.0053285301  -0.0493566253  -0.0114761167  -0.0170439062
       -0.0344132352  -0.0029458086   0.0003715080  -0.0000796721  -0.0067519165
        0.0059668528   0.0027346513  -0.0010382012   0.0001341183   0.0013696409
       -0.0011773157  -0.0004817499   0.0067798645  -0.0000261629   0.0001150217
       -0.0001203748  -0.0008533659   0.0000504567   0.0060969828   0.0003753016
       -0.0002000909   0.0000737245   0.0006785699   0.0001363248   0.0002253696
       -0.0014266722  -0.0000738123   0.0000485635  -0.0002431852   0.0000697540
        0.0003646191  -0.0000107904  -0.0000268520  -0.0000535003  -0.0000848467
       -0.0000074394  -0.0000589133
       -0.1436861121  -0.0562875624  -0.0144829600   0.0556553380  -0.0266558432
        0.0091143978  -0.0459271182  -0.0282215587  -0.0066504861  -0.0356655420
        0.0815422669  -0.0055614306  -0.3383602398  -0.0414528382  -0.0469655856
        0.6580674080  -0.0088670172   0.0865980251  -0.0162285553  -0.0025007771
       -0.0026367776  -0.1057827820   0.1090388847  -0.0119233153   0.0014767685
        0.0006676175  -0.0006254001  -0.0010256236  -0.0005012483  -0.0003208023
       -0.0001490846  -0.0008004040   0.0000124527  -0.0005932232   0.0032674872
       -0.0012124422  -0.0224256036  -0.0250053817  -0.0039630674   0.0005360197
       -0.0020445338   0.0006028856  -0.0053225330  -0.0010463234  -0.0011249305
       -0.0003902225  -0.0009505314  -0.0014411058  -0.0001548862  -0.0000420149
        0.0004961348  -0.0001653633  -0.0000726060   0.0002900838   0.0001413554
       -0.0000676159  -0.0002056762
       -0.1332288552  -0.2615062924  -0.0207709442   0.0297685555  -0.0667804220
        0.0049157223  -0.0302089067  -0.0147301442  -0.0048127873   0.0242908422
        0.0322915823   0.0036850384   0.0338138384  -0.0936809354   0.0053285301
       -0.0088670172   0.6540792587  -0.0020008615  -0.0259690574  -0.0021588937
       -0.0041094599   0.1085215195  -0.2345557893   0.0177710373   0.0017138995
       -0.0061715211   0.0003171606   0.0016129120  -0.0006775800   0.0002289822
       -0.0006003461   0.0005893122  -0.0000570505   0.0027546359  -0.0044754828
        0.0005899874  -0.0076331269  -0.0027729719  -0.0004198819   0.0019172642
        0.0007784371   0.0004419864   0.0003525509   0.0002515823   0.0000674382
        0.0013579219  -0.0005511512  -0.0008789974   0.0004545553  -0.0000054606
       -0.0000661768  -0.0001637899  -0.0002335338   0.0001201975   0.0001126041
        0.0003100057  -0.0003499208
       -0.0148486894  -0.0086635164  -0.0515255558   0.0090296656  -0.0041506215
        0.0027056451  -0.0069806512  -0.0045777274  -0.0046864263  -0.0052778331
        0.0131852350  -0.0032654731  -0.0467561803  -0.0066484837  -0.0493566253
        0.0865980251  -0.0020008615   0.1287239253  -0.0025091894  -0.0003898428
       -0.0004446824  -0.0118373859   0.0177351417  -0.0361737386  -0.0006683300
        0.0000898915   0.0053166773  -0.0003508976  -0.0000734182   0.0011973341
        0.0000030279  -0.0001305002  -0.0001685585  -0.0013348093   0.0005523394
        0.0072894241  -0.0040596313  -0.0032981043  -0.0002895194   0.0001851597
       -0.0006450709   0.0004022695  -0.0018162670  -0.0006102074   0.0001511595
        0.0005515243  -0.0005691965  -0.0002495017   0.0001529421   0.0000263907
        0.0001030257  -0.0000594099   0.0000374039   0.0001216127  -0.0000210703
        0.0001311485   0.0001490079
       -0.0052569326   0.0005968824  -0.0020614764  -0.0001458257   0.0005566012
       -0.0000025109  -0.0008968391   0.0026859397  -0.0012707146   0.0069771436
        0.0114387430   0.0007843284  -0.1062709993  -0.1108731933  -0.0114761167
       -0.0162285553  -0.0259690574  -0.0025091894   0.1206446650   0.1236360112
        0.0151780721   0.0006689140  -0.0007185947   0.0005652487   0.0014226061
       -0.0006752973   0.0007028938  -0.0000351163   0.0000394374  -0.0000168178
        0.0002437010   0.0007650847   0.0000858865  -0.0001020077  -0.0000141585
        0.0002439685  -0.0006239639  -0.0013572535  -0.0000848190   0.0001036598
       -0.0000172813   0.0000202630  -0.0004281661  -0.0000854484  -0.0000658958
       -0.0001023326  -0.0000204941  -0.0000425282  -0.0000443438   0.0000120784
        0.0000328718   0.0000337155   0.0000296421  -0.0000394851   0.0000406774
       -0.0000296417  -0.0000439789
       -0.0001201422   0.0015396137   0.0000137929   0.0007228308   0.0006081467
        0.0001147653   0.0033292172  -0.0040942711   0.0005236924  -0.0144497275
       -0.0278092420  -0.0022105164  -0.1098830359  -0.2385760503  -0.0170439062
       -0.0025007771  -0.0021588937  -0.0003898428   0.1236360112   0.2686322575
        0.0191246045   0.0006990295   0.0010419643   0.0001018931  -0.0002989211
        0.0017311637  -0.0000360553  -0.0005387215   0.0008672336  -0.0000957476
       -0.0005346880  -0.0016182337  -0.0000843364  -0.0000061271   0.0000164587
       -0.0000082873   0.0000569206  -0.0002068202   0.0000743907  -0.0000179345
        0.0000401987  -0.0000260216  -0.0000519325  -0.0000399788  -0.0000318694
       -0.0000279122   0.0000389125  -0.0000459047  -0.0000438605   0.0000040649
        0.0000111263   0.0000359446  -0.0000199809  -0.0000026364  -0.0000061736
        0.0000034564   0.0000108590
       -0.0022338628   0.0001356469   0.0078044191   0.0000104727   0.0000517044
       -0.0001517721  -0.0012681175   0.0004258492   0.0068725602   0.0008953089
        0.0018707451   0.0019542087  -0.0114334296  -0.0171609129  -0.0344132352
       -0.0026367776  -0.0041094599  -0.0004446824   0.0151780721   0.0191246045
        0.0258336901   0.0005751823  -0.0001151573  -0.0028596654   0.0006363302
       -0.0001282765  -0.0029181446  -0.0000355981   0.0000127401   0.0001561019
        0.0000961003   0.0001201411  -0.0003099872   0.0002570786  -0.0000033221
       -0.0016380104  -0.0000557596  -0.0002821127   0.0001627272   0.0000400710
        0.0000167365  -0.0000109653   0.0000224632  -0.0000081884  -0.0000495860
       -0.0000511790   0.0000217569   0.0000075919  -0.0000188067   0.0000197034
        0.0000129005   0.0000070183   0.0000186612  -0.0000037015   0.0000154335
       -0.0000108597  -0.0000044495
        0.0061587329  -0.0097561588   0.0007791253  -0.0004681934  -0.0026723419
       -0.0012814068  -0.0001931723  -0.0005925144  -0.0000334763  -0.0042760253
       -0.0009395949  -0.0020445623  -0.0182014960   0.0263934997  -0.0029458086
       -0.1057827820   0.1085215195  -0.0118373859   0.0006689140   0.0006990295
        0.0005751823   0.1234968859  -0.1212349359   0.0162560715  -0.0015043591
        0.0014762894  -0.0002549926  -0.0003725095   0.0002130033  -0.0000267621
       -0.0001718012   0.0000289603   0.0002458284   0.0002554541  -0.0006188635
        0.0001289122   0.0007127519  -0.0014603067   0.0007945474  -0.0001969961
       -0.0001833940  -0.0003785470  -0.0000358745   0.0001799692  -0.0000045692
       -0.0001309591  -0.0001911590  -0.0000525242  -0.0000273589   0.0000199066
       -0.0000107601   0.0000200489   0.0001389123  -0.0000760803   0.0000487396
       -0.0000218208   0.0001672085
        0.0130157363  -0.0266957848   0.0022532081  -0.0031582819  -0.0046285991
       -0.0004853422  -0.0007272456   0.0006781362  -0.0001258447  -0.0005710412
        0.0014900526  -0.0000841095   0.0023722007  -0.0019266657   0.0003715080
        0.1090388847  -0.2345557893   0.0177351417  -0.0007185947   0.0010419643
       -0.0001151573  -0.1212349359   0.2649451157  -0.0197399300   0.0006537253
       -0.0002821625   0.0000981795  -0.0001156197   0.0000691591  -0.0000044088
        0.0000630394   0.0000188045   0.0000025783   0.0006685052  -0.0016995359
        0.0001014147   0.0013958282   0.0009311194   0.0003518528  -0.0008872399
        0.0000881926  -0.0005613808   0.0002848192   0.0002889438  -0.0000336466
        0.0000377677   0.0001243798  -0.0000914401  -0.0000160943   0.0000359097
        0.0000102271   0.0001063788   0.0000391221  -0.0000765284  -0.0002078323
        0.0000376376   0.0003936783
        0.0002655490  -0.0015080208   0.0012341663  -0.0011483292  -0.0005305059
        0.0071596234  -0.0000951318  -0.0001340596  -0.0001042321  -0.0020727826
       -0.0000684577   0.0083947368  -0.0028378862   0.0041696199  -0.0000796721
       -0.0119233153   0.0177710373  -0.0361737386   0.0005652487   0.0001018931
       -0.0028596654   0.0162560715  -0.0197399300   0.0267768772  -0.0002436241
        0.0002255265  -0.0000140020  -0.0000412140   0.0000500460  -0.0001774371
        0.0002334633   0.0000067470  -0.0016352772   0.0001276166  -0.0000868518
       -0.0001569667   0.0007815766  -0.0004951444  -0.0019609573  -0.0003639654
        0.0001080386  -0.0001342780  -0.0001952971   0.0000077036  -0.0000567140
        0.0004940482   0.0001031049   0.0000833775   0.0000630747  -0.0000560506
       -0.0001487139   0.0000007526  -0.0000327727  -0.0000344144   0.0001341445
        0.0001080766  -0.0001127124
        0.0013394493  -0.0008225336  -0.0005061664  -0.0008344294  -0.0030530954
       -0.0012308715  -0.0427812317  -0.0079303400  -0.0074718068  -0.2608613229
       -0.0374739147  -0.0349449136  -0.0394113521   0.0114443608  -0.0067519165
        0.0014767685   0.0017138995  -0.0006683300   0.0014226061  -0.0002989211
        0.0006363302  -0.0015043591   0.0006537253  -0.0002436241   0.4214633624
       -0.0994579126   0.0621709299  -0.0783708261   0.1346937957  -0.0118638351
        0.0028720155   0.0012066955   0.0006207435  -0.0025072882  -0.0008996313
       -0.0004144875  -0.0003738887   0.0001697954   0.0020710242  -0.0004776493
        0.0003718783  -0.0004328546  -0.0004288530  -0.0003424543  -0.0004026012
       -0.0008077956  -0.0000060439  -0.0008274620  -0.0007715843   0.0000296495
        0.0003788780   0.0002689203  -0.0001443670  -0.0000652766   0.0002874584
        0.0001454140  -0.0000537597
       -0.0000346860   0.0018094152  -0.0000370971  -0.0004453110  -0.0055775815
       -0.0000185967  -0.0387298866  -0.0035757716  -0.0059861582  -0.0079165939
       -0.0804911937  -0.0010908067   0.0384103895  -0.0001049805   0.0059668528
        0.0006676175  -0.0061715211   0.0000898915  -0.0006752973   0.0017311637
       -0.0001282765   0.0014762894  -0.0002821625   0.0002255265  -0.0994579126
        0.4633853455  -0.0172671489   0.1095438460  -0.3721625789   0.0186506304
       -0.0010260002   0.0017391158  -0.0001469455  -0.0016187187  -0.0003987539
       -0.0002490433  -0.0000778731   0.0001742482   0.0000374407  -0.0000997306
       -0.0000228533  -0.0000226074   0.0000422267  -0.0000454516   0.0000045956
       -0.0000322388   0.0000921077  -0.0000277732  -0.0000501035  -0.0000457104
        0.0000167474   0.0000426547  -0.0000240993  -0.0000092925  -0.0000186716
       -0.0000287379  -0.0000079390
        0.0000571924  -0.0001095494  -0.0003044740  -0.0011217592  -0.0004942186
        0.0065698214  -0.0074756113  -0.0012489305   0.0041129556  -0.0352188897
       -0.0056475134  -0.0399155857  -0.0068220035   0.0017633449   0.0027346513
       -0.0006254001   0.0003171606   0.0053166773   0.0007028938  -0.0000360553
       -0.0029181446  -0.0002549926   0.0000981795  -0.0000140020   0.0621709299
       -0.0172671489   0.0350015841  -0.0117961983   0.0225516490  -0.0076092884
        0.0007234945   0.0001705173  -0.0015301844  -0.0003957806  -0.0001450135
       -0.0001980883   0.0002270976   0.0000383619  -0.0008411966  -0.0001593386
        0.0000971298  -0.0001227531  -0.0001267427  -0.0001426584  -0.0000970663
        0.0001353231   0.0000031675  -0.0000931732  -0.0000677955   0.0000144126
       -0.0000256413   0.0000214968  -0.0000275960  -0.0000182744   0.0000260841
        0.0000647611  -0.0000478174
        0.0000948795   0.0000377037   0.0000566412  -0.0002570980  -0.0001344816
       -0.0000744214   0.0018735349   0.0015126113   0.0004274674  -0.0236189107
        0.0329808233  -0.0034977350  -0.0050567860  -0.0005496154  -0.0010382012
       -0.0010256236   0.0016129120  -0.0003508976  -0.0000351163  -0.0005387215
       -0.0000355981  -0.0003725095  -0.0001156197  -0.0000412140  -0.0783708261
        0.1095438460  -0.0117961983   0.1062684191  -0.1429711868   0.0163238450
        0.0000873709  -0.0015858031  -0.0000479231   0.0001537918   0.0001335057
        0.0000390694   0.0000670173  -0.0000619126  -0.0001203323   0.0000808463
       -0.0000304920   0.0000538141   0.0000055254   0.0000457405   0.0000396219
        0.0000983989   0.0000195454   0.0000719302   0.0000711895   0.0000385268
       -0.0000205617  -0.0000512862   0.0000335610   0.0000184889  -0.0000128172
        0.0000290571  -0.0000077955
       -0.0000759262   0.0007558580  -0.0000503698   0.0007581921  -0.0005513845
        0.0001176257  -0.0024058404   0.0019066757  -0.0004125543   0.0092295846
        0.0032618719   0.0013584072   0.0007508289   0.0001869118   0.0001341183
       -0.0005012483  -0.0006775800  -0.0000734182   0.0000394374   0.0008672336
        0.0000127401   0.0002130033   0.0000691591   0.0000500460   0.1346937957
       -0.3721625789   0.0225516490  -0.1429711868   0.3661283772  -0.0237663138
        0.0004112287   0.0001107965   0.0000524055  -0.0001206141   0.0000459875
       -0.0000315570   0.0000213475   0.0000201603   0.0000859140  -0.0000222787
        0.0000262371  -0.0000209863   0.0000053657   0.0000290733  -0.0000126965
       -0.0000275894  -0.0000543890  -0.0000310038  -0.0000004110   0.0000210812
        0.0000191365  -0.0000054775   0.0000064172  -0.0000099248   0.0000077886
        0.0000100920   0.0000267824
       -0.0000068886  -0.0000197675   0.0001516854  -0.0001344494   0.0000316494
        0.0002556085   0.0004566363   0.0001946619  -0.0008055500  -0.0034422762
        0.0050117199  -0.0019560465  -0.0010763390  -0.0000172975   0.0013696409
       -0.0003208023   0.0002289822   0.0011973341  -0.0000168178  -0.0000957476
        0.0001561019  -0.0000267621  -0.0000044088  -0.0001774371  -0.0118638351
        0.0186506304  -0.0076092884   0.0163238450  -0.0237663138   0.0080726693
       -0.0000529400  -0.0002070095  -0.0002306410   0.0000421537   0.0000226786
       -0.0000341778   0.0000893919  -0.0000108881  -0.0002565796  -0.0000004684
        0.0000524811   0.0000076236  -0.0000217843   0.0000219060  -0.0000297111
        0.0000595904  -0.0000145835  -0.0000545641  -0.0000010395  -0.0000160191
       -0.0000515489  -0.0000026397  -0.0000211152  -0.0000232540  -0.0000045750
       -0.0000415589   0.0000181346
       -0.0053871938  -0.0007966111  -0.0020396327  -0.0173397776   0.0264498861
       -0.0027694957  -0.1043176746   0.1065745384  -0.0117674954   0.0048741271
       -0.0100375657   0.0006492892  -0.0005209675  -0.0026561079  -0.0011773157
       -0.0001490846  -0.0006003461   0.0000030279   0.0002437010  -0.0005346880
        0.0000961003  -0.0001718012   0.0000630394   0.0002334633   0.0028720155
       -0.0010260002   0.0007234945   0.0000873709   0.0004112287  -0.0000529400
        0.1203673195  -0.1198917678   0.0158709008   0.0005683738   0.0006927922
        0.0005208378  -0.0006575285   0.0013929290  -0.0000603101  -0.0004531936
        0.0000770406  -0.0000948698   0.0001088459  -0.0000153113  -0.0000016725
       -0.0001344931  -0.0000137464  -0.0000747671  -0.0000709789  -0.0000429272
        0.0000351712   0.0000503973  -0.0000005607  -0.0000505761   0.0000305423
       -0.0000458220  -0.0000432101
        0.0000144731   0.0015671737  -0.0000137360   0.0024414539  -0.0018223074
        0.0003842974   0.1072250994  -0.2347159138   0.0173379094   0.0146397196
       -0.0268663651   0.0023436006  -0.0033164876  -0.0042973893  -0.0004817499
       -0.0008004040   0.0005893122  -0.0001305002   0.0007650847  -0.0016182337
        0.0001201411   0.0000289603   0.0000188045   0.0000067470   0.0012066955
        0.0017391158   0.0001705173  -0.0015858031   0.0001107965  -0.0002070095
       -0.1198917678   0.2642834614  -0.0194315301  -0.0007414410   0.0011002156
       -0.0001209425  -0.0000963153  -0.0001879221  -0.0000786348   0.0000515225
       -0.0000274473   0.0000331261   0.0000181495   0.0000576186   0.0000256909
        0.0000229199   0.0000467228   0.0000576320   0.0000472344   0.0000201080
       -0.0000094778   0.0000020575   0.0000116358  -0.0000141487  -0.0000311515
       -0.0000093860   0.0000080675
       -0.0022234431  -0.0001400423   0.0076109392  -0.0027900776   0.0041692120
       -0.0005575774  -0.0117337939   0.0172262967  -0.0332863851   0.0006610664
       -0.0015506807   0.0009740854  -0.0011731758  -0.0003851301   0.0067798645
        0.0000124527  -0.0000570505  -0.0001685585   0.0000858865  -0.0000843364
       -0.0003099872   0.0002458284   0.0000025783  -0.0016352772   0.0006207435
       -0.0001469455  -0.0015301844  -0.0000479231   0.0000524055  -0.0002306410
        0.0158709008  -0.0194315301   0.0248873768   0.0005343543   0.0000953881
       -0.0027478241  -0.0000664393   0.0002866530   0.0001973048   0.0000239839
        0.0000074072  -0.0000410577   0.0000335587  -0.0000256215   0.0000017075
       -0.0000645168  -0.0000219959   0.0000213270  -0.0000229024  -0.0000117197
        0.0000304298   0.0000214034   0.0000213600   0.0000065213   0.0000120934
       -0.0000062482  -0.0000020638
        0.0062256618   0.0106242096   0.0007471755  -0.1006227964  -0.1051903362
       -0.0105763211  -0.0173839078  -0.0270589976  -0.0027265284  -0.0038973806
        0.0011038709  -0.0019241584  -0.0001974668   0.0005226558  -0.0000261629
       -0.0005932232   0.0027546359  -0.0013348093  -0.0001020077  -0.0000061271
        0.0002570786   0.0002554541   0.0006685052   0.0001276166  -0.0025072882
       -0.0016187187  -0.0003957806   0.0001537918  -0.0001206141   0.0000421537
        0.0005683738  -0.0007414410   0.0005343543   0.1177202802   0.1175220411
        0.0148613853   0.0007665111   0.0015351726   0.0008026114  -0.0000248620
       -0.0001841482   0.0000014104  -0.0002773890   0.0001680000  -0.0003962895
       -0.0001312876   0.0001509700  -0.0000481039  -0.0000276141  -0.0000131909
       -0.0000104091   0.0000518152   0.0000169425   0.0001408497   0.0000233351
       -0.0001334298  -0.0000760723
       -0.0121652892  -0.0268901682  -0.0020008162  -0.1057551215  -0.2395579572
       -0.0163431659  -0.0026917771  -0.0029042468  -0.0004176859   0.0005592576
        0.0017117999   0.0001103647   0.0006900888   0.0006759793   0.0001150217
        0.0032674872  -0.0044754828   0.0005523394  -0.0000141585   0.0000164587
       -0.0000033221  -0.0006188635  -0.0016995359  -0.0000868518  -0.0008996313
       -0.0003987539  -0.0001450135   0.0001335057   0.0000459875   0.0000226786
        0.0006927922   0.0011002156   0.0000953881   0.1175220411   0.2707933885
        0.0181075286  -0.0014220678   0.0009251779  -0.0003602346  -0.0002835579
        0.0002799763   0.0000158561   0.0009303998   0.0001469165   0.0005304879
       -0.0000306647   0.0001401075   0.0000945697   0.0000188415   0.0000341466
       -0.0000060522   0.0001757763   0.0000121849  -0.0003612748  -0.0001090585
        0.0000438057   0.0000801823
        0.0003335454   0.0017331065   0.0012029568  -0.0106351042  -0.0163629682
       -0.0356521064  -0.0027158442  -0.0042594210   0.0000785751  -0.0019403661
        0.0001210187   0.0081013667  -0.0000835252   0.0001098488  -0.0001203748
       -0.0012124422   0.0005899874   0.0072894241   0.0002439685  -0.0000082873
       -0.0016380104   0.0001289122   0.0001014147  -0.0001569667  -0.0004144875
       -0.0002490433  -0.0001980883   0.0000390694  -0.0000315570  -0.0000341778
        0.0005208378  -0.0001209425  -0.0027478241   0.0148613853   0.0181075286
        0.0263017087   0.0007779843   0.0005021873  -0.0020305956  -0.0002120428
       -0.0000021463  -0.0000568672  -0.0003634714  -0.0001127474  -0.0001237723
        0.0005042718  -0.0000948306   0.0000762722   0.0000693403   0.0000388002
       -0.0001531054   0.0000986204  -0.0000943739  -0.0000995180  -0.0000006519
        0.0000324255  -0.0000388966
       -0.2058440249  -0.0014911370  -0.0225595743  -0.0230578266   0.0069864693
       -0.0041840060   0.0006261375   0.0023460308  -0.0009042508  -0.0005668428
        0.0001125843  -0.0003240646   0.0008214220  -0.0023399127  -0.0008533659
       -0.0224256036  -0.0076331269  -0.0040596313  -0.0006239639   0.0000569206
       -0.0000557596   0.0007127519   0.0013958282   0.0007815766  -0.0003738887
       -0.0000778731   0.0002270976   0.0000670173   0.0000213475   0.0000893919
       -0.0006575285  -0.0000963153  -0.0000664393   0.0007665111  -0.0014220678
        0.0007779843   0.4630065075   0.0005021666   0.0333457111  -0.0580823574
        0.0488828297  -0.0366294584  -0.0568802286  -0.0488701489  -0.0324046679
       -0.0854710959   0.0011089297   0.0468716729  -0.0179949776   0.0006791150
        0.0277412261   0.0030584227  -0.0011147373  -0.0039889317   0.0029195685
        0.0009530973  -0.0038045108
       -0.0020510273  -0.0666960163  -0.0002066635   0.0245326691  -0.0021009920
        0.0032044216   0.0023073670  -0.0035881330  -0.0000480321  -0.0001061883
       -0.0005572804  -0.0000187889  -0.0023369684  -0.0037945630   0.0000504567
       -0.0250053817  -0.0027729719  -0.0032981043  -0.0013572535  -0.0002068202
       -0.0002821127  -0.0014603067   0.0009311194  -0.0004951444   0.0001697954
        0.0001742482   0.0000383619  -0.0000619126   0.0000201603  -0.0000108881
        0.0013929290  -0.0001879221   0.0002866530   0.0015351726   0.0009251779
        0.0005021873   0.0005021666   0.5440299306  -0.0013070561   0.0492957139
       -0.1931415776   0.0963346434  -0.0491078664  -0.2053489074  -0.0912584481
        0.0013565757  -0.0658409328  -0.0026031076  -0.0000848049   0.0005347683
        0.0001815436  -0.0107369202  -0.0005109379   0.0223738417   0.0112162407
       -0.0018683501  -0.0234437634
       -0.0308101379  -0.0001930202  -0.0610636169  -0.0041774206   0.0003008089
       -0.0002177820  -0.0014675448   0.0007949977   0.0063920735  -0.0017920145
       -0.0001540947   0.0001477037  -0.0013590835  -0.0007262094   0.0060969828
       -0.0039630674  -0.0004198819  -0.0002895194  -0.0000848190   0.0000743907
        0.0001627272   0.0007945474   0.0003518528  -0.0019609573   0.0020710242
        0.0000374407  -0.0008411966  -0.0001203323   0.0000859140  -0.0002565796
       -0.0000603101  -0.0000786348   0.0001973048   0.0008026114  -0.0003602346
       -0.0020305956   0.0333457111  -0.0013070561   0.4590861301  -0.0361294345
        0.0967623203  -0.1058620305  -0.0317845934  -0.0916610877  -0.0952691703
        0.0567668991  -0.0025534799  -0.1663411171   0.0016943394  -0.0000171301
        0.0000762470   0.0084347941   0.0029527336  -0.0197492329   0.0078388312
       -0.0038896294  -0.0182773709
       -0.0148551316   0.0245432494  -0.0163251339  -0.0051464351  -0.0005451942
       -0.0018370856  -0.0010885969   0.0008985746   0.0007691506   0.0007403849
        0.0002180571   0.0000914361   0.0001374633   0.0002368073   0.0003753016
        0.0005360197   0.0019172642   0.0001851597   0.0001036598  -0.0000179345
        0.0000400710  -0.0001969961  -0.0008872399  -0.0003639654  -0.0004776493
       -0.0000997306  -0.0001593386   0.0000808463  -0.0000222787  -0.0000004684
       -0.0004531936   0.0000515225   0.0000239839  -0.0000248620  -0.0002835579
       -0.0002120428  -0.0580823574   0.0492957139  -0.0361294345   0.0727429360
       -0.0580651089   0.0381672725   0.0028404678  -0.0062281199   0.0034206807
        0.0032474873  -0.0102234983   0.0091446157   0.0003684659  -0.0005359592
        0.0002191523  -0.0006919587  -0.0001777871   0.0031129835   0.0002194499
       -0.0000747797  -0.0005223383
        0.0047072067  -0.0022192935   0.0013601150   0.0009054962   0.0002643594
        0.0005664464   0.0000257220  -0.0000101254  -0.0001523340  -0.0004957310
        0.0002246901  -0.0001529355   0.0002481972  -0.0002929216  -0.0002000909
       -0.0020445338   0.0007784371  -0.0006450709  -0.0000172813   0.0000401987
        0.0000167365  -0.0001833940   0.0000881926   0.0001080386   0.0003718783
       -0.0000228533   0.0000971298  -0.0000304920   0.0000262371   0.0000524811
        0.0000770406  -0.0000274473   0.0000074072  -0.0001841482   0.0002799763
       -0.0000021463   0.0488828297  -0.1931415776   0.0967623203  -0.0580651089
        0.2210611374  -0.1140094944   0.0068829381  -0.0283564881   0.0132861532
       -0.0003898291  -0.0005200186   0.0028758316  -0.0002861190   0.0000231115
       -0.0000547908  -0.0004301742   0.0010963162   0.0005472322   0.0000255025
        0.0007080690  -0.0004630293
       -0.0026884025   0.0049915814  -0.0020455401  -0.0011356792  -0.0000972771
        0.0000293218   0.0001700068   0.0002122427   0.0002457712   0.0006214180
       -0.0001479274   0.0000980259  -0.0000398793   0.0001114821   0.0000737245
        0.0006028856   0.0004419864   0.0004022695   0.0000202630  -0.0000260216
       -0.0000109653  -0.0003785470  -0.0005613808  -0.0001342780  -0.0004328546
       -0.0000226074  -0.0001227531   0.0000538141  -0.0000209863   0.0000076236
       -0.0000948698   0.0000331261  -0.0000410577   0.0000014104   0.0000158561
       -0.0000568672  -0.0366294584   0.0963346434  -0.1058620305   0.0381672725
       -0.1140094944   0.1259545593   0.0032307443  -0.0112089054   0.0073247477
       -0.0037061587   0.0227860749  -0.0208092806  -0.0003536660   0.0001157310
        0.0006591030   0.0031351125   0.0005547711  -0.0061938036  -0.0005434117
        0.0004971049   0.0004814296
       -0.0141651796  -0.0255581525  -0.0148598279   0.0005967041  -0.0020096014
        0.0002137440   0.0001317748  -0.0002350072   0.0003366603   0.0007347719
       -0.0000845908   0.0000899058  -0.0010205812  -0.0009933701   0.0006785699
       -0.0053225330   0.0003525509  -0.0018162670  -0.0004281661  -0.0000519325
        0.0000224632  -0.0000358745   0.0002848192  -0.0001952971  -0.0004288530
        0.0000422267  -0.0001267427   0.0000055254   0.0000053657  -0.0000217843
        0.0001088459   0.0000181495   0.0000335587  -0.0002773890   0.0009303998
       -0.0003634714  -0.0568802286  -0.0491078664  -0.0317845934   0.0028404678
        0.0068829381   0.0032307443   0.0712064459   0.0578107260   0.0332232980
        0.0030744688   0.0108072439   0.0085816135   0.0003494800   0.0005443975
        0.0001864064   0.0002206737   0.0000382825  -0.0005296519  -0.0007103536
        0.0003234210   0.0031006716
       -0.0049372671  -0.0031782498  -0.0016240567   0.0020647579   0.0008609892
        0.0006288470  -0.0002120666  -0.0003101185   0.0002006471   0.0005027845
        0.0002640313   0.0001393688  -0.0000596269  -0.0000485698   0.0001363248
       -0.0010463234   0.0002515823  -0.0006102074  -0.0000854484  -0.0000399788
       -0.0000081884   0.0001799692   0.0002889438   0.0000077036  -0.0003424543
       -0.0000454516  -0.0001426584   0.0000457405   0.0000290733   0.0000219060
       -0.0000153113   0.0000576186  -0.0000256215   0.0001680000   0.0001469165
       -0.0001127474  -0.0488701489  -0.2053489074  -0.0916610877  -0.0062281199
       -0.0283564881  -0.0112089054   0.0578107260   0.2355700868   0.1084221881
        0.0002390536  -0.0019083795  -0.0037946327   0.0002723932   0.0000317501
        0.0000946766  -0.0000717758   0.0007123321   0.0004470152   0.0005851176
        0.0010228196  -0.0009105716
       -0.0023704916  -0.0050583701  -0.0017493456   0.0005788248  -0.0004142224
        0.0003311770  -0.0000220220  -0.0001125101   0.0000822129   0.0005813328
        0.0002236173   0.0001042116   0.0001606511  -0.0002348639   0.0002253696
       -0.0011249305   0.0000674382   0.0001511595  -0.0000658958  -0.0000318694
       -0.0000495860  -0.0000045692  -0.0000336466  -0.0000567140  -0.0004026012
        0.0000045956  -0.0000970663   0.0000396219  -0.0000126965  -0.0000297111
       -0.0000016725   0.0000256909   0.0000017075  -0.0003962895   0.0005304879
       -0.0001237723  -0.0324046679  -0.0912584481  -0.0952691703   0.0034206807
        0.0132861532   0.0073247477   0.0332232980   0.1084221881   0.1133348621
       -0.0034321833  -0.0238805621  -0.0192067583  -0.0003597296  -0.0000816154
        0.0006488464  -0.0005359854  -0.0005202164   0.0004809103   0.0031166292
       -0.0009211501  -0.0061030807
       -0.0263875940   0.0005569633   0.0236973528  -0.0004872679  -0.0013951534
        0.0005756868  -0.0003977387  -0.0001060040  -0.0015165081   0.0008205210
        0.0000989681   0.0000362680  -0.0003280773   0.0000926426  -0.0014266722
       -0.0003902225   0.0013579219   0.0005515243  -0.0001023326  -0.0000279122
       -0.0000511790  -0.0001309591   0.0000377677   0.0004940482  -0.0008077956
       -0.0000322388   0.0001353231   0.0000983989  -0.0000275894   0.0000595904
       -0.0001344931   0.0000229199  -0.0000645168  -0.0001312876  -0.0000306647
        0.0005042718  -0.0854710959   0.0013565757   0.0567668991   0.0032474873
       -0.0003898291  -0.0037061587   0.0030744688   0.0002390536  -0.0034321833
        0.5060279326   0.0008551513   0.0321586687  -0.2777481010  -0.0023253190
       -0.0377062965  -0.0609519802   0.0503766108  -0.0355166052  -0.0597998630
       -0.0506598642  -0.0315595133
        0.0002061643   0.0016797242   0.0002248500   0.0008718492  -0.0004579203
        0.0005534881  -0.0004499632  -0.0001857133   0.0000831061  -0.0000021335
        0.0003125812   0.0000049530   0.0004833876  -0.0001834801  -0.0000738123
       -0.0009505314  -0.0005511512  -0.0005691965  -0.0000204941   0.0000389125
        0.0000217569  -0.0001911590   0.0001243798   0.0001031049  -0.0000060439
        0.0000921077   0.0000031675   0.0000195454  -0.0000543890  -0.0000145835
       -0.0000137464   0.0000467228  -0.0000219959   0.0001509700   0.0001401075
       -0.0000948306   0.0011089297  -0.0658409328  -0.0025534799  -0.0102234983
       -0.0005200186   0.0227860749   0.0108072439  -0.0019083795  -0.0238805621
        0.0008551513   0.5198534816  -0.0013893738  -0.0023347514  -0.0446252052
       -0.0002662685   0.0506473897  -0.1977368353   0.1024976795  -0.0509583097
       -0.2102239921  -0.0974140780
        0.0107025826   0.0000824030   0.0029307909  -0.0014734838   0.0008730513
       -0.0003113661   0.0002926092  -0.0000446361   0.0000505033   0.0006888968
        0.0000743667   0.0001639557   0.0002930761   0.0000315893   0.0000485635
       -0.0014411058  -0.0008789974  -0.0002495017  -0.0000425282  -0.0000459047
        0.0000075919  -0.0000525242  -0.0000914401   0.0000833775  -0.0008274620
       -0.0000277732  -0.0000931732   0.0000719302  -0.0000310038  -0.0000545641
       -0.0000747671   0.0000576320   0.0000213270  -0.0000481039   0.0000945697
        0.0000762722   0.0468716729  -0.0026031076  -0.1663411171   0.0091446157
        0.0028758316  -0.0208092806   0.0085816135  -0.0037946327  -0.0192067583
        0.0321586687  -0.0013893738   0.4632991853  -0.0377017361  -0.0002574327
       -0.0469577711  -0.0355453228   0.1027733264  -0.1119409947  -0.0315986319
       -0.0976984676  -0.1007170402
       -0.0015090053   0.0001102281   0.0041139406  -0.0001614202  -0.0004574175
        0.0001569211  -0.0000152065  -0.0001800721  -0.0002586882   0.0008900302
        0.0000669763   0.0001091585   0.0000049082   0.0001644255  -0.0002431852
       -0.0001548862   0.0004545553   0.0001529421  -0.0000443438  -0.0000438605
       -0.0000188067  -0.0000273589  -0.0000160943   0.0000630747  -0.0007715843
       -0.0000501035  -0.0000677955   0.0000711895  -0.0000004110  -0.0000010395
       -0.0000709789   0.0000472344  -0.0000229024  -0.0000276141   0.0000188415
        0.0000693403  -0.0179949776  -0.0000848049   0.0016943394   0.0003684659
       -0.0002861190  -0.0003536660   0.0003494800   0.0002723932  -0.0003597296
       -0.2777481010  -0.0023347514  -0.0377017361   0.3219168449   0.0026680212
        0.0411096345  -0.0127141760   0.0022250439  -0.0043259533  -0.0123612658
       -0.0025740853  -0.0041158487
        0.0000380116   0.0006049265  -0.0001162087   0.0000515051  -0.0000100713
       -0.0000110659  -0.0001361917  -0.0000386398  -0.0000462065  -0.0000329829
        0.0001708164  -0.0000043417   0.0001388562  -0.0000321492   0.0000697540
       -0.0000420149  -0.0000054606   0.0000263907   0.0000120784   0.0000040649
        0.0000197034   0.0000199066   0.0000359097  -0.0000560506   0.0000296495
       -0.0000457104   0.0000144126   0.0000385268   0.0000210812  -0.0000160191
       -0.0000429272   0.0000201080  -0.0000117197  -0.0000131909   0.0000341466
        0.0000388002   0.0006791150   0.0005347683  -0.0000171301  -0.0005359592
        0.0000231115   0.0001157310   0.0005443975   0.0000317501  -0.0000816154
       -0.0023253190  -0.0446252052  -0.0002574327   0.0026680212   0.0474590934
        0.0004424740   0.0273741181  -0.0017060867   0.0063758917  -0.0284656000
       -0.0024764533  -0.0064853673
        0.0024650106  -0.0001456273  -0.0044659126   0.0005301863   0.0000760428
        0.0000957157   0.0000885246  -0.0000081930   0.0004084010  -0.0003621349
       -0.0000498998  -0.0000290466   0.0000662365   0.0000152810   0.0003646191
        0.0004961348  -0.0000661768   0.0001030257   0.0000328718   0.0000111263
        0.0000129005  -0.0000107601   0.0000102271  -0.0001487139   0.0003788780
        0.0000167474  -0.0000256413  -0.0000205617   0.0000191365  -0.0000515489
        0.0000351712  -0.0000094778   0.0000304298  -0.0000104091  -0.0000060522
       -0.0001531054   0.0277412261   0.0001815436   0.0000762470   0.0002191523
       -0.0000547908   0.0006591030   0.0001864064   0.0000946766   0.0006488464
       -0.0377062965  -0.0002662685  -0.0469577711   0.0411096345   0.0004424740
        0.0559234385  -0.0184133870   0.0013382755  -0.0034717282  -0.0168258839
       -0.0015990444  -0.0030192588
        0.0007027225  -0.0008029228   0.0006065349   0.0001637852  -0.0000731140
       -0.0000276025  -0.0001077750   0.0000035752  -0.0000831635  -0.0002246142
        0.0000609841  -0.0000129587   0.0000560902  -0.0000784212  -0.0000107904
       -0.0001653633  -0.0001637899  -0.0000594099   0.0000337155   0.0000359446
        0.0000070183   0.0000200489   0.0001063788   0.0000007526   0.0002689203
        0.0000426547   0.0000214968  -0.0000512862  -0.0000054775  -0.0000026397
        0.0000503973   0.0000020575   0.0000214034   0.0000518152   0.0001757763
        0.0000986204   0.0030584227  -0.0107369202   0.0084347941  -0.0006919587
       -0.0004301742   0.0031351125   0.0002206737  -0.0000717758  -0.0005359854
       -0.0609519802   0.0506473897  -0.0355453228  -0.0127141760   0.0273741181
       -0.0184133870   0.0677079846  -0.0589856122   0.0385996060   0.0025725776
       -0.0071006713   0.0037659209
       -0.0001172542  -0.0000500448  -0.0000768405   0.0000214352   0.0003042395
       -0.0001123801  -0.0001006990  -0.0000894661   0.0000122809   0.0001313805
        0.0001122878   0.0000485534   0.0000326277   0.0000577973  -0.0000268520
       -0.0000726060  -0.0002335338   0.0000374039   0.0000296421  -0.0000199809
        0.0000186612   0.0001389123   0.0000391221  -0.0000327727  -0.0001443670
       -0.0000240993  -0.0000275960   0.0000335610   0.0000064172  -0.0000211152
       -0.0000005607   0.0000116358   0.0000213600   0.0000169425   0.0000121849
       -0.0000943739  -0.0011147373  -0.0005109379   0.0029527336  -0.0001777871
        0.0010963162   0.0005547711   0.0000382825   0.0007123321  -0.0005202164
        0.0503766108  -0.1977368353   0.1027733264   0.0022250439  -0.0017060867
        0.0013382755  -0.0589856122   0.2268175827  -0.1206102418   0.0076691850
       -0.0287989309   0.0137650226
       -0.0006460709   0.0002775601   0.0006462040  -0.0002175852   0.0002962319
        0.0001449497   0.0001137495   0.0000310741  -0.0000434969  -0.0000599075
       -0.0002237930  -0.0000266418  -0.0002567505  -0.0000038361  -0.0000535003
        0.0002900838   0.0001201975   0.0001216127  -0.0000394851  -0.0000026364
       -0.0000037015  -0.0000760803  -0.0000765284  -0.0000344144  -0.0000652766
       -0.0000092925  -0.0000182744   0.0000184889  -0.0000099248  -0.0000232540
       -0.0000505761  -0.0000141487   0.0000065213   0.0001408497  -0.0003612748
       -0.0000995180  -0.0039889317   0.0223738417  -0.0197492329   0.0031129835
        0.0005472322  -0.0061938036  -0.0005296519   0.0004470152   0.0004809103
       -0.0355166052   0.1024976795  -0.1119409947  -0.0043259533   0.0063758917
       -0.0034717282   0.0385996060  -0.1206102418   0.1322935109   0.0034971128
       -0.0116550473   0.0079648517
        0.0006839004   0.0008631671   0.0005563418  -0.0001750254   0.0001559826
       -0.0000574446   0.0000565689   0.0000823422  -0.0000060398  -0.0002477147
       -0.0000906562  -0.0000173553  -0.0001117479  -0.0000087544  -0.0000848467
        0.0001413554   0.0001126041  -0.0000210703   0.0000406774  -0.0000061736
        0.0000154335   0.0000487396  -0.0002078323   0.0001341445   0.0002874584
       -0.0000186716   0.0000260841  -0.0000128172   0.0000077886  -0.0000045750
        0.0000305423  -0.0000311515   0.0000120934   0.0000233351  -0.0001090585
       -0.0000006519   0.0029195685   0.0112162407   0.0078388312   0.0002194499
        0.0000255025  -0.0005434117  -0.0007103536   0.0005851176   0.0031166292
       -0.0597998630  -0.0509583097  -0.0315986319  -0.0123612658  -0.0284656000
       -0.0168258839   0.0025725776   0.0076691850   0.0034971128   0.0663946140
        0.0591782775   0.0339632406
        0.0000845188  -0.0000541522   0.0001151387   0.0000904719  -0.0002434936
       -0.0000291282  -0.0000652893   0.0000546235   0.0000278918  -0.0001554966
        0.0001130882  -0.0000460724   0.0001242587  -0.0000927984  -0.0000074394
       -0.0000676159   0.0003100057   0.0001311485  -0.0000296417   0.0000034564
       -0.0000108597  -0.0000218208   0.0000376376   0.0001080766   0.0001454140
       -0.0000287379   0.0000647611   0.0000290571   0.0000100920  -0.0000415589
       -0.0000458220  -0.0000093860  -0.0000062482  -0.0001334298   0.0000438057
        0.0000324255   0.0009530973  -0.0018683501  -0.0038896294  -0.0000747797
        0.0007080690   0.0004971049   0.0003234210   0.0010228196  -0.0009211501
       -0.0506598642  -0.2102239921  -0.0976984676  -0.0025740853  -0.0024764533
       -0.0015990444  -0.0071006713  -0.0287989309  -0.0116550473   0.0591782775
        0.2414926968   0.1149280986
       -0.0006381746  -0.0002408124   0.0006727561   0.0002866888  -0.0001039280
        0.0001086834  -0.0002636996  -0.0000079205  -0.0000484809  -0.0000548394
        0.0002197771  -0.0000312952   0.0001056871  -0.0000051378  -0.0000589133
       -0.0002056762  -0.0003499208   0.0001490079  -0.0000439789   0.0000108590
       -0.0000044495   0.0001672085   0.0003936783  -0.0001127124  -0.0000537597
       -0.0000079390  -0.0000478174  -0.0000077955   0.0000267824   0.0000181346
       -0.0000432101   0.0000080675  -0.0000020638  -0.0000760723   0.0000801823
       -0.0000388966  -0.0038045108  -0.0234437634  -0.0182773709  -0.0005223383
       -0.0004630293   0.0004814296   0.0031006716  -0.0009105716  -0.0061030807
       -0.0315595133  -0.0974140780  -0.1007170402  -0.0041158487  -0.0064853673
       -0.0030192588   0.0037659209   0.0137650226   0.0079648517   0.0339632406
        0.1149280986   0.1190665163
