           1           2   1.41300147220865     
           2           3   1.44675783566149     
           3           4   1.37588678478214     
           2           5  0.107807522076842     
           4           5   1.36390806060973     
           1           6   1.40190199339755     
           3           6  0.105483210308125     
           5           6   1.46095300651956     
           5           7  0.968892560213617     
           6           8  0.968802932208844     
           4           9   1.06653915916691     
           9          10  0.843855001031579     
           3          11  0.966160391378658     
           2          12  0.968925317143914     
           1          13   1.01190119665924     
          13          14  0.973948181469192     
          13          15  0.974523906583350     
          13          16   1.00152636249143     
          16          17  0.985960260622628     
          16          18  0.988363979297543     
          16          19  0.988289334220402     
