$hessian                                                                        
        0.6654139674  -0.0118646203  -0.0000572466  -0.1060208952  -0.0130692764
        0.0000057090   0.0487917636  -0.0022218903  -0.0000049307  -0.0341230090
       -0.0358549609   0.0000005331  -0.0562894944   0.0657187461   0.0000093195
       -0.3219599223  -0.0874968621   0.0000215643  -0.0114989960  -0.0045416177
        0.0000003210  -0.1533252692   0.1292960016   0.0000216658  -0.0290520671
       -0.0428866463  -0.0000021360   0.0017224892  -0.0033505857   0.0000027534
        0.0002934521   0.0001219678  -0.0001917360   0.0001871920  -0.0001411534
        0.0000002497   0.0002917402   0.0001216343   0.0001913399  -0.0024241661
        0.0037780240   0.0000006816  -0.0020758861   0.0032163045   0.0000015689
        0.0000691011  -0.0008250651   0.0000003430
       -0.0118646203   0.6585660321   0.0000391165  -0.0908102868  -0.2955451224
       -0.0000044191   0.0481934164  -0.0548518225  -0.0000082343  -0.0314739763
       -0.0271346458   0.0000015569   0.0066915245   0.0455774012   0.0000012402
       -0.0097514525  -0.1034312610  -0.0000032846  -0.0286985467  -0.0091969696
        0.0000020732   0.1290510598  -0.1938318075  -0.0000271227  -0.0183119636
       -0.0153241557  -0.0000008899   0.0007030655  -0.0000702887   0.0000009231
       -0.0000994607   0.0003892359   0.0004906317   0.0007301787  -0.0005878251
        0.0000003621  -0.0000993025   0.0003894030  -0.0004913855   0.0029760574
       -0.0028012504  -0.0000004217   0.0035437973  -0.0025650058  -0.0000007306
       -0.0007794900   0.0004180823   0.0000005846
       -0.0000572466   0.0000391165   0.1085316527  -0.0000013753  -0.0000147150
       -0.0501431549  -0.0000010220  -0.0000030309   0.0004270563   0.0000004470
        0.0000025784  -0.0041987854   0.0000068486  -0.0000044400   0.0015469827
        0.0000261167   0.0000041355  -0.0443921885  -0.0000006900  -0.0000001788
        0.0005338328   0.0000212480  -0.0000265661  -0.0306754695   0.0000014044
        0.0000075352   0.0051377904   0.0000007035  -0.0000028408  -0.0017042419
       -0.0000393922  -0.0003631974   0.0000723469  -0.0000001106  -0.0000002654
        0.0003105850   0.0000405586   0.0003633769   0.0000717159   0.0000009074
       -0.0000006728   0.0070627813   0.0000016694  -0.0000008671   0.0074987887
       -0.0000000670   0.0000000319  -0.0000796925
       -0.1060208952  -0.0908102868  -0.0000013753   0.5949006742  -0.0058484246
       -0.0000232116  -0.1719862778   0.1416206460   0.0000138474  -0.0565873559
        0.0055304917   0.0000065361   0.0018731079   0.0161937428  -0.0000003273
       -0.0104610412  -0.0345209510  -0.0000010378  -0.0045039518  -0.0008504263
        0.0000011792   0.0058940795   0.0207164841   0.0000000329  -0.2164393767
       -0.0477034722   0.0000077525  -0.0402373580   0.0035922039  -0.0000042519
        0.0019866096  -0.0013048605   0.0018749674  -0.0041906695   0.0032698064
       -0.0000011440   0.0019845904  -0.0013064572  -0.0018733768   0.0064106889
       -0.0072992763   0.0000003083   0.0015392737   0.0004309418  -0.0000006832
       -0.0041620980  -0.0017101617   0.0000007842
       -0.0130692764  -0.2955451224  -0.0000147150  -0.0058484246   0.6675049532
        0.0000047012   0.0689576437  -0.2163023602  -0.0000095487   0.0626065102
        0.0499542114  -0.0000027408   0.0158179220  -0.0640049466  -0.0000045056
       -0.0932538067   0.0040163942   0.0000095657  -0.0003245100   0.0017168966
        0.0000000339  -0.0030337548  -0.0241610983   0.0000001452  -0.0729569825
       -0.1096521864   0.0000273398   0.0192114644   0.0146066909  -0.0000084321
        0.0008151110   0.0004534472   0.0004438230   0.0033501070  -0.0025704968
        0.0000018172   0.0008156194   0.0004510062  -0.0004438763   0.0182694401
       -0.0266918936  -0.0000025929   0.0006367768  -0.0006528897  -0.0000006095
       -0.0019938394   0.0008773943  -0.0000004050
        0.0000057090  -0.0000044191  -0.0501431549  -0.0000232116   0.0000047012
        0.1305740199   0.0000075033  -0.0000139233  -0.0516201556   0.0000105138
        0.0000032325  -0.0024529256   0.0000001304  -0.0000064562  -0.0061253335
       -0.0000059142   0.0000040725  -0.0024898743   0.0000012969  -0.0000003060
        0.0083815883  -0.0000006320  -0.0000037100   0.0005640873   0.0000250483
        0.0000227725  -0.0352915748  -0.0000143856  -0.0000065337  -0.0043891345
       -0.0015145950   0.0000556720   0.0005247789  -0.0000053698   0.0000029614
        0.0005360757   0.0015121032  -0.0000574232   0.0005237764   0.0000003325
       -0.0000003035   0.0019914764  -0.0000000046  -0.0000001249   0.0006226795
        0.0000014753  -0.0000002122   0.0087936710
        0.0487917636   0.0481934164  -0.0000010220  -0.1719862778   0.0689576437
        0.0000075033   0.6828366627   0.0260508776  -0.0000524849  -0.3368970857
       -0.0148274456   0.0000330551  -0.0111729001  -0.0916855351  -0.0000027936
       -0.0578876889   0.0211676034   0.0000066518  -0.0004610633   0.0004338398
        0.0000002533   0.0000682872  -0.0024189237   0.0000008238  -0.0534893793
        0.0253750193   0.0000079466  -0.0039723234  -0.0012260880   0.0000008405
       -0.0008769972   0.0003424069  -0.0004129591  -0.0009050245   0.0012685336
       -0.0000007384  -0.0008776036   0.0003434997   0.0004119860  -0.0698496031
       -0.0780689905  -0.0000005712   0.0003314029  -0.0019608999   0.0000002499
       -0.0236521693  -0.0019449574   0.0000012590
       -0.0022218903  -0.0548518225  -0.0000030309   0.1416206460  -0.2163023602
       -0.0000139233   0.0260508776   0.6537498799   0.0000148329  -0.0909814329
       -0.1056648043   0.0000064842  -0.0333938787   0.0008962444   0.0000036358
        0.0182073467  -0.0033114404  -0.0000014750   0.0003996192   0.0009619376
        0.0000000336  -0.0017784947  -0.0051759754  -0.0000005817   0.0030478582
        0.0105030502  -0.0000041464  -0.0022607367  -0.0009904455   0.0000016265
        0.0003736072  -0.0001782438   0.0001022788  -0.0006200516   0.0002175490
       -0.0000001592   0.0003728327  -0.0001780568  -0.0001019230  -0.0786799329
       -0.2776820130  -0.0000008653  -0.0022463612  -0.0051615333  -0.0000002440
        0.0221099915   0.0031680341  -0.0000025430
       -0.0000049307  -0.0000082343   0.0004270563   0.0000138474  -0.0000095487
       -0.0516201556  -0.0000524849   0.0000148329   0.1098024147   0.0000280759
       -0.0000016020  -0.0432763745   0.0000001186   0.0000085516   0.0016708991
        0.0000054876  -0.0000017269  -0.0043198142   0.0000000708  -0.0000000387
       -0.0000808178   0.0000007511  -0.0000004777   0.0071871995   0.0000059751
       -0.0000015132   0.0039184500  -0.0000017886   0.0000011201   0.0014112520
        0.0002566545  -0.0001152195  -0.0000055933  -0.0000000681  -0.0000000995
        0.0000838075  -0.0002571013   0.0001151744  -0.0000057502   0.0000003444
       -0.0000016304  -0.0327343311   0.0000008391  -0.0000001435   0.0071616549
        0.0000042090   0.0000005553   0.0003801027
       -0.0341230090  -0.0314739763   0.0000004470  -0.0565873559   0.0626065102
        0.0000105138  -0.3368970857  -0.0909814329   0.0000280759   0.6711327382
       -0.0098647024  -0.0000663485  -0.1156479297  -0.0283482564   0.0000079692
        0.0532115800  -0.0036368858  -0.0000056417  -0.0019361802   0.0040413813
        0.0000013964   0.0001788752  -0.0008523050  -0.0000003853   0.0030436642
        0.0037649174  -0.0000034963  -0.0018878927  -0.0006909087   0.0000013882
        0.0004454300  -0.0001909277   0.0003478715  -0.0002595321   0.0000518342
        0.0000000082   0.0004448785  -0.0001910173  -0.0003475973  -0.0104088074
       -0.0042135127   0.0000008464  -0.0116911303  -0.0282878640   0.0000003177
       -0.1590182432   0.1282671459   0.0000246349
       -0.0358549609  -0.0271346458   0.0000025784   0.0055304917   0.0499542114
        0.0000032325  -0.0148274456  -0.1056648043  -0.0000016020  -0.0098647024
        0.6627198832   0.0000263618  -0.1077738606  -0.3065578549   0.0000034222
        0.0571725687  -0.0631714314  -0.0000094708   0.0033905515  -0.0028462048
       -0.0000011077  -0.0005522299   0.0002597737  -0.0000002247   0.0040184662
       -0.0040593271  -0.0000015488   0.0018399528  -0.0010594381   0.0000003158
        0.0003004899   0.0000781302   0.0000748286   0.0001804014  -0.0002739154
        0.0000003401   0.0003002979   0.0000777437  -0.0000748595  -0.0280511875
       -0.0084057027   0.0000019204  -0.0038403857  -0.0076183155   0.0000004215
        0.1280315523  -0.1862981023  -0.0000246078
        0.0000005331   0.0000015569  -0.0041987854   0.0000065361  -0.0000027408
       -0.0024529256   0.0000330551   0.0000064842  -0.0432763745  -0.0000663485
        0.0000263618   0.1166599928   0.0000037245  -0.0000048126  -0.0479170630
       -0.0000016506  -0.0000031901   0.0015524891   0.0000012187  -0.0000013331
        0.0078822101  -0.0000000253   0.0000000738  -0.0001726950  -0.0000029143
       -0.0000020185   0.0049316901   0.0000011888   0.0000005012   0.0015857801
        0.0002627823  -0.0001350610   0.0000202583   0.0000004453  -0.0000001979
        0.0000017446  -0.0002628545   0.0001354730   0.0000202294  -0.0000000693
        0.0000001914  -0.0001553063   0.0000012050   0.0000032846  -0.0001182940
        0.0000231734  -0.0000245727  -0.0343629505
       -0.0562894944   0.0066915245   0.0000068486   0.0018731079   0.0158179220
        0.0000001304  -0.0111729001  -0.0333938787   0.0000001186  -0.1156479297
       -0.1077738606   0.0000037245   0.6804064572   0.0022874762  -0.0000741102
       -0.2067981098   0.1613531612   0.0000278820   0.0053484813  -0.0058537016
       -0.0000014607  -0.0053654939  -0.0013599983   0.0000011587  -0.0016517384
       -0.0008821917  -0.0000004069   0.0000372292  -0.0002655138   0.0000004190
        0.0001243248   0.0000513187   0.0001216814   0.0000685244  -0.0001189224
       -0.0000000290   0.0001243368   0.0000512886  -0.0001217106  -0.0054957186
       -0.0016706513   0.0000014848  -0.2903807326  -0.0544779355   0.0000339390
        0.0048196559   0.0195439627   0.0000003303
        0.0657187461   0.0455774012  -0.0000044400   0.0161937428  -0.0640049466
       -0.0000064562  -0.0916855351   0.0008962444   0.0000085516  -0.0283482564
       -0.3065578549  -0.0000048126   0.0022874762   0.6498415605   0.0000230205
        0.0824047255  -0.2256577493  -0.0000201471   0.0184975485  -0.0248952707
       -0.0000026518  -0.0019975226   0.0011821887   0.0000003121  -0.0019436718
        0.0007091953   0.0000037046  -0.0000334561   0.0009519063  -0.0000015488
       -0.0005395398   0.0001084718  -0.0002379415   0.0001286602   0.0001044011
        0.0000000527  -0.0005389371   0.0001085137   0.0002376046  -0.0010318919
        0.0012940395  -0.0000003460  -0.0544514624  -0.0556027591   0.0000058530
       -0.0046606263  -0.0240553420  -0.0000007551
        0.0000093195   0.0000012402   0.0015469827  -0.0000003273  -0.0000045056
       -0.0061253335  -0.0000027936   0.0000036358   0.0016708991   0.0000079692
        0.0000034222  -0.0479170630  -0.0000741102   0.0000230205   0.1131185732
        0.0000244702  -0.0000290947  -0.0474574221   0.0000005199  -0.0000007256
        0.0007734846   0.0000012349  -0.0000003769   0.0078435140   0.0000001340
        0.0000003874  -0.0001815122  -0.0000000575  -0.0000000536   0.0000867526
        0.0000272583   0.0000122685  -0.0000055220  -0.0000001490   0.0000002100
       -0.0000022135  -0.0000271597  -0.0000124673  -0.0000055281   0.0000013676
        0.0000000494   0.0082421593   0.0000330854   0.0000064332  -0.0324045613
       -0.0000007616  -0.0000034435   0.0008167903
       -0.3219599223  -0.0097514525   0.0000261167  -0.0104610412  -0.0932538067
       -0.0000059142  -0.0578876889   0.0182073467   0.0000054876   0.0532115800
        0.0571725687  -0.0000016506  -0.2067981098   0.0824047255   0.0000244702
        0.6568854869  -0.0019585534  -0.0000560393  -0.0661952401  -0.0724169961
        0.0000002133  -0.0232248164  -0.0017300949   0.0000024652   0.0015764009
        0.0007943903   0.0000040266  -0.0009511891   0.0015171446  -0.0000017919
       -0.0005895968  -0.0001256136   0.0001286003   0.0001849444   0.0000079982
       -0.0000002338  -0.0005885358  -0.0001257083  -0.0001288633  -0.0003790972
        0.0005298252  -0.0000002923  -0.0235142254   0.0210947280   0.0000030790
        0.0006910510  -0.0023665018   0.0000003266
       -0.0874968621  -0.1034312610   0.0000041355  -0.0345209510   0.0040163942
        0.0000040725   0.0211676034  -0.0033114404  -0.0000017269  -0.0036368858
       -0.0631714314  -0.0000031901   0.1613531612  -0.2256577493  -0.0000290947
       -0.0019585534   0.6737843470   0.0000350548  -0.0721294756  -0.2782607520
       -0.0000072077   0.0223223594   0.0030816701  -0.0000020364  -0.0007951766
       -0.0069381109  -0.0000014240   0.0003256653   0.0007119687   0.0000004310
        0.0001077389  -0.0001147047  -0.0001486529   0.0000482006   0.0002046241
        0.0000000271   0.0001075505  -0.0001146448   0.0001487851   0.0003334534
        0.0007900502  -0.0000000749  -0.0034537989   0.0038983862   0.0000012599
       -0.0017740294  -0.0054873460  -0.0000003583
        0.0000215643  -0.0000032846  -0.0443921885  -0.0000010378   0.0000095657
       -0.0024898743   0.0000066518  -0.0000014750  -0.0043198142  -0.0000056417
       -0.0000094708   0.0015524891   0.0000278820  -0.0000201471  -0.0474574221
       -0.0000560393   0.0000350548   0.1167602140  -0.0000008683  -0.0000069274
       -0.0342031787   0.0000037224   0.0000005809  -0.0001025603  -0.0000005793
       -0.0000007016   0.0068518947   0.0000004151   0.0000000894   0.0009069999
        0.0004347487   0.0001736542  -0.0001570577  -0.0000000038  -0.0000001150
        0.0000275281  -0.0004343878  -0.0001738730  -0.0001572544   0.0000000559
       -0.0000000101  -0.0001822797   0.0000026519  -0.0000025174  -0.0002278211
        0.0000008661  -0.0000004229   0.0075903252
       -0.0114989960  -0.0286985467  -0.0000006900  -0.0045039518  -0.0003245100
        0.0000012969  -0.0004610633   0.0003996192   0.0000000708  -0.0019361802
        0.0033905515   0.0000012187   0.0053484813   0.0184975485   0.0000005199
       -0.0661952401  -0.0721294756  -0.0000008683   0.0792580223   0.0800862414
       -0.0000008424   0.0006316439  -0.0009376178  -0.0000004537  -0.0017139566
       -0.0021115848  -0.0000001639   0.0000902836  -0.0000299254   0.0000002177
        0.0000507954  -0.0000165127  -0.0000006109  -0.0000009398   0.0000247054
       -0.0000001201   0.0000506579  -0.0000163976   0.0000008106  -0.0000186483
        0.0000186184  -0.0000001210   0.0007461886   0.0008386520  -0.0000002625
        0.0001529033   0.0010086345  -0.0000000019
       -0.0045416177  -0.0091969696  -0.0000001788  -0.0008504263   0.0017168966
       -0.0000003060   0.0004338398   0.0009619376  -0.0000000387   0.0040413813
       -0.0028462048  -0.0000013331  -0.0058537016  -0.0248952707  -0.0000007256
       -0.0724169961  -0.2782607520  -0.0000069274   0.0800862414   0.3131938290
        0.0000088141   0.0006962118   0.0010553398   0.0000001081  -0.0010076654
       -0.0010705379   0.0000002118   0.0001597540  -0.0000305397  -0.0000000894
        0.0000013101   0.0000271465  -0.0000449742  -0.0000119490   0.0000309193
        0.0000000940   0.0000013360   0.0000271425   0.0000448977  -0.0000144511
        0.0000366466   0.0000001086  -0.0004845633   0.0007890565   0.0000002973
       -0.0002387038  -0.0015386398   0.0000000417
        0.0000003210   0.0000020732   0.0005338328   0.0000011792   0.0000000339
        0.0083815883   0.0000002533   0.0000000336  -0.0000808178   0.0000013964
       -0.0000011077   0.0078822101  -0.0000014607  -0.0000026518   0.0007734846
        0.0000002133  -0.0000072077  -0.0342031787  -0.0000008424   0.0000088141
        0.0240821117  -0.0000003834   0.0000003568  -0.0027584335  -0.0000002171
       -0.0000001419  -0.0003093039   0.0000001627   0.0000002079   0.0000477047
       -0.0000060880  -0.0000061806   0.0000143495  -0.0000001751   0.0000001495
        0.0000125008   0.0000063092   0.0000058369   0.0000142365  -0.0000001231
        0.0000000472  -0.0017390818  -0.0000004918   0.0000000099  -0.0025364441
       -0.0000000533  -0.0000002734  -0.0001147591
       -0.1533252692   0.1290510598   0.0000212480   0.0058940795  -0.0030337548
       -0.0000006320   0.0000682872  -0.0017784947   0.0000007511   0.0001788752
       -0.0005522299  -0.0000000253  -0.0053654939  -0.0019975226   0.0000012349
       -0.0232248164   0.0223223594   0.0000037224   0.0006316439   0.0006962118
       -0.0000003834   0.1812747807  -0.1430526998  -0.0000241802  -0.0003301459
        0.0011506311  -0.0000009900  -0.0017493117  -0.0017082409  -0.0000008636
       -0.0014586668  -0.0007255838  -0.0009010733   0.0000284979  -0.0003480739
        0.0000002888  -0.0014613500  -0.0007256776   0.0009005087   0.0001396556
       -0.0003881906   0.0000002077  -0.0012935525   0.0011082159   0.0000002395
       -0.0000072138  -0.0000180094  -0.0000000531
        0.1292960016  -0.1938318075  -0.0000265661   0.0207164841  -0.0241610983
       -0.0000037100  -0.0024189237  -0.0051759754  -0.0000004777  -0.0008523050
        0.0002597737   0.0000000738  -0.0013599983   0.0011821887  -0.0000003769
       -0.0017300949   0.0030816701   0.0000005809  -0.0009376178   0.0010553398
        0.0000003568  -0.1430526998   0.2165756458   0.0000302974   0.0011363992
        0.0014747132   0.0000005165  -0.0000107169   0.0002462520  -0.0000001432
       -0.0009134311   0.0001476707  -0.0008519415   0.0001134379   0.0003347841
       -0.0000000407  -0.0009145159   0.0001485527   0.0008513690   0.0011021615
       -0.0014230521  -0.0000000046  -0.0001639795   0.0000529607  -0.0000000277
       -0.0000102012   0.0000323817   0.0000000939
        0.0000216658  -0.0000271227  -0.0306754695   0.0000000329   0.0000001452
        0.0005640873   0.0000008238  -0.0000005817   0.0071871995  -0.0000003853
       -0.0000002247  -0.0001726950   0.0000011587   0.0000003121   0.0078435140
        0.0000024652  -0.0000020364  -0.0001025603  -0.0000004537   0.0000001081
       -0.0027584335  -0.0000241802   0.0000302974   0.0222819445   0.0000006250
        0.0000004850  -0.0015427804  -0.0000007469  -0.0000000117  -0.0002585235
       -0.0011308673  -0.0003059182  -0.0001887016   0.0000000045  -0.0000000026
       -0.0001788735   0.0011298908   0.0003044953  -0.0001866585   0.0000001394
        0.0000000036  -0.0003522006   0.0000000709  -0.0000000634   0.0002707243
       -0.0000002435   0.0000001146  -0.0017305731
       -0.0290520671  -0.0183119636   0.0000014044  -0.2164393767  -0.0729569825
        0.0000250483  -0.0534893793   0.0030478582   0.0000059751   0.0030436642
        0.0040184662  -0.0000029143  -0.0016517384  -0.0019436718   0.0000001340
        0.0015764009  -0.0007951766  -0.0000005793  -0.0017139566  -0.0010076654
       -0.0000002171  -0.0003301459   0.0011363992   0.0000006250   0.4633171204
       -0.0377392641   0.0000466532  -0.1189742159   0.0738025716  -0.0000481459
       -0.0063101475   0.0142489589  -0.0081969583  -0.0328928740   0.0222145730
       -0.0000184990  -0.0063271277   0.0142702766   0.0081851262   0.0014284650
       -0.0003770047   0.0000004921  -0.0005192345   0.0000676106   0.0000008636
       -0.0016653869   0.0003250143   0.0000009919
       -0.0428866463  -0.0153241557   0.0000075352  -0.0477034722  -0.1096521864
        0.0000227725   0.0253750193   0.0105030502  -0.0000015132   0.0037649174
       -0.0040593271  -0.0000020185  -0.0008821917   0.0007091953   0.0000003874
        0.0007943903  -0.0069381109  -0.0000007016  -0.0021115848  -0.0010705379
       -0.0000001419   0.0011506311   0.0014747132   0.0000004850  -0.0377392641
        0.3290205744  -0.0001238535   0.0580421637  -0.1598361491   0.0000685712
        0.0234888756  -0.0278536533   0.0072725005  -0.0053326770   0.0096155528
       -0.0000043892   0.0235031550  -0.0278638683  -0.0072395850  -0.0006389984
        0.0013509859  -0.0000002802  -0.0000208060  -0.0001016060   0.0000003125
        0.0011964883   0.0000255228  -0.0000000812
       -0.0000021360  -0.0000008899   0.0051377904   0.0000077525   0.0000273398
       -0.0352915748   0.0000079466  -0.0000041464   0.0039184500  -0.0000034963
       -0.0000015488   0.0049316901  -0.0000004069   0.0000037046  -0.0001815122
        0.0000040266  -0.0000014240   0.0068518947  -0.0000001639   0.0000002118
       -0.0003093039  -0.0000009900   0.0000005165  -0.0015427804   0.0000466532
       -0.0001238535   0.0605749433  -0.0000343008   0.0000646342  -0.0457167883
       -0.0198798008   0.0193438895   0.0023913013  -0.0000077705   0.0000048516
        0.0008878974   0.0198637457  -0.0193147191   0.0024291343  -0.0000006725
        0.0000008576  -0.0028953199  -0.0000001044   0.0000003741  -0.0013213334
       -0.0000002824   0.0000002019   0.0001355114
        0.0017224892   0.0007030655   0.0000007035  -0.0402373580   0.0192114644
       -0.0000143856  -0.0039723234  -0.0022607367  -0.0000017886  -0.0018878927
        0.0018399528   0.0000011888   0.0000372292  -0.0000334561  -0.0000000575
       -0.0009511891   0.0003256653   0.0000004151   0.0000902836   0.0001597540
        0.0000001627  -0.0017493117  -0.0000107169  -0.0000007469  -0.1189742159
        0.0580421637  -0.0000343008   0.4633809022   0.0654765287  -0.0000462571
       -0.0426817393  -0.0136541593   0.0161419267  -0.2114662029  -0.1156115594
       -0.0000408398  -0.0426530162  -0.0135796418  -0.0160051070  -0.0001566184
       -0.0004103200  -0.0000005544   0.0000496654   0.0000259889  -0.0000002021
       -0.0005507020  -0.0002239931  -0.0000001570
       -0.0033505857  -0.0000702887  -0.0000028408   0.0035922039   0.0146066909
       -0.0000065337  -0.0012260880  -0.0009904455   0.0000011201  -0.0006909087
       -0.0010594381   0.0000005012  -0.0002655138   0.0009519063  -0.0000000536
        0.0015171446   0.0007119687   0.0000000894  -0.0000299254  -0.0000305397
        0.0000002079  -0.0017082409   0.0002462520  -0.0000000117   0.0738025716
       -0.1598361491   0.0000646342   0.0654765287   0.4659293303   0.0000249467
       -0.0141790862  -0.1056039589   0.1003931055  -0.1086797500  -0.1101245942
       -0.0000285281  -0.0141017893  -0.1056984150  -0.1004458606   0.0001623559
        0.0005774812  -0.0000002079  -0.0002415302   0.0001458207  -0.0000002033
       -0.0000773865   0.0002443790  -0.0000003652
        0.0000027534   0.0000009231  -0.0017042419  -0.0000042519  -0.0000084321
       -0.0043891345   0.0000008405   0.0000016265   0.0014112520   0.0000013882
        0.0000003158   0.0015857801   0.0000004190  -0.0000015488   0.0000867526
       -0.0000017919   0.0000004310   0.0009069999   0.0000002177  -0.0000000894
        0.0000477047  -0.0000008636  -0.0000001432  -0.0002585235  -0.0000481459
        0.0000685712  -0.0457167883  -0.0000462571   0.0000249467   0.4874960903
        0.0172536273   0.1005019515  -0.1975994451  -0.0000430204  -0.0000299861
       -0.0437295383  -0.0171148842  -0.1005575086  -0.1975264669  -0.0000001614
       -0.0000004765   0.0000096293  -0.0000000100  -0.0000002758  -0.0003848444
        0.0000001402  -0.0000003054  -0.0002352260
        0.0002934521  -0.0000994607  -0.0000393922   0.0019866096   0.0008151110
       -0.0015145950  -0.0008769972   0.0003736072   0.0002566545   0.0004454300
        0.0003004899   0.0002627823   0.0001243248  -0.0005395398   0.0000272583
       -0.0005895968   0.0001077389   0.0004347487   0.0000507954   0.0000013101
       -0.0000060880  -0.0014586668  -0.0009134311  -0.0011308673  -0.0063101475
        0.0234888756  -0.0198798008  -0.0426817393  -0.0141790862   0.0172536273
        0.0514822065   0.0060754303  -0.0141462442  -0.0038928330  -0.0157541315
        0.0222542644   0.0012875033   0.0005410431  -0.0036055987   0.0000705950
       -0.0001646795  -0.0000233141   0.0000381287  -0.0000309496  -0.0001168883
        0.0000309352  -0.0000223277  -0.0000265470
        0.0001219678   0.0003892359  -0.0003631974  -0.0013048605   0.0004534472
        0.0000556720   0.0003424069  -0.0001782438  -0.0001152195  -0.0001909277
        0.0000781302  -0.0001350610   0.0000513187   0.0001084718   0.0000122685
       -0.0001256136  -0.0001147047   0.0001736542  -0.0000165127   0.0000271465
       -0.0000061806  -0.0007255838   0.0001476707  -0.0003059182   0.0142489589
       -0.0278536533   0.0193438895  -0.0136541593  -0.1056039589   0.1005019515
        0.0060754303   0.1346582002  -0.1221374064  -0.0053747202  -0.0107467419
        0.0160337939   0.0005536557   0.0086005777  -0.0130702855  -0.0000693521
        0.0000713201   0.0000171066   0.0000559514  -0.0000040556  -0.0000107265
        0.0000120405  -0.0000328420   0.0000056588
       -0.0001917360   0.0004906317   0.0000723469   0.0018749674   0.0004438230
        0.0005247789  -0.0004129591   0.0001022788  -0.0000055933   0.0003478715
        0.0000748286   0.0000202583   0.0001216814  -0.0002379415  -0.0000055220
        0.0001286003  -0.0001486529  -0.0001570577  -0.0000006109  -0.0000449742
        0.0000143495  -0.0009010733  -0.0008519415  -0.0001887016  -0.0081969583
        0.0072725005   0.0023913013   0.0161419267   0.1003931055  -0.1975994451
       -0.0141462442  -0.1221374064   0.2253455827   0.0015440703   0.0017241157
       -0.0017217916   0.0036301592   0.0130527250  -0.0286713097   0.0000551941
       -0.0000904956  -0.0000262520   0.0000118667  -0.0000432658   0.0000224161
       -0.0000067559   0.0000006690  -0.0000153606
        0.0001871920   0.0007301787  -0.0000001106  -0.0041906695   0.0033501070
       -0.0000053698  -0.0009050245  -0.0006200516  -0.0000000681  -0.0002595321
        0.0001804014   0.0000004453   0.0000685244   0.0001286602  -0.0000001490
        0.0001849444   0.0000482006  -0.0000000038  -0.0000009398  -0.0000119490
       -0.0000001751   0.0000284979   0.0001134379   0.0000000045  -0.0328928740
       -0.0053326770  -0.0000077705  -0.2114662029  -0.1086797500  -0.0000430204
       -0.0038928330  -0.0053747202   0.0015440703   0.2571837036   0.1208759363
        0.0000540285  -0.0038758873  -0.0053621163  -0.0015414967  -0.0000356476
       -0.0000367908  -0.0000000744  -0.0000144621  -0.0000072141  -0.0000002567
       -0.0001187894  -0.0000016529  -0.0000000536
       -0.0001411534  -0.0005878251  -0.0000002654   0.0032698064  -0.0025704968
        0.0000029614   0.0012685336   0.0002175490  -0.0000000995   0.0000518342
       -0.0002739154  -0.0000001979  -0.0001189224   0.0001044011   0.0000002100
        0.0000079982   0.0002046241  -0.0000001150   0.0000247054   0.0000309193
        0.0000001495  -0.0003480739   0.0003347841  -0.0000000026   0.0222145730
        0.0096155528   0.0000048516  -0.1156115594  -0.1101245942  -0.0000299861
       -0.0157541315  -0.0107467419   0.0017241157   0.1208759363   0.1243780634
        0.0000341059  -0.0157628744  -0.0107580548  -0.0017361675  -0.0000105774
        0.0001297059   0.0000000405  -0.0000372690   0.0000206865   0.0000002961
        0.0000711744   0.0000253421   0.0000001034
        0.0000002497   0.0000003621   0.0003105850  -0.0000011440   0.0000018172
        0.0005360757  -0.0000007384  -0.0000001592   0.0000838075   0.0000000082
        0.0000003401   0.0000017446  -0.0000000290   0.0000000527  -0.0000022135
       -0.0000002338   0.0000000271   0.0000275281  -0.0000001201   0.0000000940
        0.0000125008   0.0000002888  -0.0000000407  -0.0001788735  -0.0000184990
       -0.0000043892   0.0008878974  -0.0000408398  -0.0000285281  -0.0437295383
        0.0222542644   0.0160337939  -0.0017217916   0.0000540285   0.0000341059
        0.0455100573  -0.0222474618  -0.0160377630  -0.0017362354   0.0000001463
       -0.0000000248   0.0000244422   0.0000000073   0.0000001784  -0.0000075790
        0.0000000726   0.0000001336  -0.0000184072
        0.0002917402  -0.0000993025   0.0000405586   0.0019845904   0.0008156194
        0.0015121032  -0.0008776036   0.0003728327  -0.0002571013   0.0004448785
        0.0003002979  -0.0002628545   0.0001243368  -0.0005389371  -0.0000271597
       -0.0005885358   0.0001075505  -0.0004343878   0.0000506579   0.0000013360
        0.0000063092  -0.0014613500  -0.0009145159   0.0011298908  -0.0063271277
        0.0235031550   0.0198637457  -0.0426530162  -0.0141017893  -0.0171148842
        0.0012875033   0.0005536557   0.0036301592  -0.0038758873  -0.0157628744
       -0.0222474618   0.0514600447   0.0059806823   0.0139942204   0.0000707428
       -0.0001646685   0.0000230835   0.0000381349  -0.0000308436   0.0001171211
        0.0000308912  -0.0000221980   0.0000266577
        0.0001216343   0.0003894030   0.0003633769  -0.0013064572   0.0004510062
       -0.0000574232   0.0003434997  -0.0001780568   0.0001151744  -0.0001910173
        0.0000777437   0.0001354730   0.0000512886   0.0001085137  -0.0000124673
       -0.0001257083  -0.0001146448  -0.0001738730  -0.0000163976   0.0000271425
        0.0000058369  -0.0007256776   0.0001485527   0.0003044953   0.0142702766
       -0.0278638683  -0.0193147191  -0.0135796418  -0.1056984150  -0.1005575086
        0.0005410431   0.0086005777   0.0130527250  -0.0053621163  -0.0107580548
       -0.0160377630   0.0059806823   0.1347756951   0.1221886370  -0.0000694423
        0.0000713976  -0.0000168294   0.0000559673  -0.0000041067   0.0000104432
        0.0000120666  -0.0000328859  -0.0000055781
        0.0001913399  -0.0004913855   0.0000717159  -0.0018733768  -0.0004438763
        0.0005237764   0.0004119860  -0.0001019230  -0.0000057502  -0.0003475973
       -0.0000748595   0.0000202294  -0.0001217106   0.0002376046  -0.0000055281
       -0.0001288633   0.0001487851  -0.0001572544   0.0000008106   0.0000448977
        0.0000142365   0.0009005087   0.0008513690  -0.0001866585   0.0081851262
       -0.0072395850   0.0024291343  -0.0160051070  -0.1004458606  -0.1975264669
       -0.0036055987  -0.0130702855  -0.0286713097  -0.0015414967  -0.0017361675
       -0.0017362354   0.0139942204   0.1221886370   0.2252495044  -0.0000551603
        0.0000903926  -0.0000262624  -0.0000118158   0.0000430592   0.0000223386
        0.0000067348  -0.0000008023  -0.0000154698
       -0.0024241661   0.0029760574   0.0000009074   0.0064106889   0.0182694401
        0.0000003325  -0.0698496031  -0.0786799329   0.0000003444  -0.0104088074
       -0.0280511875  -0.0000000693  -0.0054957186  -0.0010318919   0.0000013676
       -0.0003790972   0.0003334534   0.0000000559  -0.0000186483  -0.0000144511
       -0.0000001231   0.0001396556   0.0011021615   0.0000001394   0.0014284650
       -0.0006389984  -0.0000006725  -0.0001566184   0.0001623559  -0.0000001614
        0.0000705950  -0.0000693521   0.0000551941  -0.0000356476  -0.0000105774
        0.0000001463   0.0000707428  -0.0000694423  -0.0000551603   0.0806123060
        0.0879858899  -0.0000019010  -0.0006997835  -0.0014835691   0.0000000251
        0.0007356370  -0.0007799556  -0.0000004249
        0.0037780240  -0.0028012504  -0.0000006728  -0.0072992763  -0.0266918936
       -0.0000003035  -0.0780689905  -0.2776820130  -0.0000016304  -0.0042135127
       -0.0084057027   0.0000001914  -0.0016706513   0.0012940395   0.0000000494
        0.0005298252   0.0007900502  -0.0000000101   0.0000186184   0.0000366466
        0.0000000472  -0.0003881906  -0.0014230521   0.0000000036  -0.0003770047
        0.0013509859   0.0000008576  -0.0004103200   0.0005774812  -0.0000004765
       -0.0001646795   0.0000713201  -0.0000904956  -0.0000367908   0.0001297059
       -0.0000000248  -0.0001646685   0.0000713976   0.0000903926   0.0879858899
        0.3122329080   0.0000020766  -0.0001624770  -0.0005344328  -0.0000000701
        0.0006442044   0.0009838095   0.0000000653
        0.0000006816  -0.0000004217   0.0070627813   0.0000003083  -0.0000025929
        0.0019914764  -0.0000005712  -0.0000008653  -0.0327343311   0.0000008464
        0.0000019204  -0.0001553063   0.0000014848  -0.0000003460   0.0082421593
       -0.0000002923  -0.0000000749  -0.0001822797  -0.0000001210   0.0000001086
       -0.0017390818   0.0000002077  -0.0000000046  -0.0003522006   0.0000004921
       -0.0000002802  -0.0028953199  -0.0000005544  -0.0000002079   0.0000096293
       -0.0000233141   0.0000171066  -0.0000262520  -0.0000000744   0.0000000405
        0.0000244422   0.0000230835  -0.0000168294  -0.0000262624  -0.0000019010
        0.0000020766   0.0234638265   0.0000000645   0.0000000674   0.0002080394
       -0.0000003405   0.0000003028  -0.0028913205
       -0.0020758861   0.0035437973   0.0000016694   0.0015392737   0.0006367768
       -0.0000000046   0.0003314029  -0.0022463612   0.0000008391  -0.0116911303
       -0.0038403857   0.0000012050  -0.2903807326  -0.0544514624   0.0000330854
       -0.0235142254  -0.0034537989   0.0000026519   0.0007461886  -0.0004845633
       -0.0000004918  -0.0012935525  -0.0001639795   0.0000000709  -0.0005192345
       -0.0000208060  -0.0000001044   0.0000496654  -0.0002415302  -0.0000000100
        0.0000381287   0.0000559514   0.0000118667  -0.0000144621  -0.0000372690
        0.0000000073   0.0000381349   0.0000559673  -0.0000118158  -0.0006997835
       -0.0001624770   0.0000000645   0.3265735461   0.0602536302  -0.0000386072
        0.0008726668   0.0005565103  -0.0000004266
        0.0032163045  -0.0025650058  -0.0000008671   0.0004309418  -0.0006528897
       -0.0000001249  -0.0019608999  -0.0051615333  -0.0000001435  -0.0282878640
       -0.0076183155   0.0000032846  -0.0544779355  -0.0556027591   0.0000064332
        0.0210947280   0.0038983862  -0.0000025174   0.0008386520   0.0007890565
        0.0000000099   0.0011082159   0.0000529607  -0.0000000634   0.0000676106
       -0.0001016060   0.0000003741   0.0000259889   0.0001458207  -0.0000002758
       -0.0000309496  -0.0000040556  -0.0000432658  -0.0000072141   0.0000206865
        0.0000001784  -0.0000308436  -0.0000041067   0.0000430592  -0.0014835691
       -0.0005344328   0.0000000674   0.0602536302   0.0666866052  -0.0000063616
       -0.0007567962   0.0006511887   0.0000002126
        0.0000015689  -0.0000007306   0.0074987887  -0.0000006832  -0.0000006095
        0.0006226795   0.0000002499  -0.0000002440   0.0071616549   0.0000003177
        0.0000004215  -0.0001182940   0.0000339390   0.0000058530  -0.0324045613
        0.0000030790   0.0000012599  -0.0002278211  -0.0000002625   0.0000002973
       -0.0025364441   0.0000002395  -0.0000000277   0.0002707243   0.0000008636
        0.0000003125  -0.0013213334  -0.0000002021  -0.0000002033  -0.0003848444
       -0.0001168883  -0.0000107265   0.0000224161  -0.0000002567   0.0000002961
       -0.0000075790   0.0001171211   0.0000104432   0.0000223386   0.0000000251
       -0.0000000701   0.0002080394  -0.0000386072  -0.0000063616   0.0235840818
       -0.0000005036   0.0000000900  -0.0023898461
        0.0000691011  -0.0007794900  -0.0000000670  -0.0041620980  -0.0019938394
        0.0000014753  -0.0236521693   0.0221099915   0.0000042090  -0.1590182432
        0.1280315523   0.0000231734   0.0048196559  -0.0046606263  -0.0000007616
        0.0006910510  -0.0017740294   0.0000008661   0.0001529033  -0.0002387038
       -0.0000000533  -0.0000072138  -0.0000102012  -0.0000002435  -0.0016653869
        0.0011964883  -0.0000002824  -0.0005507020  -0.0000773865   0.0000001402
        0.0000309352   0.0000120405  -0.0000067559  -0.0001187894   0.0000711744
        0.0000000726   0.0000308912   0.0000120666   0.0000067348   0.0007356370
        0.0006442044  -0.0000003405   0.0008726668  -0.0007567962  -0.0000005036
        0.1817717611  -0.1417864451  -0.0000276636
       -0.0008250651   0.0004180823   0.0000000319  -0.0017101617   0.0008773943
       -0.0000002122  -0.0019449574   0.0031680341   0.0000005553   0.1282671459
       -0.1862981023  -0.0000245727   0.0195439627  -0.0240553420  -0.0000034435
       -0.0023665018  -0.0054873460  -0.0000004229   0.0010086345  -0.0015386398
       -0.0000002734  -0.0000180094   0.0000323817   0.0000001146   0.0003250143
        0.0000255228   0.0000002019  -0.0002239931   0.0002443790  -0.0000003054
       -0.0000223277  -0.0000328420   0.0000006690  -0.0000016529   0.0000253421
        0.0000001336  -0.0000221980  -0.0000328859  -0.0000008023  -0.0007799556
        0.0009838095   0.0000003028   0.0005565103   0.0006511887   0.0000000900
       -0.1417864451   0.2110190235   0.0000279333
        0.0000003430   0.0000005846  -0.0000796925   0.0000007842  -0.0000004050
        0.0087936710   0.0000012590  -0.0000025430   0.0003801027   0.0000246349
       -0.0000246078  -0.0343629505   0.0000003303  -0.0000007551   0.0008167903
        0.0000003266  -0.0000003583   0.0075903252  -0.0000000019   0.0000000417
       -0.0001147591  -0.0000000531   0.0000000939  -0.0017305731   0.0000009919
       -0.0000000812   0.0001355114  -0.0000001570  -0.0000003652  -0.0002352260
       -0.0000265470   0.0000056588  -0.0000153606  -0.0000000536   0.0000001034
       -0.0000184072   0.0000266577  -0.0000055781  -0.0000154698  -0.0000004249
        0.0000000653  -0.0028913205  -0.0000004266   0.0000002126  -0.0023898461
       -0.0000276636   0.0000279333   0.0241372048
