           1           2   1.38022518905072     
           2           3   1.35201917444347     
           1           4  0.104577199518519     
           3           4   1.46904244298703     
           4           5   1.41949286633273     
           1           6   1.43538247322650     
           3           6  0.110702772497804     
           5           6   1.44824774352879     
           6           7  0.970573012281249     
           1           8  0.965706942329844     
           2           9   1.05187563490730     
           9          10  0.972368247777833     
          10          11  0.976874813032552     
          10          12  0.977928269203882     
          10          13  0.976871295961101     
           3          14  0.968512014543435     
           5          15  0.970858950019362     
           4          16  0.970077212184383     
