$hessian                                                                        
        0.6707678685  -0.0130204436   0.0000019524  -0.0907355473   0.0396744069
       -0.0000020990   0.0292941655   0.0195666970  -0.0000012385  -0.0160053095
       -0.0346137044   0.0000017215  -0.0670513142   0.0363716360  -0.0000020352
       -0.2845071962  -0.1327999458   0.0000060501  -0.0032476591   0.0029563685
        0.0000001224  -0.0032732533  -0.0028940956   0.0000002247  -0.0017367369
        0.0021164286   0.0000001566   0.0005209951  -0.0000509756  -0.0000000908
       -0.2186377281   0.1244164281  -0.0000080422  -0.0041940564   0.0035055088
       -0.0000003326  -0.0140525268  -0.0425987580   0.0000020183   0.0023325364
       -0.0028948022   0.0000015382   0.0002750800   0.0001279339  -0.0002696232
       -0.0000233889   0.0000102276  -0.0000000978   0.0002740713   0.0001270898
        0.0002697751
       -0.0130204436   0.6538502204  -0.0000312640  -0.0381803652  -0.3097129644
        0.0000163432   0.0689544869  -0.0384560830   0.0000020920  -0.0297334167
       -0.0446624850   0.0000021357  -0.0208765534   0.0547546427  -0.0000032248
       -0.0551699843  -0.1379736355   0.0000040631   0.0033414256  -0.0009415013
        0.0000005910  -0.0269208927  -0.0168791784   0.0000008038   0.0004435006
        0.0017862226   0.0000003541   0.0004267521   0.0004782775  -0.0000000225
        0.1241609458  -0.1303655532   0.0000058031   0.0025177644  -0.0008984354
        0.0000005600  -0.0180021074  -0.0306989282   0.0000013080   0.0014914240
       -0.0006799240   0.0000006831  -0.0001352951   0.0003888726   0.0003853592
        0.0008382068  -0.0003784221   0.0000002305  -0.0001354478   0.0003888745
       -0.0003858154
        0.0000019524  -0.0000312640   0.1043668048   0.0000011899   0.0000144586
       -0.0492626348  -0.0000034212   0.0000021570   0.0009166344   0.0000012434
        0.0000025675  -0.0041994071   0.0000014672  -0.0000031169   0.0020837558
        0.0000019798   0.0000043614  -0.0438049298  -0.0000000337   0.0000004402
        0.0074467335   0.0000013750   0.0000009095   0.0005097209   0.0000001770
       -0.0000003078  -0.0000595422   0.0000000416   0.0000000068   0.0000088100
       -0.0000078563   0.0000057894  -0.0287331050  -0.0000000664   0.0000005257
        0.0067768315   0.0000006802   0.0000046208   0.0051906668   0.0000008068
       -0.0000015908  -0.0017222368   0.0001041021  -0.0003274464   0.0000878247
       -0.0000000751  -0.0000000693   0.0003067245  -0.0001035626   0.0003279582
        0.0000873487
       -0.0907355473  -0.0381803652   0.0000011899   0.6033296090  -0.0244686267
        0.0000078641  -0.2286115512   0.1417510384  -0.0000083377  -0.0702971544
       -0.0194141045   0.0000020167  -0.0087904891   0.0259910026  -0.0000013421
        0.0186183774  -0.0294225094   0.0000015850   0.0008793766   0.0008812372
        0.0000000079  -0.0038740899  -0.0023354643   0.0000002721   0.0036936782
       -0.0052475339   0.0000001211  -0.0008801771   0.0011358338  -0.0000003967
       -0.0001198983   0.0266199967  -0.0000021964   0.0026267064   0.0000022247
        0.0000002085  -0.1819477306  -0.0667467767   0.0000001935  -0.0422078778
       -0.0111813517  -0.0000005200   0.0020303445  -0.0009349330   0.0016473545
       -0.0057435417   0.0024862515  -0.0000014876   0.0020299653  -0.0009359194
       -0.0016465328
        0.0396744069  -0.3097129644   0.0000144586  -0.0244686267   0.6644419464
       -0.0000392787   0.0710408152  -0.1640837544   0.0000068414   0.0325714490
        0.0620934281  -0.0000033957   0.0297225284  -0.0510393403   0.0000027989
       -0.0900804339  -0.0282698923   0.0000020939   0.0007098918  -0.0002884492
       -0.0000001712  -0.0017356930   0.0008121722   0.0000006278  -0.0030476196
       -0.0033586508   0.0000001766  -0.0007752476  -0.0005213913   0.0000000357
        0.0028038234  -0.0179733881   0.0000010267   0.0256639724  -0.0219852564
        0.0000012755  -0.0914865147  -0.1466193473   0.0000174510   0.0043306653
        0.0167953330  -0.0000049034   0.0012517934   0.0004047701   0.0009881949
        0.0025727366  -0.0010989532   0.0000006465   0.0012520531   0.0004037378
       -0.0009878787
       -0.0000020990   0.0000163432  -0.0492626348   0.0000078641  -0.0000392787
        0.1305493150  -0.0000063341   0.0000076770  -0.0477662774  -0.0000004278
       -0.0000030358  -0.0059596373  -0.0000015002   0.0000016976  -0.0040857087
        0.0000041594   0.0000015188  -0.0019806220  -0.0000000119   0.0000000112
        0.0005638009   0.0000000799   0.0000003106   0.0078516102   0.0000003325
        0.0000007422   0.0072493591   0.0000000855  -0.0000000792   0.0004907272
        0.0000000040   0.0000009984  -0.0004612945  -0.0000015969   0.0000014848
        0.0011850985   0.0000088705   0.0000177797  -0.0355462179  -0.0000062893
       -0.0000063433  -0.0043312175  -0.0014863320  -0.0003236768   0.0004962441
       -0.0000019460   0.0000007624   0.0005112000   0.0014851411   0.0003230880
        0.0004962550
        0.0292941655   0.0689544869  -0.0000034212  -0.2286115512   0.0710408152
       -0.0000063341   0.6775383718   0.0168871611  -0.0000074030  -0.2674130911
       -0.0620997265   0.0000089592   0.0167817501  -0.0767621478   0.0000044106
       -0.0607519500   0.0037149427   0.0000002125   0.0004771820  -0.0001383576
       -0.0000002264  -0.0005869660   0.0000893353  -0.0000001711  -0.0578685779
       -0.0036646070   0.0000011319   0.0016652205  -0.0022211045   0.0000001176
        0.0004716148  -0.0007888422   0.0000003335  -0.0466371831  -0.0224778128
        0.0000016225  -0.0584736474   0.0081872087   0.0000017346  -0.0028689071
       -0.0020027030   0.0000000233  -0.0009873263   0.0001929186  -0.0003952720
       -0.0010416321   0.0008952214  -0.0000004345  -0.0009874722   0.0001932115
        0.0003947165
        0.0195666970  -0.0384560830   0.0000021570   0.1417510384  -0.1640837544
        0.0000076770   0.0168871611   0.6625533558  -0.0000369746  -0.1412318415
       -0.1448774053   0.0000085908  -0.0266131859  -0.0266798140   0.0000018550
        0.0042485495   0.0022259906  -0.0000002290  -0.0005063472  -0.0058172232
        0.0000005738   0.0001163388   0.0010392254   0.0000000185   0.0264818672
        0.0054191455  -0.0000008326   0.0016726995   0.0022895537  -0.0000002286
       -0.0003097808  -0.0056208072   0.0000007410  -0.0238344421  -0.2993861646
        0.0000179807  -0.0150787522   0.0131943672  -0.0000021870  -0.0025155134
       -0.0021000740   0.0000009559   0.0001505864  -0.0000115914  -0.0000401477
       -0.0009352784   0.0003227642  -0.0000001984   0.0001502034  -0.0000114852
        0.0000402482
       -0.0000012385   0.0000020920   0.0009166344  -0.0000083377   0.0000068414
       -0.0477662774  -0.0000074030  -0.0000369746   0.1009955905   0.0000132605
        0.0000077278  -0.0452500476   0.0000015937   0.0000016309   0.0009343609
       -0.0000002286  -0.0000003162  -0.0027085679   0.0000001023   0.0000006407
        0.0063682956   0.0000000096  -0.0000000734   0.0000225670   0.0000003129
        0.0000003336   0.0054765649  -0.0000003599  -0.0000001552  -0.0012684304
        0.0000000272   0.0000008402   0.0065528189   0.0000017451   0.0000175716
       -0.0298952504   0.0000014575  -0.0000006160   0.0043189952  -0.0000007804
        0.0000005029   0.0011812993   0.0002656456  -0.0000673190   0.0000230789
       -0.0000000352   0.0000000172   0.0000753704  -0.0002657712   0.0000672560
        0.0000229977
       -0.0160053095  -0.0297334167   0.0000012434  -0.0702971544   0.0325714490
       -0.0000004278  -0.2674130911  -0.1412318415   0.0000132605   0.6448625706
        0.0217123897  -0.0000129135  -0.0896724687   0.0133647151  -0.0000005075
        0.0314086689   0.0228727216  -0.0000014552  -0.0048564731  -0.0295510527
        0.0000017595  -0.0033690411   0.0027745994  -0.0000000435  -0.2332492303
        0.0952699908   0.0000017118   0.0042422359   0.0090021554  -0.0000005932
        0.0007204897  -0.0010650647   0.0000000135  -0.0025741475  -0.0020927894
       -0.0000004756   0.0086025247   0.0063327164  -0.0000035002  -0.0032051415
        0.0006510149   0.0000013257   0.0004033841  -0.0004993659   0.0004087290
       -0.0000010658   0.0001212141   0.0000001020   0.0004032491  -0.0004994357
       -0.0004082288
       -0.0346137044  -0.0446624850   0.0000025675  -0.0194141045   0.0620934281
       -0.0000030358  -0.0620997265  -0.1448774053   0.0000077278   0.0217123897
        0.6514894556  -0.0000283498  -0.0639988680  -0.3003908716   0.0000115543
        0.0827032630  -0.0399405639   0.0000013729  -0.0034568434  -0.0151597326
        0.0000013622   0.0023598044   0.0000330415   0.0000007529   0.0651118534
       -0.1205067375   0.0000046205   0.0330871783  -0.0261439568   0.0000001768
       -0.0006872678  -0.0001126664  -0.0000000685  -0.0257745290  -0.0176977562
        0.0000008728   0.0019695066  -0.0030732742   0.0000003523   0.0022434377
       -0.0014180664   0.0000000818   0.0003886274   0.0003280726   0.0001316647
        0.0000804218  -0.0002882173   0.0000000181   0.0003885612   0.0003277354
       -0.0001316704
        0.0000017215   0.0000021357  -0.0041994071   0.0000020167  -0.0000033957
       -0.0059596373   0.0000089592   0.0000085908  -0.0452500476  -0.0000129135
       -0.0000283498   0.1307326405   0.0000037253   0.0000115778  -0.0517682690
       -0.0000043918   0.0000017391  -0.0020358035   0.0000002792   0.0000012299
        0.0009609092  -0.0000000535   0.0000003649   0.0084452414   0.0000042106
        0.0000023470  -0.0361804839  -0.0000039607   0.0000024940  -0.0019961904
        0.0000000049   0.0000000471   0.0004774683   0.0000017492   0.0000011582
        0.0002419753  -0.0000016151  -0.0000006657   0.0047313259   0.0000002451
        0.0000006314   0.0018597876   0.0003256862  -0.0000843893  -0.0000437767
        0.0000001242  -0.0000000175   0.0000280941  -0.0003257874   0.0000845020
       -0.0000438269
       -0.0670513142  -0.0208765534   0.0000014672  -0.0087904891   0.0297225284
       -0.0000015002   0.0167817501  -0.0266131859   0.0000015937  -0.0896724687
       -0.0639988680   0.0000037253   0.6975138146  -0.0092666499  -0.0000065733
       -0.2746744553   0.1548457576  -0.0000062583  -0.2557647508  -0.1030163979
        0.0000089911   0.0001593384   0.0010402144   0.0000001548  -0.0057646424
        0.0426664357  -0.0000020134  -0.0032263942   0.0029269782   0.0000000532
       -0.0041757867  -0.0025837905   0.0000000402  -0.0046278361  -0.0029337552
        0.0000003453  -0.0015558213  -0.0013926775  -0.0000003647   0.0003521154
       -0.0007078260   0.0000003540   0.0002291654   0.0001558877   0.0001642239
        0.0000385665  -0.0001238365  -0.0000000337   0.0002292085   0.0001557387
       -0.0001642051
        0.0363716360   0.0547546427  -0.0000031169   0.0259910026  -0.0510393403
        0.0000016976  -0.0767621478  -0.0266798140   0.0000016309   0.0133647151
       -0.3003908716   0.0000115778  -0.0092666499   0.6432574373  -0.0000263975
        0.0789366490  -0.1684514116   0.0000060258  -0.1038883728  -0.0940484678
        0.0000043080   0.0251315125  -0.0201536346   0.0000006951   0.0160665402
       -0.0372956873   0.0000014295   0.0016137006  -0.0011461931   0.0000003836
       -0.0030150111  -0.0001492135   0.0000004694  -0.0022709234  -0.0000843067
        0.0000005781  -0.0009122934   0.0004800631   0.0000013865  -0.0005478262
        0.0009996715  -0.0000004769  -0.0004714510  -0.0000959321  -0.0001698814
        0.0001303025   0.0001387677  -0.0000000087  -0.0004713830  -0.0000957096
        0.0001696989
       -0.0000020352  -0.0000032248   0.0020837558  -0.0000013421   0.0000027989
       -0.0040857087   0.0000044106   0.0000018550   0.0009343609  -0.0000005075
        0.0000115543  -0.0517682690  -0.0000065733  -0.0000263975   0.1059890550
       -0.0000011753   0.0000051820  -0.0426117780   0.0000085784   0.0000046291
       -0.0307980260  -0.0000013359   0.0000011059   0.0004709139  -0.0000005691
        0.0000011817   0.0040611881  -0.0000000168   0.0000003074   0.0016950382
        0.0000001027   0.0000004174   0.0069293097   0.0000003149   0.0000005682
        0.0070674230   0.0000000468   0.0000001051  -0.0000000417   0.0000000312
       -0.0000000501   0.0000233609   0.0000228092   0.0000057729   0.0000050237
       -0.0000000075   0.0000000044  -0.0000006260  -0.0000227311  -0.0000058101
        0.0000050200
       -0.2845071962  -0.0551699843   0.0000019798   0.0186183774  -0.0900804339
        0.0000041594  -0.0607519500   0.0042485495  -0.0000002286   0.0314086689
        0.0827032630  -0.0000043918  -0.2746744553   0.0789366490  -0.0000011753
        0.6641530074  -0.0085098821  -0.0000009308  -0.0250173261   0.0132573983
       -0.0000010048  -0.0446126628  -0.0146046084   0.0000005820   0.0027947543
       -0.0052279609  -0.0000001872  -0.0006681671  -0.0001812333   0.0000002683
       -0.0261712643  -0.0093619527   0.0000008405  -0.0004522608  -0.0000127008
        0.0000000807   0.0023656100   0.0033362535   0.0000014575  -0.0015905484
        0.0013258925  -0.0000010293  -0.0005518103  -0.0003337310   0.0001761182
        0.0002087158   0.0000081207  -0.0000001292  -0.0005514925  -0.0003336391
       -0.0001764093
       -0.1327999458  -0.1379736355   0.0000043614  -0.0294225094  -0.0282698923
        0.0000015188   0.0037149427   0.0022259906  -0.0000003162   0.0228727216
       -0.0399405639   0.0000017391   0.1548457576  -0.1684514116   0.0000051820
       -0.0085098821   0.6726857385  -0.0000281741  -0.0105800232   0.0066419480
       -0.0000000932  -0.0145593982  -0.3018054051   0.0000146689  -0.0025067213
       -0.0051521357   0.0000007835   0.0015059093  -0.0013975795  -0.0000000856
        0.0147240415   0.0063290220  -0.0000003108   0.0000846334   0.0008581854
       -0.0000001480   0.0006964567  -0.0066706393   0.0000008789  -0.0001060239
        0.0009544864  -0.0000000996   0.0000044862  -0.0001262672  -0.0001075531
        0.0000311316   0.0002183864  -0.0000000481   0.0000044232  -0.0001262272
        0.0001076962
        0.0000060501   0.0000040631  -0.0438049298   0.0000015850   0.0000020939
       -0.0019806220   0.0000002125  -0.0000002290  -0.0027085679  -0.0000014552
        0.0000013729  -0.0020358035  -0.0000062583   0.0000060258  -0.0426117780
       -0.0000009308  -0.0000281741   0.1159283401   0.0000008729  -0.0000005678
       -0.0010506840   0.0000007947   0.0000144067  -0.0342408492  -0.0000001109
        0.0000004901   0.0051291485   0.0000002312   0.0000001544   0.0013432998
       -0.0000007952  -0.0000003873  -0.0008811243  -0.0000000074  -0.0000000455
       -0.0002930870  -0.0000001644   0.0000007789   0.0067088501  -0.0000000331
        0.0000003060   0.0007702709   0.0003337186   0.0002779830  -0.0001515469
        0.0000000447  -0.0000000485   0.0000306561  -0.0003337543  -0.0002782227
       -0.0001515727
       -0.0032476591   0.0033414256  -0.0000000337   0.0008793766   0.0007098918
       -0.0000000119   0.0004771820  -0.0005063472   0.0000001023  -0.0048564731
       -0.0034568434   0.0000002792  -0.2557647508  -0.1038883728   0.0000085784
       -0.0250173261  -0.0105800232   0.0000008729   0.2876016500   0.1152711230
       -0.0000096737   0.0007303663  -0.0005949399   0.0000000020   0.0008052178
       -0.0001342058  -0.0000000387   0.0000247038   0.0006004256  -0.0000000591
       -0.0013105583  -0.0005402814  -0.0000000040  -0.0001844232  -0.0000560561
       -0.0000000058  -0.0002511902   0.0000204630  -0.0000000209   0.0000545358
       -0.0002037306   0.0000000323   0.0000272721   0.0000370896   0.0000297645
        0.0000047969  -0.0000566913   0.0000000040   0.0000272797   0.0000370731
       -0.0000297879
        0.0029563685  -0.0009415013   0.0000004402   0.0008812372  -0.0002884492
        0.0000000112  -0.0001383576  -0.0058172232   0.0000006407  -0.0295510527
       -0.0151597326   0.0000012299  -0.1030163979  -0.0940484678   0.0000046291
        0.0132573983   0.0066419480  -0.0000005678   0.1152711230   0.1066850814
       -0.0000059913   0.0008056260   0.0009035559  -0.0000002084   0.0002402399
        0.0020365925  -0.0000001411   0.0000430927   0.0007326827  -0.0000001082
        0.0007347149   0.0002180149   0.0000000204  -0.0014199268  -0.0009596175
        0.0000000990  -0.0000272555  -0.0001339406  -0.0000000048  -0.0000021203
        0.0001099865  -0.0000000493  -0.0000157340   0.0000029509  -0.0000364399
       -0.0000032306   0.0000151409   0.0000000046  -0.0000157252   0.0000029785
        0.0000364355
        0.0000001224   0.0000005910   0.0074467335   0.0000000079  -0.0000001712
        0.0005638009  -0.0000002264   0.0000005738   0.0063682956   0.0000017595
        0.0000013622   0.0009609092   0.0000089911   0.0000043080  -0.0307980260
       -0.0000010048  -0.0000000932  -0.0010506840  -0.0000096737  -0.0000059913
        0.0230639895  -0.0000000488  -0.0000001684  -0.0027672191  -0.0000002327
       -0.0000004782  -0.0027863662   0.0000001065   0.0000000906   0.0000603615
       -0.0000000320   0.0000000129   0.0004805242   0.0000000589   0.0000000213
       -0.0000402025   0.0000001523   0.0000000274  -0.0012419688  -0.0000000007
       -0.0000001204  -0.0003079106  -0.0001051814  -0.0000393770   0.0000249308
       -0.0000000153   0.0000000318  -0.0000021208   0.0001052174   0.0000393806
        0.0000249529
       -0.0032732533  -0.0269208927   0.0000013750  -0.0038740899  -0.0017356930
        0.0000000799  -0.0005869660   0.0001163388   0.0000000096  -0.0033690411
        0.0023598044  -0.0000000535   0.0001593384   0.0251315125  -0.0000013359
       -0.0446126628  -0.0145593982   0.0000007947   0.0007303663   0.0008056260
       -0.0000000488   0.0553409265   0.0159874099  -0.0000009199  -0.0002092673
        0.0014808543  -0.0000001434  -0.0002063019   0.0003936208   0.0000000162
        0.0007204847  -0.0010055649   0.0000000200  -0.0000737344   0.0000206664
       -0.0000000022  -0.0008924831  -0.0020590304   0.0000001469   0.0000539262
       -0.0000212649   0.0000000235   0.0000484004  -0.0000065303   0.0000126935
       -0.0000040259   0.0000190870  -0.0000000040   0.0000483834  -0.0000065458
       -0.0000126516
       -0.0028940956  -0.0168791784   0.0000009095  -0.0023354643   0.0008121722
        0.0000003106   0.0000893353   0.0010392254  -0.0000000734   0.0027745994
        0.0000330415   0.0000003649   0.0010402144  -0.0201536346   0.0000011059
       -0.0146046084  -0.3018054051   0.0000144067  -0.0005949399   0.0009035559
       -0.0000001684   0.0159874099   0.3387240749  -0.0000168763   0.0006626729
       -0.0017340684   0.0000001254   0.0000702639  -0.0001305262  -0.0000000257
        0.0005992115   0.0009333943  -0.0000001904   0.0000457255   0.0000291634
       -0.0000000670  -0.0010225848  -0.0018177462   0.0000001288   0.0001762048
       -0.0000221932   0.0000000436   0.0000123107   0.0000179163  -0.0000394122
       -0.0000185465   0.0000322625   0.0000000060   0.0000122911   0.0000179457
        0.0000394122
        0.0000002247   0.0000008038   0.0005097209   0.0000002721   0.0000006278
        0.0078516102  -0.0000001711   0.0000000185   0.0000225670  -0.0000000435
        0.0000007529   0.0084452414   0.0000001548   0.0000006951   0.0004709139
        0.0000005820   0.0000146689  -0.0342408492   0.0000000020  -0.0000002084
       -0.0027672191  -0.0000009199  -0.0000168763   0.0242851035  -0.0000001628
       -0.0000001930   0.0000169851   0.0000002133   0.0000000979  -0.0002701412
       -0.0000000250  -0.0000001882  -0.0025651322  -0.0000000379  -0.0000000854
       -0.0014877890  -0.0000000910  -0.0000000599  -0.0003903230  -0.0000000247
        0.0000000048   0.0000719543  -0.0000127790  -0.0000022357   0.0000165899
       -0.0000000109   0.0000000167   0.0000141480   0.0000128169   0.0000021604
        0.0000166197
       -0.0017367369   0.0004435006   0.0000001770   0.0036936782  -0.0030476196
        0.0000003325  -0.0578685779   0.0264818672   0.0000003129  -0.2332492303
        0.0651118534   0.0000042106  -0.0057646424   0.0160665402  -0.0000005691
        0.0027947543  -0.0025067213  -0.0000001109   0.0008052178   0.0002402399
       -0.0000002327  -0.0002092673   0.0006626729  -0.0000001628   0.3545998906
       -0.0265604782  -0.0000129937  -0.0570627579  -0.0764957968   0.0000083911
       -0.0002307593   0.0002070540  -0.0000001742   0.0028073188   0.0011153959
        0.0000002669  -0.0088112392  -0.0009116895   0.0000011513   0.0005644489
       -0.0015289624  -0.0000003900   0.0000223193   0.0003834458  -0.0000951014
       -0.0003767423  -0.0000448732  -0.0000000053   0.0000223255   0.0003835710
        0.0000948979
        0.0021164286   0.0017862226  -0.0000003078  -0.0052475339  -0.0033586508
        0.0000007422  -0.0036646070   0.0054191455   0.0000003336   0.0952699908
       -0.1205067375   0.0000023470   0.0426664357  -0.0372956873   0.0000011817
       -0.0052279609  -0.0051521357   0.0000004901  -0.0001342058   0.0020365925
       -0.0000004782   0.0014808543  -0.0017340684  -0.0000001930  -0.0265604782
        0.5482632335  -0.0000504144  -0.1018027140  -0.3929455422   0.0000467848
        0.0000118333  -0.0000689822  -0.0000001976  -0.0015634964   0.0017931943
       -0.0000002106   0.0036889686   0.0012914650  -0.0000007159  -0.0011112436
        0.0009641444   0.0000003016  -0.0000149942  -0.0002773018   0.0000183044
        0.0001077129   0.0000622246   0.0000001574  -0.0000149902  -0.0002771163
       -0.0000181253
        0.0000001566   0.0000003541  -0.0000595422   0.0000001211   0.0000001766
        0.0072493591   0.0000011319  -0.0000008326   0.0054765649   0.0000017118
        0.0000046205  -0.0361804839  -0.0000020134   0.0000014295   0.0040611881
       -0.0000001872   0.0000007835   0.0051291485  -0.0000000387  -0.0000001411
       -0.0027863662  -0.0000001434   0.0000001254   0.0000169851  -0.0000129937
       -0.0000504144   0.0255010128   0.0000117426   0.0000444065  -0.0050685458
       -0.0000000028  -0.0000001044  -0.0012085520   0.0000000342  -0.0000002526
       -0.0019302766   0.0000003431   0.0000000114   0.0002204376   0.0000001139
       -0.0000000998  -0.0003517531  -0.0000401315   0.0000108655   0.0000021661
        0.0000000407  -0.0000000548  -0.0000734923   0.0000401148  -0.0000108734
        0.0000021500
        0.0005209951   0.0004267521   0.0000000416  -0.0008801771  -0.0007752476
        0.0000000855   0.0016652205   0.0016726995  -0.0000003599   0.0042422359
        0.0330871783  -0.0000039607  -0.0032263942   0.0016137006  -0.0000000168
       -0.0006681671   0.0015059093   0.0000002312   0.0000247038   0.0000430927
        0.0000001065  -0.0002063019   0.0000702639   0.0000002133  -0.0570627579
       -0.1018027140   0.0000117426   0.0553889830   0.0647031150  -0.0000078167
        0.0001388108  -0.0000929124   0.0000001127  -0.0006650037  -0.0008720101
       -0.0000001001   0.0007382106   0.0004027582  -0.0000002156  -0.0000261893
        0.0000428299  -0.0000000060   0.0000007333  -0.0000242757   0.0000220576
        0.0000143664   0.0000232856  -0.0000000917   0.0000007317  -0.0000244252
       -0.0000220232
       -0.0000509756   0.0004782775   0.0000000068   0.0011358338  -0.0005213913
       -0.0000000792  -0.0022211045   0.0022895537  -0.0000001552   0.0090021554
       -0.0261439568   0.0000024940   0.0029269782  -0.0011461931   0.0000003074
       -0.0001812333  -0.0013975795   0.0000001544   0.0006004256   0.0007326827
        0.0000000906   0.0003936208  -0.0001305262   0.0000000979  -0.0764957968
       -0.3929455422   0.0000444065   0.0647031150   0.4184747178  -0.0000470586
        0.0000402518   0.0000978635   0.0000000472   0.0009718234   0.0002707325
        0.0000000309  -0.0008117424  -0.0001055031  -0.0000001304   0.0000605619
       -0.0001318596   0.0000000021  -0.0000224880   0.0000676422  -0.0000048397
       -0.0000289121   0.0000434808  -0.0000000993  -0.0000225134   0.0000676013
        0.0000047244
       -0.0000000908  -0.0000000225   0.0000088100  -0.0000003967   0.0000000357
        0.0004907272   0.0000001176  -0.0000002286  -0.0012684304  -0.0000005932
        0.0000001768  -0.0019961904   0.0000000532   0.0000003836   0.0016950382
        0.0000002683  -0.0000000856   0.0013432998  -0.0000000591  -0.0000001082
        0.0000603615   0.0000000162  -0.0000000257  -0.0002701412   0.0000083911
        0.0000467848  -0.0050685458  -0.0000078167  -0.0000470586   0.0056437159
        0.0000000128  -0.0000000146  -0.0001983099  -0.0000001304  -0.0000000571
       -0.0004798231   0.0000003073  -0.0000000661  -0.0000874340  -0.0000000059
        0.0000000853   0.0000514461   0.0000082690   0.0000002615   0.0000162402
       -0.0000000184   0.0000000401   0.0000430391  -0.0000083243  -0.0000001008
        0.0000161969
       -0.2186377281   0.1241609458  -0.0000078563  -0.0001198983   0.0028038234
        0.0000000040   0.0004716148  -0.0003097808   0.0000000272   0.0007204897
       -0.0006872678   0.0000000049  -0.0041757867  -0.0030150111   0.0000001027
       -0.0261712643   0.0147240415  -0.0000007952  -0.0013105583   0.0007347149
       -0.0000000320   0.0007204847   0.0005992115  -0.0000000250  -0.0002307593
        0.0000118333  -0.0000000028   0.0001388108   0.0000402518   0.0000000128
        0.2523676794  -0.1351202532   0.0000085559  -0.0001378871  -0.0000936533
        0.0000000579  -0.0007517156   0.0005793707  -0.0000004046  -0.0012046716
       -0.0019759147  -0.0000002407  -0.0008807731  -0.0010259422  -0.0006293467
        0.0000843418  -0.0003994360   0.0000001919  -0.0008823788  -0.0010269338
        0.0006297461
        0.1244164281  -0.1303655532   0.0000057894   0.0266199967  -0.0179733881
        0.0000009984  -0.0007888422  -0.0056208072   0.0000008402  -0.0010650647
       -0.0001126664   0.0000000471  -0.0025837905  -0.0001492135   0.0000004174
       -0.0093619527   0.0063290220  -0.0000003873  -0.0005402814   0.0002180149
        0.0000000129  -0.0010055649   0.0009333943  -0.0000001882   0.0002070540
       -0.0000689822  -0.0000001044  -0.0000929124   0.0000978635  -0.0000000146
       -0.1351202532   0.1466942891  -0.0000071902   0.0014574627  -0.0011208502
        0.0000001021   0.0005279567   0.0019090938  -0.0000001222  -0.0003194256
       -0.0003368972  -0.0000002610  -0.0012003499  -0.0003459374  -0.0010496058
        0.0000512287   0.0002582639   0.0000000221  -0.0012016893  -0.0003456462
        0.0010496441
       -0.0000080422   0.0000058031  -0.0287331050  -0.0000021964   0.0000010267
       -0.0004612945   0.0000003335   0.0000007410   0.0065528189   0.0000000135
       -0.0000000685   0.0004774683   0.0000000402   0.0000004694   0.0069293097
        0.0000008405  -0.0000003108  -0.0008811243  -0.0000000040   0.0000000204
        0.0004805242   0.0000000200  -0.0000001904  -0.0025651322  -0.0000001742
       -0.0000001976  -0.0012085520   0.0000001127   0.0000000472  -0.0001983099
        0.0000085559  -0.0000071902   0.0218640431  -0.0000001093   0.0000001115
       -0.0000029892   0.0000004310   0.0000002514  -0.0015168335  -0.0000002179
       -0.0000000492  -0.0002091517  -0.0009748796  -0.0005912204  -0.0001725744
        0.0000000219  -0.0000000602  -0.0001834343   0.0009752543   0.0005908166
       -0.0001716632
       -0.0041940564   0.0025177644  -0.0000000664   0.0026267064   0.0256639724
       -0.0000015969  -0.0466371831  -0.0238344421   0.0000017451  -0.0025741475
       -0.0257745290   0.0000017492  -0.0046278361  -0.0022709234   0.0000003149
       -0.0004522608   0.0000846334  -0.0000000074  -0.0001844232  -0.0014199268
        0.0000000589  -0.0000737344   0.0000457255  -0.0000000379   0.0028073188
       -0.0015634964   0.0000000342  -0.0006650037   0.0009718234  -0.0000001304
       -0.0001378871   0.0014574627  -0.0000001093   0.0521104206   0.0249063521
       -0.0000019268   0.0017851068  -0.0005105999  -0.0000001414  -0.0000206016
       -0.0000566422   0.0000000538   0.0001229221  -0.0000701963   0.0000708978
       -0.0000082904  -0.0000767504   0.0000000219   0.0001229498  -0.0000702273
       -0.0000708595
        0.0035055088  -0.0008984354   0.0000005257   0.0000022247  -0.0219852564
        0.0000014848  -0.0224778128  -0.2993861646   0.0000175716  -0.0020927894
       -0.0176977562   0.0000011582  -0.0029337552  -0.0000843067   0.0000005682
       -0.0000127008   0.0008581854  -0.0000000455  -0.0000560561  -0.0009596175
        0.0000000213   0.0000206664   0.0000291634  -0.0000000854   0.0011153959
        0.0017931943  -0.0000002526  -0.0008720101   0.0002707325  -0.0000000571
       -0.0000936533  -0.0011208502   0.0000001115   0.0249063521   0.3374150630
       -0.0000206479  -0.0000519192   0.0012429792  -0.0000000441  -0.0005762569
        0.0004180618  -0.0000002463  -0.0001566390   0.0000063005  -0.0000760002
       -0.0000698967   0.0000923600  -0.0000000320  -0.0001566586   0.0000063470
        0.0000759700
       -0.0000003326   0.0000005600   0.0067768315   0.0000002085   0.0000012755
        0.0011850985   0.0000016225   0.0000179807  -0.0298952504  -0.0000004756
        0.0000008728   0.0002419753   0.0000003453   0.0000005781   0.0070674230
        0.0000000807  -0.0000001480  -0.0002930870  -0.0000000058   0.0000000990
       -0.0000402025  -0.0000000022  -0.0000000670  -0.0014877890   0.0000002669
       -0.0000002106  -0.0019302766  -0.0000001001   0.0000000309  -0.0004798231
        0.0000000579   0.0000001021  -0.0000029892  -0.0000019268  -0.0000206479
        0.0220404691   0.0000004455  -0.0000004061  -0.0031585968  -0.0000000917
       -0.0000000510  -0.0000185361  -0.0000373169   0.0000183267  -0.0000179074
       -0.0000000412  -0.0000000036   0.0000305962   0.0000372658  -0.0000182914
       -0.0000179354
       -0.0140525268  -0.0180021074   0.0000006802  -0.1819477306  -0.0914865147
        0.0000088705  -0.0584736474  -0.0150787522   0.0000014575   0.0086025247
        0.0019695066  -0.0000016151  -0.0015558213  -0.0009122934   0.0000000468
        0.0023656100   0.0006964567  -0.0000001644  -0.0002511902  -0.0000272555
        0.0000001523  -0.0008924831  -0.0010225848  -0.0000000910  -0.0088112392
        0.0036889686   0.0000003431   0.0007382106  -0.0008117424   0.0000003073
       -0.0007517156   0.0005279567   0.0000004310   0.0017851068  -0.0000519192
        0.0000004455   0.4755019966  -0.0001184557   0.0000493030  -0.1541911553
        0.0758444015  -0.0000379425  -0.0168995055   0.0170412141  -0.0097290315
       -0.0342580187   0.0106931004  -0.0000082160  -0.0169084150   0.0170500206
        0.0097150234
       -0.0425987580  -0.0306989282   0.0000046208  -0.0667467767  -0.1466193473
        0.0000177797   0.0081872087   0.0131943672  -0.0000006160   0.0063327164
       -0.0030732742  -0.0000006657  -0.0013926775   0.0004800631   0.0000001051
        0.0033362535  -0.0066706393   0.0000007789   0.0000204630  -0.0001339406
        0.0000000274  -0.0020590304  -0.0018177462  -0.0000000599  -0.0009116895
        0.0012914650   0.0000000114   0.0004027582  -0.0001055031  -0.0000000661
        0.0005793707   0.0019090938   0.0000002514  -0.0005105999   0.0012429792
       -0.0000004061  -0.0001184557   0.3198212385  -0.0000635718   0.0597244334
       -0.1255210145   0.0000290071   0.0263220610  -0.0171378383   0.0049225564
       -0.0169020554   0.0109851678  -0.0000053470   0.0263347783  -0.0171461427
       -0.0049044055
        0.0000020183   0.0000013080   0.0051906668   0.0000001935   0.0000174510
       -0.0355462179   0.0000017346  -0.0000021870   0.0043189952  -0.0000035002
        0.0000003523   0.0047313259  -0.0000003647   0.0000013865  -0.0000000417
        0.0000014575   0.0000008789   0.0067088501  -0.0000000209  -0.0000000048
       -0.0012419688   0.0000001469   0.0000001288  -0.0003903230   0.0000011513
       -0.0000007159   0.0002204376  -0.0000002156  -0.0000001304  -0.0000874340
       -0.0000004046  -0.0000001222  -0.0015168335  -0.0000001414  -0.0000000441
       -0.0031585968   0.0000493030  -0.0000635718   0.0607134540  -0.0000315698
        0.0000305736  -0.0456257518  -0.0240966420   0.0137202317   0.0023952394
       -0.0000013041  -0.0000007200   0.0008721831   0.0240781584  -0.0137048144
        0.0024160151
        0.0023325364   0.0014914240   0.0000008068  -0.0422078778   0.0043306653
       -0.0000062893  -0.0028689071  -0.0025155134  -0.0000007804  -0.0032051415
        0.0022434377   0.0000002451   0.0003521154  -0.0005478262   0.0000000312
       -0.0015905484  -0.0001060239  -0.0000000331   0.0000545358  -0.0000021203
       -0.0000000007   0.0000539262   0.0001762048  -0.0000000247   0.0005644489
       -0.0011112436   0.0000001139  -0.0000261893   0.0000605619  -0.0000000059
       -0.0012046716  -0.0003194256  -0.0000002179  -0.0000206016  -0.0005762569
       -0.0000000917  -0.1541911553   0.0597244334  -0.0000315698   0.4320490659
        0.0558458437  -0.0000282303  -0.0399008301   0.0035797690  -0.0097032447
       -0.1502840083  -0.1258949835   0.0000121305  -0.0399066976   0.0036210537
        0.0097571611
       -0.0028948022  -0.0006799240  -0.0000015908  -0.0111813517   0.0167953330
       -0.0000063433  -0.0020027030  -0.0021000740   0.0000005029   0.0006510149
       -0.0014180664   0.0000006314  -0.0007078260   0.0009996715  -0.0000000501
        0.0013258925   0.0009544864   0.0000003060  -0.0002037306   0.0001099865
       -0.0000001204  -0.0000212649  -0.0000221932   0.0000000048  -0.0015289624
        0.0009641444  -0.0000000998   0.0000428299  -0.0001318596   0.0000000853
       -0.0019759147  -0.0003368972  -0.0000000492  -0.0000566422   0.0004180618
       -0.0000000510   0.0758444015  -0.1255210145   0.0000305736   0.0558458437
        0.4984968632   0.0000076456   0.0028956364  -0.1086422542   0.1012742207
       -0.1189690855  -0.1711465824   0.0000105318   0.0029366643  -0.1087396814
       -0.1013161976
        0.0000015382   0.0000006831  -0.0017222368  -0.0000005200  -0.0000049034
       -0.0043312175   0.0000000233   0.0000009559   0.0011812993   0.0000013257
        0.0000000818   0.0018597876   0.0000003540  -0.0000004769   0.0000233609
       -0.0000010293  -0.0000000996   0.0007702709   0.0000000323  -0.0000000493
       -0.0003079106   0.0000000235   0.0000000436   0.0000719543  -0.0000003900
        0.0000003016  -0.0003517531  -0.0000000060   0.0000000021   0.0000514461
       -0.0000002407  -0.0000002610  -0.0002091517   0.0000000538  -0.0000002463
       -0.0000185361  -0.0000379425   0.0000290071  -0.0456257518  -0.0000282303
        0.0000076456   0.4871883545  -0.0085854087   0.1016638400  -0.1975151730
        0.0000101608   0.0000094269  -0.0436535466   0.0086402561  -0.1017059511
       -0.1974111964
        0.0002750800  -0.0001352951   0.0001041021   0.0020303445   0.0012517934
       -0.0014863320  -0.0009873263   0.0001505864   0.0002656456   0.0004033841
        0.0003886274   0.0003256862   0.0002291654  -0.0004714510   0.0000228092
       -0.0005518103   0.0000044862   0.0003337186   0.0000272721  -0.0000157340
       -0.0001051814   0.0000484004   0.0000123107  -0.0000127790   0.0000223193
       -0.0000149942  -0.0000401315   0.0000007333  -0.0000224880   0.0000082690
       -0.0008807731  -0.0012003499  -0.0009748796   0.0001229221  -0.0001566390
       -0.0000373169  -0.0168995055   0.0263220610  -0.0240966420  -0.0399008301
        0.0028956364  -0.0085854087   0.0537108089  -0.0149937086   0.0170099370
        0.0008525231  -0.0127224177   0.0174763975   0.0014972921  -0.0012924242
       -0.0002078941
        0.0001279339   0.0003888726  -0.0003274464  -0.0009349330   0.0004047701
       -0.0003236768   0.0001929186  -0.0000115914  -0.0000673190  -0.0004993659
        0.0003280726  -0.0000843893   0.0001558877  -0.0000959321   0.0000057729
       -0.0003337310  -0.0001262672   0.0002779830   0.0000370896   0.0000029509
       -0.0000393770  -0.0000065303   0.0000179163  -0.0000022357   0.0003834458
       -0.0002773018   0.0000108655  -0.0000242757   0.0000676422   0.0000002615
       -0.0010259422  -0.0003459374  -0.0005912204  -0.0000701963   0.0000063005
        0.0000183267   0.0170412141  -0.0171378383   0.0137202317   0.0035797690
       -0.1086422542   0.1016638400  -0.0149937086   0.1324266261  -0.1218001450
       -0.0023419662  -0.0154159672   0.0210978373  -0.0012876094   0.0084099384
       -0.0135593090
       -0.0002696232   0.0003853592   0.0000878247   0.0016473545   0.0009881949
        0.0004962441  -0.0003952720  -0.0000401477   0.0000230789   0.0004087290
        0.0001316647  -0.0000437767   0.0001642239  -0.0001698814   0.0000050237
        0.0001761182  -0.0001075531  -0.0001515469   0.0000297645  -0.0000364399
        0.0000249308   0.0000126935  -0.0000394122   0.0000165899  -0.0000951014
        0.0000183044   0.0000021661   0.0000220576  -0.0000048397   0.0000162402
       -0.0006293467  -0.0010496058  -0.0001725744   0.0000708978  -0.0000760002
       -0.0000179074  -0.0097290315   0.0049225564   0.0023952394  -0.0097032447
        0.1012742207  -0.1975151730   0.0170099370  -0.1218001450   0.2252190348
        0.0010608339   0.0020628184  -0.0017149251   0.0002190095   0.0135409063
       -0.0286704692
       -0.0000233889   0.0008382068  -0.0000000751  -0.0057435417   0.0025727366
       -0.0000019460  -0.0010416321  -0.0009352784  -0.0000000352  -0.0000010658
        0.0000804218   0.0000001242   0.0000385665   0.0001303025  -0.0000000075
        0.0002087158   0.0000311316   0.0000000447   0.0000047969  -0.0000032306
       -0.0000000153  -0.0000040259  -0.0000185465  -0.0000000109  -0.0003767423
        0.0001077129   0.0000000407   0.0000143664  -0.0000289121  -0.0000000184
        0.0000843418   0.0000512287   0.0000000219  -0.0000082904  -0.0000698967
       -0.0000000412  -0.0342580187  -0.0169020554  -0.0000013041  -0.1502840083
       -0.1189690855   0.0000101608   0.0008525231  -0.0023419662   0.0010608339
        0.1896785914   0.1377928476  -0.0000089015   0.0008588124  -0.0023356172
       -0.0010588710
        0.0000102276  -0.0003784221  -0.0000000693   0.0024862515  -0.0010989532
        0.0000007624   0.0008952214   0.0003227642   0.0000000172   0.0001212141
       -0.0002882173  -0.0000000175  -0.0001238365   0.0001387677   0.0000000044
        0.0000081207   0.0002183864  -0.0000000485  -0.0000566913   0.0000151409
        0.0000000318   0.0000190870   0.0000322625   0.0000000167  -0.0000448732
        0.0000622246  -0.0000000548   0.0000232856   0.0000434808   0.0000000401
       -0.0003994360   0.0002582639  -0.0000000602  -0.0000767504   0.0000923600
       -0.0000000036   0.0106931004   0.0109851678  -0.0000007200  -0.1258949835
       -0.1711465824   0.0000094269  -0.0127224177  -0.0154159672   0.0020628184
        0.1377928476   0.1915869819  -0.0000111350  -0.0127303674  -0.0154276584
       -0.0020610091
       -0.0000000978   0.0000002305   0.0003067245  -0.0000014876   0.0000006465
        0.0005112000  -0.0000004345  -0.0000001984   0.0000753704   0.0000001020
        0.0000000181   0.0000280941  -0.0000000337  -0.0000000087  -0.0000006260
       -0.0000001292  -0.0000000481   0.0000306561   0.0000000040   0.0000000046
       -0.0000021208  -0.0000000040   0.0000000060   0.0000141480  -0.0000000053
        0.0000001574  -0.0000734923  -0.0000000917  -0.0000000993   0.0000430391
        0.0000001919   0.0000000221  -0.0001834343   0.0000000219  -0.0000000320
        0.0000305962  -0.0000082160  -0.0000053470   0.0008721831   0.0000121305
        0.0000105318  -0.0436535466   0.0174763975   0.0210978373  -0.0017149251
       -0.0000089015  -0.0000111350   0.0454265961  -0.0174694465  -0.0210925857
       -0.0017104625
        0.0002740713  -0.0001354478  -0.0001035626   0.0020299653   0.0012520531
        0.0014851411  -0.0009874722   0.0001502034  -0.0002657712   0.0004032491
        0.0003885612  -0.0003257874   0.0002292085  -0.0004713830  -0.0000227311
       -0.0005514925   0.0000044232  -0.0003337543   0.0000272797  -0.0000157252
        0.0001052174   0.0000483834   0.0000122911   0.0000128169   0.0000223255
       -0.0000149902   0.0000401148   0.0000007317  -0.0000225134  -0.0000083243
       -0.0008823788  -0.0012016893   0.0009752543   0.0001229498  -0.0001566586
        0.0000372658  -0.0169084150   0.0263347783   0.0240781584  -0.0399066976
        0.0029366643   0.0086402561   0.0014972921  -0.0012876094   0.0002190095
        0.0008588124  -0.0127303674  -0.0174694465   0.0537221872  -0.0150425905
       -0.0170638568
        0.0001270898   0.0003888745   0.0003279582  -0.0009359194   0.0004037378
        0.0003230880   0.0001932115  -0.0000114852   0.0000672560  -0.0004994357
        0.0003277354   0.0000845020   0.0001557387  -0.0000957096  -0.0000058101
       -0.0003336391  -0.0001262272  -0.0002782227   0.0000370731   0.0000029785
        0.0000393806  -0.0000065458   0.0000179457   0.0000021604   0.0003835710
       -0.0002771163  -0.0000108734  -0.0000244252   0.0000676013  -0.0000001008
       -0.0010269338  -0.0003456462   0.0005908166  -0.0000702273   0.0000063470
       -0.0000182914   0.0170500206  -0.0171461427  -0.0137048144   0.0036210537
       -0.1087396814  -0.1017059511  -0.0012924242   0.0084099384   0.0135409063
       -0.0023356172  -0.0154276584  -0.0210925857  -0.0150425905   0.1325445084
        0.1218405814
        0.0002697751  -0.0003858154   0.0000873487  -0.0016465328  -0.0009878787
        0.0004962550   0.0003947165   0.0000402482   0.0000229977  -0.0004082288
       -0.0001316704  -0.0000438269  -0.0001642051   0.0001696989   0.0000050200
       -0.0001764093   0.0001076962  -0.0001515727  -0.0000297879   0.0000364355
        0.0000249529  -0.0000126516   0.0000394122   0.0000166197   0.0000948979
       -0.0000181253   0.0000021500  -0.0000220232   0.0000047244   0.0000161969
        0.0006297461   0.0010496441  -0.0001716632  -0.0000708595   0.0000759700
       -0.0000179354   0.0097150234  -0.0049044055   0.0024160151   0.0097571611
       -0.1013161976  -0.1974111964  -0.0002078941  -0.0135593090  -0.0286704692
       -0.0010588710  -0.0020610091  -0.0017104625  -0.0170638568   0.1218405814
        0.2250895702
