           1           2   1.37690949932109     
           2           3   1.35741953105079     
           3           4   1.39788165808327     
           4           5   1.34424965103955     
           1           6   1.42430461055739     
           3           6  0.102160315106465     
           5           6   1.46523676878281     
           5           7  0.968596464053364     
           6           8  0.969931057621787     
           4           9   1.07889679161154     
           9          10  0.839879855076610     
           1          11  0.965840275970589     
           3          12  0.963722399120689     
           2          13   1.05477425942820     
          13          14  0.971956097088136     
          14          15  0.976949722439079     
          14          16  0.977768342911575     
          14          17  0.976947408053798     
