           1           2   1.35271370007000     
           2           3   1.47495244069342     
           3           4   1.34325879883617     
           2           5  0.106449638366322     
           4           5   1.36893860624285     
           1           6   1.38057483576812     
           3           6  0.102443724142471     
           5           6   1.43926235473667     
           6           7  0.965957336597212     
           5           8  0.968798735990932     
           4           9   1.13401667464686     
           9          10  0.944203940550777     
           9          11  0.944140889685450     
           2          12  0.968927470494904     
           3          13  0.968243726035330     
           1          14   1.02986839019645     
          14          15  0.975858748558147     
          15          16  0.978641489696461     
          15          17  0.977116370288945     
          15          18  0.977130315236385     
