$hessian                                                                        
        0.6655089422  -0.0011848165  -0.0000019648  -0.2817685501   0.0671736276
        0.0000007244   0.0273693483   0.0814555087  -0.0000002309  -0.0610439841
       -0.0002825294   0.0000002016   0.0299414945  -0.0794044958   0.0000000269
       -0.2758703583  -0.0702632775   0.0000009573   0.0005016053  -0.0014065189
        0.0000000011   0.0003237000   0.0003823627  -0.0000000031  -0.0258567147
        0.0106897419   0.0000000630  -0.0436777716   0.0036907672   0.0000000416
       -0.0033434988   0.0006858223   0.0000000288  -0.0005658365  -0.0006016777
        0.0000000054  -0.0005515057   0.0001639668   0.0000650480   0.0001598729
       -0.0000113164  -0.0000000004  -0.0005515081   0.0001639694  -0.0000650428
       -0.0261672017  -0.0114396448   0.0000001094  -0.0027582376  -0.0000259661
        0.0000000292  -0.0006773222   0.0006176075   0.0000000021   0.0001595852
        0.0000021448  -0.0000000017  -0.0005660310  -0.0002026396  -0.0000896373
       -0.0005660280  -0.0002026361   0.0000896422
       -0.0011848165   0.6727411805  -0.0000009823   0.1428575480  -0.1469252953
       -0.0000003218   0.0262243882  -0.0360410207  -0.0000000269  -0.0002109366
        0.0068123100  -0.0000000194  -0.0247349466  -0.0376917831   0.0000001455
       -0.1458134335  -0.1527365977   0.0000007150   0.0001507769  -0.0039563969
        0.0000000035  -0.0004251996   0.0003248039   0.0000000025  -0.0131179817
        0.0066593155   0.0000000328   0.0036593224  -0.3048567045   0.0000004643
       -0.0008116830  -0.0065603388   0.0000000296   0.0001430778   0.0010502372
       -0.0000000018   0.0000344119  -0.0001503208   0.0001268798  -0.0000374149
        0.0002218362   0.0000000005   0.0000344099  -0.0001503218  -0.0001268801
        0.0124038807   0.0065904831  -0.0000000575   0.0010786175  -0.0063620960
        0.0000000126  -0.0001912061   0.0010962550   0.0000000018   0.0000299054
        0.0002347608   0.0000000013  -0.0000443602  -0.0001501528   0.0001242911
       -0.0000443600  -0.0001501538  -0.0001242905
       -0.0000019648  -0.0000009823   0.1106277421   0.0000005215  -0.0000000604
       -0.0429460632  -0.0000000639  -0.0000002235  -0.0013770201   0.0000002013
       -0.0000000143  -0.0028449410  -0.0000000201   0.0000003730  -0.0023994561
        0.0000010432   0.0000004214  -0.0425610793  -0.0000000084   0.0000000086
       -0.0000034233  -0.0000000027  -0.0000000068   0.0000121308   0.0000001124
       -0.0000000531  -0.0008464332   0.0000000391   0.0000004643  -0.0317732680
        0.0000000335   0.0000000205   0.0068136304   0.0000000033  -0.0000000018
        0.0007051334   0.0003117884  -0.0002569802  -0.0001405939  -0.0000000017
       -0.0000000038   0.0000592252  -0.0003117848   0.0002569742  -0.0001405903
        0.0000000686   0.0000000306  -0.0001477819   0.0000000293   0.0000000218
        0.0064716162   0.0000000044   0.0000000008   0.0007397979  -0.0000000017
        0.0000000030   0.0000554884  -0.0003199473  -0.0002783491  -0.0001520554
        0.0003199505   0.0002783571  -0.0001520587
       -0.2817685501   0.1428575480   0.0000005215   0.6791303620   0.0083107485
       -0.0000015646  -0.0937672146  -0.0474453030  -0.0000002276   0.0280656816
       -0.0212645657  -0.0000000945  -0.0147138285   0.0306381262  -0.0000000184
       -0.0687290316  -0.0295781691   0.0000002881  -0.0049970193  -0.0039179359
        0.0000000843  -0.0004423959   0.0000612914   0.0000000437  -0.2328146668
       -0.1195937515   0.0000009341  -0.0020098063   0.0022183317  -0.0000000493
       -0.0076517690   0.0385131229   0.0000000179   0.0017132959   0.0022425295
       -0.0000000085   0.0002741721   0.0000010775  -0.0001775440  -0.0000173990
       -0.0000195064   0.0000000148   0.0002741696   0.0000010449   0.0001775240
       -0.0038236150  -0.0028182227   0.0000000223   0.0006788471   0.0002493782
        0.0000000123   0.0000068915  -0.0005506457   0.0000000161   0.0000421688
       -0.0001326626   0.0000000279   0.0002748538   0.0001137973  -0.0002168212
        0.0002748538   0.0001137665   0.0002168211
        0.0671736276  -0.1469252953  -0.0000000604   0.0083107485   0.6556964726
       -0.0000008035   0.0340271655  -0.3194387158   0.0000001684  -0.0716066291
       -0.0368555675   0.0000003234   0.0298355381  -0.0381416904  -0.0000000514
        0.0268753475   0.0510765671  -0.0000001935  -0.0020493538   0.0017117287
        0.0000000395   0.0015534620  -0.0000173028   0.0000000169  -0.1194825879
       -0.1176949869   0.0000005642   0.0262632278  -0.0179397910  -0.0000000787
        0.0095998201  -0.0277835242   0.0000000121  -0.0004726419  -0.0002357474
        0.0000000008   0.0000615374   0.0002231089  -0.0005342496  -0.0008904530
       -0.0003359976   0.0000000148   0.0000615392   0.0002230967   0.0005342458
       -0.0032869510  -0.0004761317   0.0000000168  -0.0055495249  -0.0036615846
        0.0000000107   0.0003232040   0.0003868396   0.0000000029   0.0001247634
        0.0001081399   0.0000000132  -0.0004359187   0.0000401980   0.0002290911
       -0.0004359210   0.0000401838  -0.0002290834
        0.0000007244  -0.0000003218  -0.0429460632  -0.0000015646  -0.0000008035
        0.1035170569  -0.0000003518   0.0000004700  -0.0433765733   0.0000000123
        0.0000001335  -0.0033328003  -0.0000000187  -0.0000000425  -0.0030095632
        0.0000002065   0.0000000071   0.0022327261   0.0000000587   0.0000000154
        0.0072448308   0.0000000069   0.0000000005  -0.0003205053   0.0000009166
        0.0000005797  -0.0287711787  -0.0000000517   0.0000000229  -0.0004497074
        0.0000000172  -0.0000000597   0.0030569010  -0.0000000103   0.0000000001
       -0.0015661330   0.0000416751   0.0003594365   0.0001223013   0.0000000069
        0.0000000168   0.0002870594  -0.0000416769  -0.0003594099   0.0001223013
        0.0000000366   0.0000000140   0.0071734926   0.0000000093  -0.0000000040
       -0.0001193645   0.0000000014  -0.0000000115   0.0001475182   0.0000000042
       -0.0000000153  -0.0000178795  -0.0000508765  -0.0000304787   0.0000027908
        0.0000508744   0.0000304504   0.0000027901
        0.0273693483   0.0262243882  -0.0000000639  -0.0937672146   0.0340271655
       -0.0000003518   0.5878164786   0.0236115472  -0.0000012396  -0.2279812941
       -0.1479628954   0.0000009277  -0.0696652464   0.0204656377   0.0000001849
       -0.0139693600  -0.0282532201   0.0000000952  -0.0040070145   0.0058904543
       -0.0000000159   0.0008149031   0.0025390418  -0.0000000534  -0.0013900357
       -0.0275202449   0.0000000415  -0.0036198157   0.0025199358   0.0000000819
       -0.1672915425   0.0657032561   0.0000003683  -0.0401153200   0.0151584748
        0.0000000909   0.0019566698   0.0006566731   0.0014545114  -0.0060870762
       -0.0023809870   0.0000000032   0.0019566716   0.0006566945  -0.0014545135
        0.0006838714  -0.0007262719   0.0000000222   0.0101007918   0.0097683853
       -0.0000000791  -0.0034212363   0.0004169075   0.0000000047  -0.0001382126
        0.0001370324  -0.0000000210   0.0003773151  -0.0004660040  -0.0003977064
        0.0003773190  -0.0004659712   0.0003977128
        0.0814555087  -0.0360410207  -0.0000002235  -0.0474453030  -0.3194387158
        0.0000004700   0.0236115472   0.6830026793  -0.0000008629  -0.0580121092
       -0.1197413786   0.0000003307  -0.0242183595   0.0481067761  -0.0000000022
       -0.0300566471  -0.0396329563   0.0000001797  -0.0330881370  -0.0609304220
        0.0000002057  -0.0028167859  -0.0008727235   0.0000000057  -0.0037766702
       -0.0171392943   0.0000000468   0.0018650647   0.0003476395   0.0000000280
        0.0919442346  -0.1535352117  -0.0000001802  -0.0021131984   0.0162350199
       -0.0000000243  -0.0011055748   0.0006416172  -0.0008455313  -0.0024058285
       -0.0007682087   0.0000000108  -0.0011055595   0.0006416324   0.0008455554
       -0.0006271595  -0.0003766682   0.0000000121   0.0055556150   0.0003141126
        0.0000000254   0.0012501304  -0.0007332720  -0.0000000093   0.0002073902
       -0.0003272490  -0.0000000191   0.0004409181   0.0001238149  -0.0001907783
        0.0004409238   0.0001238289   0.0001907609
       -0.0000002309  -0.0000000269  -0.0013770201  -0.0000002276   0.0000001684
       -0.0433765733  -0.0000012396  -0.0000008629   0.1173113386   0.0000007383
        0.0000006389  -0.0456398673   0.0000002640  -0.0000001760  -0.0066755030
        0.0000000860   0.0000001786  -0.0027503674   0.0000000711   0.0000000913
        0.0035805282  -0.0000000046   0.0000000009   0.0009084513   0.0000000159
        0.0000001183  -0.0004627237   0.0000000447   0.0000000024   0.0070557999
        0.0000003387  -0.0000000596  -0.0333906663   0.0000001316  -0.0000001009
       -0.0037659714  -0.0013058067   0.0005340944   0.0005165763   0.0000000238
       -0.0000000046   0.0005664760   0.0013058062  -0.0005341244   0.0005165774
        0.0000000068   0.0000000119   0.0004710477  -0.0000000254  -0.0000000113
        0.0048023109   0.0000000152   0.0000000154   0.0017448505  -0.0000000043
        0.0000000161   0.0000203164  -0.0003158942   0.0000505014  -0.0000277877
        0.0003158912  -0.0000504715  -0.0000277930
       -0.0610439841  -0.0002109366   0.0000002013   0.0280656816  -0.0716066291
        0.0000000123  -0.2279812941  -0.0580121092   0.0000007383   0.6774971123
       -0.0075403826  -0.0000020492  -0.2323419218   0.0591012204   0.0000005558
        0.0264827479   0.0715240909  -0.0000002271  -0.0772866440  -0.0262429576
        0.0000002786   0.0016503048   0.0347215484  -0.0000001021   0.0006184471
        0.0013732750   0.0000000248  -0.0006767156  -0.0000136432   0.0000000126
       -0.0625171296  -0.0009118072   0.0000002386  -0.0027528223   0.0021578579
        0.0000000120  -0.0007629057  -0.0000443946  -0.0003308076  -0.0010204704
       -0.0007890044   0.0000000046  -0.0007629045  -0.0000443893   0.0003308174
        0.0005406952  -0.0011391839   0.0000000241  -0.0627428011  -0.0011735439
        0.0000002497  -0.0023391953  -0.0021720516   0.0000000169  -0.0009338248
        0.0007910893  -0.0000000032  -0.0008461883   0.0001159744   0.0004226536
       -0.0008461870   0.0001159769  -0.0004226515
       -0.0002825294   0.0068123100  -0.0000000143  -0.0212645657  -0.0368555675
        0.0000001335  -0.1479628954  -0.1197413786   0.0000006389  -0.0075403826
        0.6195977362  -0.0000008492   0.1448229034  -0.1135249294  -0.0000003877
        0.0226231165  -0.0359361323  -0.0000000252   0.0026368477  -0.2743503791
        0.0000004336   0.0117793651  -0.0229499709  -0.0000000036   0.0003921551
       -0.0039934269   0.0000000194  -0.0000679408   0.0013271229   0.0000000011
        0.0328827727  -0.0038135662  -0.0000000747  -0.0006741811  -0.0058460055
        0.0000000114  -0.0002757822   0.0005065763   0.0000241085   0.0013750898
        0.0002936694  -0.0000000138  -0.0002757852   0.0005065789  -0.0000241195
       -0.0001213594  -0.0045688678   0.0000000231  -0.0372037845  -0.0034501558
        0.0000000768   0.0000301122  -0.0053067527   0.0000000146  -0.0013380852
        0.0003123445   0.0000000138   0.0002324659   0.0004903965   0.0000507270
        0.0002324629   0.0004903978  -0.0000507138
        0.0000002016  -0.0000000194  -0.0028449410  -0.0000000945   0.0000003234
       -0.0033328003   0.0000009277   0.0000003307  -0.0456398673  -0.0000020492
       -0.0000008492   0.1112892249   0.0000004524  -0.0000001054  -0.0454793750
       -0.0000001966  -0.0000001882  -0.0030702514   0.0000002224   0.0000005085
       -0.0325166983  -0.0000000284  -0.0000000837  -0.0013941059   0.0000000233
        0.0000000108   0.0067881589   0.0000000088  -0.0000000005   0.0006988543
        0.0000001684   0.0000000057   0.0037545816   0.0000000126  -0.0000000003
        0.0007827653   0.0001549446  -0.0000552410  -0.0000451390   0.0000000002
       -0.0000000027   0.0001644127  -0.0001549384   0.0000552288  -0.0000451402
        0.0000000240   0.0000000274   0.0065908836   0.0000003007   0.0000000230
        0.0031963408   0.0000000108   0.0000000233   0.0011271177   0.0000000042
        0.0000000022   0.0001205233  -0.0002282446  -0.0000320705  -0.0000722729
        0.0002282500   0.0000320772  -0.0000722718
        0.0299414945  -0.0247349466  -0.0000000201  -0.0147138285   0.0298355381
       -0.0000000187  -0.0696652464  -0.0242183595   0.0000002640  -0.2323419218
        0.1448229034   0.0000004524   0.6014414181  -0.0216483751  -0.0000018454
       -0.0946631719  -0.0302487360   0.0000004054  -0.0038574603  -0.0053496134
        0.0000000350  -0.0017953143   0.0010377118   0.0000000174   0.0006353837
        0.0007220503  -0.0000000240  -0.0034840036  -0.0025400420   0.0000000254
        0.0106915737  -0.0097036525  -0.0000000095  -0.0035404296  -0.0006092911
        0.0000000122   0.0003245684   0.0004563747   0.0003846492  -0.0001186175
       -0.0001727358   0.0000000050   0.0003245648   0.0004563639  -0.0003846600
       -0.0018346881   0.0276810419  -0.0000001026  -0.1732771903  -0.0706590240
        0.0000006519  -0.0418536431  -0.0157866362   0.0000001532  -0.0064029448
        0.0023191571   0.0000000219   0.0020947297  -0.0008298601  -0.0015900421
        0.0020947271  -0.0008298691   0.0015900293
       -0.0794044958  -0.0376917831   0.0000003730   0.0306381262  -0.0381416904
       -0.0000000425   0.0204656377   0.0481067761  -0.0000001760   0.0591012204
       -0.1135249294  -0.0000001054  -0.0216483751   0.6696528033  -0.0000005996
        0.0499894199  -0.3129682895   0.0000000109   0.0367593575  -0.0527039890
       -0.0000000571  -0.0013588539  -0.0042422913  -0.0000000100   0.0006580740
       -0.0002893843   0.0000000157  -0.0019576801   0.0003631841   0.0000000448
       -0.0052017280   0.0000399608  -0.0000000006  -0.0014324525  -0.0006827531
        0.0000000059  -0.0003944114   0.0001580705  -0.0001498108  -0.0002031826
       -0.0003277066  -0.0000000041  -0.0003944083   0.0001580883   0.0001498270
        0.0040546096  -0.0163502740   0.0000000341  -0.0958183987  -0.1576702573
        0.0000005937   0.0014935154   0.0158195139  -0.0000000512   0.0020972765
       -0.0007310022  -0.0000000265   0.0012783718   0.0005129671  -0.0009593861
        0.0012783773   0.0005129861   0.0009593648
        0.0000000269   0.0000001455  -0.0023994561  -0.0000000184  -0.0000000514
       -0.0030095632   0.0000001849  -0.0000000022  -0.0066755030   0.0000005558
       -0.0000003877  -0.0454793750  -0.0000018454  -0.0000005996   0.1200402555
        0.0000002816   0.0000003069  -0.0428053080  -0.0000000347   0.0000001089
        0.0022281645   0.0000000141   0.0000000075   0.0006780095  -0.0000000027
        0.0000000026   0.0006037864   0.0000000354   0.0000000212   0.0070133481
       -0.0000000064   0.0000000460   0.0054637121   0.0000000213   0.0000000113
        0.0013570253   0.0002276037   0.0000054693  -0.0000575393   0.0000000026
        0.0000000067   0.0000067336  -0.0002276052  -0.0000054630  -0.0000575362
       -0.0000000064  -0.0000000717  -0.0005063036   0.0000006520   0.0000004514
       -0.0331705436   0.0000001329   0.0000000156  -0.0043816583   0.0000000227
       -0.0000000119   0.0004104366   0.0013596060   0.0004566000   0.0003706589
       -0.0013596206  -0.0004566054   0.0003706559
       -0.2758703583  -0.1458134335   0.0000010432  -0.0687290316   0.0268753475
        0.0000002065  -0.0139693600  -0.0300566471   0.0000000860   0.0264827479
        0.0226231165  -0.0000001966  -0.0946631719   0.0499894199   0.0000002816
        0.6796646882  -0.0042709533  -0.0000022136  -0.0055352694   0.0028101831
        0.0000000163  -0.0004965277   0.0012410596  -0.0000000126  -0.0039563717
        0.0027341130   0.0000000572  -0.0013209606  -0.0018735698   0.0000000241
        0.0011305052  -0.0005726454  -0.0000000052   0.0000057485   0.0005048784
        0.0000000040   0.0002628936  -0.0000924156   0.0002147213   0.0000482617
        0.0001416816  -0.0000000024   0.0002628937  -0.0000924042  -0.0002147096
       -0.2379685146   0.1172621525   0.0000005845  -0.0078197008  -0.0389650781
        0.0000001500   0.0018875527  -0.0025165983  -0.0000000107  -0.0000226019
        0.0000029887  -0.0000000146   0.0003032874   0.0000343975   0.0002273373
        0.0003032895   0.0000344067  -0.0002273468
       -0.0702632775  -0.1527365977   0.0000004214  -0.0295781691   0.0510765671
        0.0000000071  -0.0282532201  -0.0396329563   0.0000001786   0.0715240909
       -0.0359361323  -0.0000001882  -0.0302487360  -0.3129682895   0.0000003069
       -0.0042709533   0.6519095622  -0.0000006868   0.0014942525   0.0052355646
        0.0000000099   0.0002907036  -0.0013657412   0.0000000198   0.0031893142
       -0.0003807206  -0.0000000153  -0.0258317679  -0.0187237013   0.0000000930
        0.0052233104  -0.0036617736   0.0000000045  -0.0002740721   0.0003580917
        0.0000000050   0.0004080215   0.0000349264   0.0002138691  -0.0001128737
        0.0001101391   0.0000000059   0.0004080193   0.0000349123  -0.0002138803
        0.1171719686  -0.1129945607  -0.0000002781  -0.0124074522  -0.0302772030
        0.0000001301   0.0008131846  -0.0002503600  -0.0000000028   0.0009734976
       -0.0003710685   0.0000000044  -0.0001279218   0.0002696775  -0.0004934442
       -0.0001279195   0.0002696638   0.0004934401
        0.0000009573   0.0000007150  -0.0425610793   0.0000002881  -0.0000001935
        0.0022327261   0.0000000952   0.0000001797  -0.0027503674  -0.0000002271
       -0.0000000252  -0.0030702514   0.0000004054   0.0000000109  -0.0428053080
       -0.0000022136  -0.0000006868   0.1038943602   0.0000000246   0.0000000050
        0.0049090226   0.0000000007  -0.0000000057   0.0009074270   0.0000000337
        0.0000000010   0.0068706962   0.0000000543   0.0000000382  -0.0001332230
       -0.0000000078   0.0000000010  -0.0001951167   0.0000000011  -0.0000000069
        0.0000740022   0.0000514858  -0.0000507699  -0.0000020156  -0.0000000021
       -0.0000000073  -0.0000597648  -0.0000514881   0.0000507611  -0.0000020132
        0.0000005298  -0.0000002586  -0.0302194814   0.0000000781   0.0000002122
        0.0039987371  -0.0000000144   0.0000000111  -0.0016223821  -0.0000000032
        0.0000000073   0.0002923290  -0.0000992707   0.0003374861   0.0001208519
        0.0000992728  -0.0003374746   0.0001208506
        0.0005016053   0.0001507769  -0.0000000084  -0.0049970193  -0.0020493538
        0.0000000587  -0.0040070145  -0.0330881370   0.0000000711  -0.0772866440
        0.0026368477   0.0000002224  -0.0038574603   0.0367593575  -0.0000000347
       -0.0055352694   0.0014942525   0.0000000246   0.4717060295  -0.0843398293
       -0.0000015465  -0.3807928727   0.0834748898   0.0000012213  -0.0001727194
       -0.0014752813  -0.0000000028  -0.0000259523   0.0000084508  -0.0000000128
       -0.0003306066  -0.0048742138   0.0000000084   0.0008460192  -0.0008325378
       -0.0000000013  -0.0000400619  -0.0000613466   0.0000419330   0.0001764688
        0.0000612210   0.0000000016  -0.0000400619  -0.0000613512  -0.0000419347
       -0.0002070130   0.0016389495  -0.0000000041   0.0027522326   0.0007946604
        0.0000000131   0.0008104429  -0.0001249409  -0.0000000070   0.0001421200
       -0.0001109541   0.0000000016   0.0001788892  -0.0000007279  -0.0000276548
        0.0001788877  -0.0000007324   0.0000276514
       -0.0014065189  -0.0039563969   0.0000000086  -0.0039179359   0.0017117287
        0.0000000154   0.0058904543  -0.0609304220   0.0000000913  -0.0262429576
       -0.2743503791   0.0000005085  -0.0053496134  -0.0527039890   0.0000001089
        0.0028101831   0.0052355646   0.0000000050  -0.0843398293   0.4197159787
       -0.0000005473   0.1086212665  -0.0621523124  -0.0000001720  -0.0002403657
       -0.0023659904   0.0000000042   0.0000288347  -0.0003062610  -0.0000000014
       -0.0119832749   0.0137204654  -0.0000000081   0.0039426753   0.0028422230
       -0.0000000198   0.0001128450  -0.0006046666   0.0000473778  -0.0000850208
        0.0002252043   0.0000000081   0.0001128477  -0.0006046689  -0.0000473658
        0.0000916339  -0.0013493262  -0.0000000033   0.0156100114   0.0142034262
        0.0000000026  -0.0034150512   0.0026055705   0.0000000059   0.0000580681
        0.0001783372  -0.0000000081  -0.0001491274  -0.0005570421   0.0000325941
       -0.0001491249  -0.0005570441  -0.0000326047
        0.0000000011   0.0000000035  -0.0000034233   0.0000000843   0.0000000395
        0.0072448308  -0.0000000159   0.0000002057   0.0035805282   0.0000002786
        0.0000004336  -0.0325166983   0.0000000350  -0.0000000571   0.0022281645
        0.0000000163   0.0000000099   0.0049090226  -0.0000015465  -0.0000005473
        0.0237633710   0.0000011465  -0.0000000771  -0.0044771452  -0.0000000019
        0.0000000098  -0.0002985959  -0.0000000070  -0.0000000015  -0.0012460741
        0.0000000134  -0.0000000136  -0.0020119572  -0.0000000097   0.0000000015
        0.0003766179   0.0000348535   0.0001435645   0.0001012730   0.0000000003
        0.0000000031  -0.0000721500  -0.0000348543  -0.0001435571   0.0001012729
       -0.0000000009  -0.0000000058   0.0001557085   0.0000000043   0.0000000052
       -0.0019585397   0.0000000029  -0.0000000085  -0.0002719352  -0.0000000000
       -0.0000000039   0.0000522866   0.0001126650   0.0000837657   0.0001717211
       -0.0001126653  -0.0000837702   0.0001717219
        0.0003237000  -0.0004251996  -0.0000000027  -0.0004423959   0.0015534620
        0.0000000069   0.0008149031  -0.0028167859  -0.0000000046   0.0016503048
        0.0117793651  -0.0000000284  -0.0017953143  -0.0013588539   0.0000000141
       -0.0004965277   0.0002907036   0.0000000007  -0.3807928727   0.1086212665
        0.0000011465   0.3772701243  -0.1205150016  -0.0000011082   0.0000288527
       -0.0001512372   0.0000000016   0.0000848128  -0.0000215045  -0.0000000016
        0.0019267402   0.0011647885  -0.0000000168  -0.0006701015   0.0003133318
        0.0000000016   0.0000248300   0.0000381744   0.0000552224  -0.0002780990
       -0.0001634620   0.0000000044   0.0000248302   0.0000381749  -0.0000552222
        0.0000734781   0.0001051401  -0.0000000004   0.0025595764   0.0011838509
       -0.0000000135  -0.0000245797   0.0002685891   0.0000000003  -0.0000254401
        0.0000157720   0.0000000004  -0.0001284111   0.0000397131  -0.0000155786
       -0.0001284105   0.0000397128   0.0000155783
        0.0003823627   0.0003248039  -0.0000000068   0.0000612914  -0.0000173028
        0.0000000005   0.0025390418  -0.0008727235   0.0000000009   0.0347215484
       -0.0229499709  -0.0000000837   0.0010377118  -0.0042422913   0.0000000075
        0.0012410596  -0.0013657412  -0.0000000057   0.0834748898  -0.0621523124
       -0.0000000771  -0.1205150016   0.0907127712   0.0000001348   0.0001284275
        0.0001618983  -0.0000000035  -0.0000122349   0.0001721512  -0.0000000067
       -0.0007297792   0.0005333040   0.0000000292  -0.0007909621   0.0000904260
        0.0000000022   0.0002382612   0.0002005689   0.0000672695   0.0000189316
       -0.0000339342   0.0000000068   0.0002382615   0.0002005656  -0.0000672711
       -0.0000589195  -0.0003273496  -0.0000000035  -0.0020358138  -0.0005468040
        0.0000000106   0.0001914928  -0.0001236202  -0.0000000010  -0.0000401776
        0.0000295713   0.0000000010  -0.0000451959   0.0001029968   0.0000363338
       -0.0000451954   0.0001029930  -0.0000363377
       -0.0000000031   0.0000000025   0.0000121308   0.0000000437   0.0000000169
       -0.0003205053  -0.0000000534   0.0000000057   0.0009084513  -0.0000001021
       -0.0000000036  -0.0013941059   0.0000000174  -0.0000000100   0.0006780095
       -0.0000000126   0.0000000198   0.0009074270   0.0000012213  -0.0000001720
       -0.0044771452  -0.0000011082   0.0000001348   0.0051052657  -0.0000000001
        0.0000000007   0.0001674333  -0.0000000010  -0.0000000003  -0.0000349328
       -0.0000000026   0.0000000127  -0.0008188810   0.0000000017  -0.0000000025
       -0.0004109870  -0.0000420979  -0.0001670552  -0.0001386738   0.0000000035
        0.0000000050   0.0000744611   0.0000420951   0.0001670539  -0.0001386752
       -0.0000000009  -0.0000000003  -0.0000512654  -0.0000000023  -0.0000000019
       -0.0001571991   0.0000000004  -0.0000000021   0.0001081147   0.0000000002
       -0.0000000014   0.0000101753  -0.0000191704  -0.0000430453  -0.0000145487
        0.0000191713   0.0000430424  -0.0000145495
       -0.0258567147  -0.0131179817   0.0000001124  -0.2328146668  -0.1194825879
        0.0000009166  -0.0013900357  -0.0037766702   0.0000000159   0.0006184471
        0.0003921551   0.0000000233   0.0006353837   0.0006580740  -0.0000000027
       -0.0039563717   0.0031893142   0.0000000337  -0.0001727194  -0.0002403657
       -0.0000000019   0.0000288527   0.0001284275  -0.0000000001   0.2669995632
        0.1295780248  -0.0000010840   0.0006427133  -0.0006281679  -0.0000000092
       -0.0009045565  -0.0003829589  -0.0000000037  -0.0009751279   0.0019476891
       -0.0000000007  -0.0007698262   0.0009967675  -0.0006184216   0.0000982369
        0.0003748440  -0.0000000019  -0.0007698154   0.0009967653   0.0006184228
       -0.0013499783  -0.0006174014   0.0000000061  -0.0001455439   0.0001257522
       -0.0000000021   0.0000260699  -0.0001811969  -0.0000000013   0.0000040854
       -0.0000437975  -0.0000000007   0.0000260024   0.0000416572  -0.0000349516
        0.0000260020   0.0000416572   0.0000349508
        0.0106897419   0.0066593155  -0.0000000531  -0.1195937515  -0.1176949869
        0.0000005797  -0.0275202449  -0.0171392943   0.0000001183   0.0013732750
       -0.0039934269   0.0000000108   0.0007220503  -0.0002893843   0.0000000026
        0.0027341130  -0.0003807206   0.0000000010  -0.0014752813  -0.0023659904
        0.0000000098  -0.0001512372   0.0001618983   0.0000000007   0.1295780248
        0.1329148637  -0.0000006452   0.0009297579   0.0008244200  -0.0000000093
       -0.0004810319   0.0021530234  -0.0000000038   0.0002764135  -0.0005052989
       -0.0000000006   0.0011841212  -0.0004459980   0.0010608899  -0.0000394030
        0.0002517765  -0.0000000003   0.0011841170  -0.0004460042  -0.0010608976
        0.0005892249   0.0002247117  -0.0000000013   0.0000335808  -0.0000308471
       -0.0000000013   0.0000008025   0.0000838685  -0.0000000004  -0.0000093169
        0.0000115157  -0.0000000000  -0.0000124779   0.0000032793   0.0000301498
       -0.0000124784   0.0000032790  -0.0000301498
        0.0000000630   0.0000000328  -0.0008464332   0.0000009341   0.0000005642
       -0.0287711787   0.0000000415   0.0000000468  -0.0004627237   0.0000000248
        0.0000000194   0.0067881589  -0.0000000240   0.0000000157   0.0006037864
        0.0000000572  -0.0000000153   0.0068706962  -0.0000000028   0.0000000042
       -0.0002985959   0.0000000016  -0.0000000035   0.0001674333  -0.0000010840
       -0.0000006452   0.0219185611  -0.0000000125  -0.0000000037  -0.0024640833
       -0.0000000029  -0.0000000040  -0.0018000562   0.0000000019  -0.0000000058
       -0.0001176111  -0.0009178230   0.0006281605  -0.0001839385  -0.0000000005
       -0.0000000004  -0.0001838001   0.0009178229  -0.0006281623  -0.0001839430
        0.0000000049   0.0000000024   0.0003580791  -0.0000000012  -0.0000000017
       -0.0011946591  -0.0000000010  -0.0000000009  -0.0002592851   0.0000000003
       -0.0000000010   0.0000032939   0.0000931515   0.0000484997   0.0000281489
       -0.0000931519  -0.0000485020   0.0000281498
       -0.0436777716   0.0036593224   0.0000000391  -0.0020098063   0.0262632278
       -0.0000000517  -0.0036198157   0.0018650647   0.0000000447  -0.0006767156
       -0.0000679408   0.0000000088  -0.0034840036  -0.0019576801   0.0000000354
       -0.0013209606  -0.0258317679   0.0000000543  -0.0000259523   0.0000288347
       -0.0000000070   0.0000848128  -0.0000122349  -0.0000000010   0.0006427133
        0.0009297579  -0.0000000125   0.0546005330  -0.0039715970  -0.0000001031
       -0.0007536945   0.0020122413  -0.0000000005   0.0000472028   0.0000178651
        0.0000000000   0.0000507848   0.0000076817   0.0000128800   0.0000011806
       -0.0000060000  -0.0000000006   0.0000507845   0.0000076816  -0.0000128801
        0.0006604682  -0.0009894174  -0.0000000097  -0.0007062718  -0.0019392741
        0.0000000043   0.0000378369  -0.0000097977  -0.0000000001   0.0000015121
        0.0000101288  -0.0000000001   0.0000485815  -0.0000080482  -0.0000129805
        0.0000485815  -0.0000080480   0.0000129804
        0.0036907672  -0.3048567045   0.0000004643   0.0022183317  -0.0179397910
        0.0000000229   0.0025199358   0.0003476395   0.0000000024  -0.0000136432
        0.0013271229  -0.0000000005  -0.0025400420   0.0003631841   0.0000000212
       -0.0018735698  -0.0187237013   0.0000000382   0.0000084508  -0.0003062610
       -0.0000000015  -0.0000215045   0.0001721512  -0.0000000003  -0.0006281679
        0.0008244200  -0.0000000037  -0.0039715970   0.3414924511  -0.0000005412
        0.0008850353  -0.0017941423   0.0000000005  -0.0001764585  -0.0000163707
        0.0000000008  -0.0000146730   0.0000152155   0.0000341363   0.0000187905
        0.0000347196  -0.0000000002  -0.0000146733   0.0000152155  -0.0000341364
        0.0006257015   0.0008362915  -0.0000000077  -0.0008848402  -0.0018637752
        0.0000000058   0.0001656241   0.0000012230  -0.0000000007  -0.0000187752
        0.0000371497  -0.0000000001   0.0000126539   0.0000169813   0.0000362756
        0.0000126536   0.0000169813  -0.0000362756
        0.0000000416   0.0000004643  -0.0317732680  -0.0000000493  -0.0000000787
       -0.0004497074   0.0000000819   0.0000000280   0.0070557999   0.0000000126
        0.0000000011   0.0006988543   0.0000000254   0.0000000448   0.0070133481
        0.0000000241   0.0000000930  -0.0001332230  -0.0000000128  -0.0000000014
       -0.0012460741  -0.0000000016  -0.0000000067  -0.0000349328  -0.0000000092
       -0.0000000093  -0.0024640833  -0.0000001031  -0.0000005412   0.0235446849
       -0.0000000010  -0.0000000057   0.0002261767  -0.0000000000  -0.0000000008
        0.0000396408   0.0000051185   0.0000005836  -0.0000030673  -0.0000000003
       -0.0000000012  -0.0000012004  -0.0000051179  -0.0000005823  -0.0000030656
       -0.0000000118  -0.0000000016  -0.0024779245   0.0000000039   0.0000000108
       -0.0000891556  -0.0000000007   0.0000000011   0.0000426322   0.0000000001
        0.0000000008   0.0000188244   0.0000105981   0.0000025179   0.0000178701
       -0.0000105985  -0.0000025165   0.0000178707
       -0.0033434988  -0.0008116830   0.0000000335  -0.0076517690   0.0095998201
        0.0000000172  -0.1672915425   0.0919442346   0.0000003387  -0.0625171296
        0.0328827727   0.0000001684   0.0106915737  -0.0052017280  -0.0000000064
        0.0011305052   0.0052233104  -0.0000000078  -0.0003306066  -0.0119832749
        0.0000000134   0.0019267402  -0.0007297792  -0.0000000026  -0.0009045565
       -0.0004810319  -0.0000000029  -0.0007536945   0.0008850353  -0.0000000010
        0.4722999698   0.0007513844  -0.0000014994  -0.1633168521  -0.0764262344
        0.0000005460  -0.0190496415  -0.0167660693  -0.0097440212  -0.0337737118
       -0.0086340198   0.0000001504  -0.0190493919  -0.0167659379   0.0097442385
       -0.0001463419  -0.0000209832  -0.0000000058  -0.0085943182  -0.0027232791
        0.0000000557   0.0007452814  -0.0012290766  -0.0000000020  -0.0001417557
       -0.0000843269  -0.0000000027   0.0000353694   0.0002854346   0.0000768433
        0.0000353710   0.0002854321  -0.0000768534
        0.0006858223  -0.0065603388   0.0000000205   0.0385131229  -0.0277835242
       -0.0000000597   0.0657032561  -0.1535352117  -0.0000000596  -0.0009118072
       -0.0038135662   0.0000000057  -0.0097036525   0.0000399608   0.0000000460
       -0.0005726454  -0.0036617736   0.0000000010  -0.0048742138   0.0137204654
       -0.0000000136   0.0011647885   0.0005333040   0.0000000127  -0.0003829589
        0.0021530234  -0.0000000040   0.0020122413  -0.0017941423  -0.0000000057
        0.0007513844   0.3182955008  -0.0000004350  -0.0595940976  -0.1193665813
        0.0000003308  -0.0265384360  -0.0152626497  -0.0045016914   0.0188131352
        0.0101474982  -0.0000000779  -0.0265383128  -0.0152625719   0.0045019382
       -0.0001331723  -0.0000403341   0.0000000008   0.0026618901   0.0019759300
       -0.0000000319  -0.0010966536   0.0005309219   0.0000000057  -0.0000031018
        0.0001087296   0.0000000059   0.0000217071  -0.0002123205  -0.0000170483
        0.0000217041  -0.0002123198   0.0000170600
        0.0000000288   0.0000000296   0.0068136304   0.0000000179   0.0000000121
        0.0030569010   0.0000003683  -0.0000001802  -0.0333906663   0.0000002386
       -0.0000000747   0.0037545816  -0.0000000095  -0.0000000006   0.0054637121
       -0.0000000052   0.0000000045  -0.0001951167   0.0000000084  -0.0000000081
       -0.0020119572  -0.0000000168   0.0000000292  -0.0008188810  -0.0000000037
       -0.0000000038  -0.0018000562  -0.0000000005   0.0000000005   0.0002261767
       -0.0000014994  -0.0000004350   0.0589858969   0.0000005151   0.0000003949
       -0.0444803071  -0.0246215195  -0.0126712616   0.0025300910   0.0000000915
        0.0000000282   0.0008080036   0.0246217595   0.0126714531   0.0025298039
       -0.0000000030  -0.0000000027  -0.0013730604   0.0000000309   0.0000000131
        0.0002168489  -0.0000000017   0.0000000024  -0.0002955364   0.0000000007
        0.0000000006  -0.0000029900   0.0000470654   0.0000291751  -0.0000085380
       -0.0000470657  -0.0000291767  -0.0000085368
       -0.0005658365   0.0001430778   0.0000000033   0.0017132959  -0.0004726419
       -0.0000000103  -0.0401153200  -0.0021131984   0.0000001316  -0.0027528223
       -0.0006741811   0.0000000126  -0.0035404296  -0.0014324525   0.0000000213
        0.0000057485  -0.0002740721   0.0000000011   0.0008460192   0.0039426753
       -0.0000000097  -0.0006701015  -0.0007909621   0.0000000017  -0.0009751279
        0.0002764135   0.0000000019   0.0000472028  -0.0001764585  -0.0000000000
       -0.1633168521  -0.0595940976   0.0000005151   0.4289494300  -0.0507263234
        0.0000002991  -0.0403651236  -0.0069732575  -0.0145394471  -0.1394954172
        0.1246804259   0.0000001175  -0.0403649339  -0.0069724986   0.0145383675
        0.0000404997  -0.0000234552  -0.0000000011   0.0008569344   0.0011791541
       -0.0000000054  -0.0001328064  -0.0000086609   0.0000000007  -0.0000880442
        0.0000553391   0.0000000003  -0.0000381577  -0.0000224129  -0.0000268334
       -0.0000381576  -0.0000224129   0.0000268333
       -0.0006016777   0.0010502372  -0.0000000018   0.0022425295  -0.0002357474
        0.0000000001   0.0151584748   0.0162350199  -0.0000001009   0.0021578579
       -0.0058460055  -0.0000000003  -0.0006092911  -0.0006827531   0.0000000113
        0.0005048784   0.0003580917  -0.0000000069  -0.0008325378   0.0028422230
        0.0000000015   0.0003133318   0.0000904260  -0.0000000025   0.0019476891
       -0.0005052989  -0.0000000058   0.0000178651  -0.0000163707  -0.0000000008
       -0.0764262344  -0.1193665813   0.0000003949  -0.0507263234   0.5056110112
        0.0000001519  -0.0060253811  -0.1088183578  -0.1014338584   0.1174477413
       -0.1826625238  -0.0000001671  -0.0060246284  -0.1088176495   0.1014335884
        0.0001796972   0.0000771327   0.0000000004   0.0013285755   0.0006010540
       -0.0000000065   0.0000241773   0.0001113607   0.0000000005  -0.0000012660
        0.0000114344   0.0000000009  -0.0000377390  -0.0000183512  -0.0000174701
       -0.0000377390  -0.0000183515   0.0000174711
        0.0000000054  -0.0000000018   0.0007051334  -0.0000000085   0.0000000008
       -0.0015661330   0.0000000909  -0.0000000243  -0.0037659714   0.0000000120
        0.0000000114   0.0007827653   0.0000000122   0.0000000059   0.0013570253
        0.0000000040   0.0000000050   0.0000740022  -0.0000000013  -0.0000000198
        0.0003766179   0.0000000016   0.0000000022  -0.0004109870  -0.0000000007
       -0.0000000006  -0.0001176111   0.0000000000   0.0000000008   0.0000396408
        0.0000005460   0.0000003308  -0.0444803071   0.0000002991   0.0000001519
        0.4876541380  -0.0132554758  -0.1016735255  -0.1983274979   0.0000001298
       -0.0000001919  -0.0434942717   0.0132543937   0.1016732627  -0.1983284004
       -0.0000000012  -0.0000000004  -0.0001862351  -0.0000000083  -0.0000000070
       -0.0001747576   0.0000000007  -0.0000000007  -0.0001241523   0.0000000003
       -0.0000000002  -0.0000189894   0.0000219928  -0.0000165942   0.0000029957
       -0.0000219927   0.0000165948   0.0000029952
       -0.0005515057   0.0000344119   0.0003117884   0.0002741721   0.0000615374
        0.0000416751   0.0019566698  -0.0011055748  -0.0013058067  -0.0007629057
       -0.0002757822   0.0001549446   0.0003245684  -0.0003944114   0.0002276037
        0.0002628936   0.0004080215   0.0000514858  -0.0000400619   0.0001128450
        0.0000348535   0.0000248300   0.0002382612  -0.0000420979  -0.0007698262
        0.0011841212  -0.0009178230   0.0000507848  -0.0000146730   0.0000051185
       -0.0190496415  -0.0265384360  -0.0246215195  -0.0403651236  -0.0060253811
       -0.0132554758   0.0553497687   0.0187519719   0.0226434196   0.0015617451
        0.0118941161   0.0163898948   0.0016775791   0.0016160649   0.0004013683
        0.0000286160   0.0000120602  -0.0000648355   0.0000789801  -0.0000061222
       -0.0000381090  -0.0000445196   0.0000434528  -0.0000180016   0.0000042120
       -0.0000003142  -0.0000017791  -0.0000010910  -0.0000023223   0.0000077467
       -0.0000101447   0.0000061531  -0.0000044510
        0.0001639668  -0.0001503208  -0.0002569802   0.0000010775   0.0002231089
        0.0003594365   0.0006566731   0.0006416172   0.0005340944  -0.0000443946
        0.0005065763  -0.0000552410   0.0004563747   0.0001580705   0.0000054693
       -0.0000924156   0.0000349264  -0.0000507699  -0.0000613466  -0.0006046666
        0.0001435645   0.0000381744   0.0002005689  -0.0001670552   0.0009967675
       -0.0004459980   0.0006281605   0.0000076817   0.0000152155   0.0000005836
       -0.0167660693  -0.0152626497  -0.0126712616  -0.0069732575  -0.1088183578
       -0.1016735255   0.0187519719   0.1314049486   0.1214362474   0.0015279993
       -0.0160130283  -0.0218109012   0.0016161581   0.0082910600   0.0135111657
       -0.0000406771   0.0000021330   0.0000368398  -0.0002356808  -0.0001970245
        0.0000363549   0.0000129360  -0.0000111363  -0.0000078028  -0.0000107965
       -0.0000077318   0.0000008404  -0.0000018331   0.0000196808   0.0000107938
       -0.0000033101   0.0000130077  -0.0000100135
        0.0000650480   0.0001268798  -0.0001405939  -0.0001775440  -0.0005342496
        0.0001223013   0.0014545114  -0.0008455313   0.0005165763  -0.0003308076
        0.0000241085  -0.0000451390   0.0003846492  -0.0001498108  -0.0000575393
        0.0002147213   0.0002138691  -0.0000020156   0.0000419330   0.0000473778
        0.0001012730   0.0000552224   0.0000672695  -0.0001386738  -0.0006184216
        0.0010608899  -0.0001839385   0.0000128800   0.0000341363  -0.0000030673
       -0.0097440212  -0.0045016914   0.0025300910  -0.0145394471  -0.1014338584
       -0.1983274979   0.0226434196   0.1214362474   0.2258555684   0.0009630693
       -0.0020547805  -0.0016695024  -0.0004015867  -0.0135113064  -0.0286022904
        0.0000334507   0.0000319130   0.0000375182  -0.0000585864  -0.0000184522
        0.0000170097   0.0000195905  -0.0000149047  -0.0000032744  -0.0000049262
        0.0000006787  -0.0000068954  -0.0000047586   0.0000107634   0.0000106269
       -0.0000083959   0.0000104520  -0.0000105370
        0.0001598729  -0.0000374149  -0.0000000017  -0.0000173990  -0.0008904530
        0.0000000069  -0.0060870762  -0.0024058285   0.0000000238  -0.0010204704
        0.0013750898   0.0000000002  -0.0001186175  -0.0002031826   0.0000000026
        0.0000482617  -0.0001128737  -0.0000000021   0.0001764688  -0.0000850208
        0.0000000003  -0.0002780990   0.0000189316   0.0000000035   0.0000982369
       -0.0000394030  -0.0000000005   0.0000011806   0.0000187905  -0.0000000003
       -0.0337737118   0.0188131352   0.0000000915  -0.1394954172   0.1174477413
        0.0000001298   0.0015617451   0.0015279993   0.0009630693   0.1773991797
       -0.1370038059  -0.0000002317   0.0015616190   0.0015281451  -0.0009630903
        0.0000049066   0.0000082962  -0.0000000002  -0.0001261554   0.0000098102
        0.0000000006  -0.0000946080   0.0000051663  -0.0000000002  -0.0000096574
       -0.0000025984  -0.0000000004   0.0000048703   0.0000137376   0.0000046149
        0.0000048704   0.0000137375  -0.0000046160
       -0.0000113164   0.0002218362  -0.0000000038  -0.0000195064  -0.0003359976
        0.0000000168  -0.0023809870  -0.0007682087  -0.0000000046  -0.0007890044
        0.0002936694  -0.0000000027  -0.0001727358  -0.0003277066   0.0000000067
        0.0001416816   0.0001101391  -0.0000000073   0.0000612210   0.0002252043
        0.0000000031  -0.0001634620  -0.0000339342   0.0000000050   0.0003748440
        0.0002517765  -0.0000000004  -0.0000060000   0.0000347196  -0.0000000012
       -0.0086340198   0.0101474982   0.0000000282   0.1246804259  -0.1826625238
       -0.0000001919   0.0118941161  -0.0160130283  -0.0020547805  -0.1370038059
        0.2046743135   0.0000001825   0.0118940714  -0.0160129468   0.0020547536
        0.0000468569   0.0000125976   0.0000000009   0.0001364733   0.0001510637
       -0.0000000030  -0.0000562059   0.0000202607   0.0000000001   0.0000041341
        0.0000177992  -0.0000000002   0.0000016094  -0.0000032658  -0.0000004815
        0.0000016099  -0.0000032663   0.0000004800
       -0.0000000004   0.0000000005   0.0000592252   0.0000000148   0.0000000148
        0.0002870594   0.0000000032   0.0000000108   0.0005664760   0.0000000046
       -0.0000000138   0.0001644127   0.0000000050  -0.0000000041   0.0000067336
       -0.0000000024   0.0000000059  -0.0000597648   0.0000000016   0.0000000081
       -0.0000721500   0.0000000044   0.0000000068   0.0000744611  -0.0000000019
       -0.0000000003  -0.0001838001  -0.0000000006  -0.0000000002  -0.0000012004
        0.0000001504  -0.0000000779   0.0008080036   0.0000001175  -0.0000001671
       -0.0434942717   0.0163898948  -0.0218109012  -0.0016695024  -0.0000002317
        0.0000001825   0.0451854866  -0.0163899535   0.0218109462  -0.0016694712
       -0.0000000006  -0.0000000006  -0.0000173220  -0.0000000055  -0.0000000059
        0.0000395556   0.0000000002  -0.0000000013  -0.0000122342   0.0000000004
       -0.0000000011  -0.0000045527   0.0000014382  -0.0000003162  -0.0000035720
       -0.0000014385   0.0000003140  -0.0000035723
       -0.0005515081   0.0000344099  -0.0003117848   0.0002741696   0.0000615392
       -0.0000416769   0.0019566716  -0.0011055595   0.0013058062  -0.0007629045
       -0.0002757852  -0.0001549384   0.0003245648  -0.0003944083  -0.0002276052
        0.0002628937   0.0004080193  -0.0000514881  -0.0000400619   0.0001128477
       -0.0000348543   0.0000248302   0.0002382615   0.0000420951  -0.0007698154
        0.0011841170   0.0009178229   0.0000507845  -0.0000146733  -0.0000051179
       -0.0190493919  -0.0265383128   0.0246217595  -0.0403649339  -0.0060246284
        0.0132543937   0.0016775791   0.0016161581  -0.0004015867   0.0015616190
        0.0118940714  -0.0163899535   0.0553494537   0.0187510403  -0.0226422996
        0.0000286161   0.0000120600   0.0000648353   0.0000789767  -0.0000061254
        0.0000381086  -0.0000445197   0.0000434528   0.0000180013   0.0000042123
       -0.0000003144   0.0000017785  -0.0000101446   0.0000061526   0.0000044510
       -0.0000010911  -0.0000023225  -0.0000077466
        0.0001639694  -0.0001503218   0.0002569742   0.0000010449   0.0002230967
       -0.0003594099   0.0006566945   0.0006416324  -0.0005341244  -0.0000443893
        0.0005065789   0.0000552288   0.0004563639   0.0001580883  -0.0000054630
       -0.0000924042   0.0000349123   0.0000507611  -0.0000613512  -0.0006046689
       -0.0001435571   0.0000381749   0.0002005656   0.0001670539   0.0009967653
       -0.0004460042  -0.0006281623   0.0000076816   0.0000152155  -0.0000005823
       -0.0167659379  -0.0152625719   0.0126714531  -0.0069724986  -0.1088176495
        0.1016732627   0.0016160649   0.0082910600  -0.0135113064   0.0015281451
       -0.0160129468   0.0218109462   0.0187510403   0.1314040864  -0.1214360651
       -0.0000406779   0.0000021326  -0.0000368353  -0.0002356820  -0.0001970256
       -0.0000363548   0.0000129359  -0.0000111360   0.0000078027  -0.0000107962
       -0.0000077319  -0.0000008410  -0.0000033102   0.0000130070   0.0000100130
       -0.0000018331   0.0000196810  -0.0000107939
       -0.0000650428  -0.0001268801  -0.0001405903   0.0001775240   0.0005342458
        0.0001223013  -0.0014545135   0.0008455554   0.0005165774   0.0003308174
       -0.0000241195  -0.0000451402  -0.0003846600   0.0001498270  -0.0000575362
       -0.0002147096  -0.0002138803  -0.0000020132  -0.0000419347  -0.0000473658
        0.0001012729  -0.0000552222  -0.0000672711  -0.0001386752   0.0006184228
       -0.0010608976  -0.0001839430  -0.0000128801  -0.0000341364  -0.0000030656
        0.0097442385   0.0045019382   0.0025298039   0.0145383675   0.1014335884
       -0.1983284004   0.0004013683   0.0135111657  -0.0286022904  -0.0009630903
        0.0020547536  -0.0016694712  -0.0226422996  -0.1214360651   0.2258567272
       -0.0000334508  -0.0000319129   0.0000375189   0.0000585757   0.0000184440
        0.0000170070  -0.0000195911   0.0000149045  -0.0000032750   0.0000049265
       -0.0000006783  -0.0000068968   0.0000083955  -0.0000104526  -0.0000105376
        0.0000047586  -0.0000107630   0.0000106265
       -0.0261672017   0.0124038807   0.0000000686  -0.0038236150  -0.0032869510
        0.0000000366   0.0006838714  -0.0006271595   0.0000000068   0.0005406952
       -0.0001213594   0.0000000240  -0.0018346881   0.0040546096  -0.0000000064
       -0.2379685146   0.1171719686   0.0000005298  -0.0002070130   0.0000916339
       -0.0000000009   0.0000734781  -0.0000589195  -0.0000000009  -0.0013499783
        0.0005892249   0.0000000049   0.0006604682   0.0006257015  -0.0000000118
       -0.0001463419  -0.0001331723  -0.0000000030   0.0000404997   0.0001796972
       -0.0000000012   0.0000286160  -0.0000406771   0.0000334507   0.0000049066
        0.0000468569  -0.0000000006   0.0000286161  -0.0000406779  -0.0000334508
        0.2730313654  -0.1265327941  -0.0000006576  -0.0010142823   0.0003272300
       -0.0000000031  -0.0010713965  -0.0020879610   0.0000000074   0.0001082313
       -0.0004200551  -0.0000000004  -0.0008088525  -0.0010705348   0.0006443977
       -0.0008088641  -0.0010705417  -0.0006443896
       -0.0114396448   0.0065904831   0.0000000306  -0.0028182227  -0.0004761317
        0.0000000140  -0.0007262719  -0.0003766682   0.0000000119  -0.0011391839
       -0.0045688678   0.0000000274   0.0276810419  -0.0163502740  -0.0000000717
        0.1172621525  -0.1129945607  -0.0000002586   0.0016389495  -0.0013493262
       -0.0000000058   0.0001051401  -0.0003273496  -0.0000000003  -0.0006174014
        0.0002247117   0.0000000024  -0.0009894174   0.0008362915  -0.0000000016
       -0.0000209832  -0.0000403341  -0.0000000027  -0.0000234552   0.0000771327
       -0.0000000004   0.0000120602   0.0000021330   0.0000319130   0.0000082962
        0.0000125976  -0.0000000006   0.0000120600   0.0000021326  -0.0000319129
       -0.1265327941   0.1279007543   0.0000002526   0.0004527150   0.0020851346
       -0.0000000102  -0.0003963272  -0.0005199425   0.0000000019   0.0000420632
        0.0002371171  -0.0000000006  -0.0012553826  -0.0004825129   0.0011105237
       -0.0012553941  -0.0004825205  -0.0011105123
        0.0000001094  -0.0000000575  -0.0001477819   0.0000000223   0.0000000168
        0.0071734926   0.0000000222   0.0000000121   0.0004710477   0.0000000241
        0.0000000231   0.0065908836  -0.0000001026   0.0000000341  -0.0005063036
        0.0000005845  -0.0000002781  -0.0302194814  -0.0000000041  -0.0000000033
        0.0001557085  -0.0000000004  -0.0000000035  -0.0000512654   0.0000000061
       -0.0000000013   0.0003580791  -0.0000000097  -0.0000000077  -0.0024779245
       -0.0000000058   0.0000000008  -0.0013730604  -0.0000000011   0.0000000004
       -0.0001862351  -0.0000648355   0.0000368398   0.0000375182  -0.0000000002
        0.0000000009  -0.0000173220   0.0000648353  -0.0000368353   0.0000375189
       -0.0000006576   0.0000002526   0.0221780817   0.0000000007  -0.0000000045
       -0.0014156424   0.0000000036   0.0000000055  -0.0002353031  -0.0000000006
       -0.0000000011  -0.0001349158   0.0010185125   0.0006745358  -0.0001185572
       -0.0010185031  -0.0006745296  -0.0001185374
       -0.0027582376   0.0010786175   0.0000000293   0.0006788471  -0.0055495249
        0.0000000093   0.0101007918   0.0055556150  -0.0000000254  -0.0627428011
       -0.0372037845   0.0000003007  -0.1732771903  -0.0958183987   0.0000006520
       -0.0078197008  -0.0124074522   0.0000000781   0.0027522326   0.0156100114
        0.0000000043   0.0025595764  -0.0020358138  -0.0000000023  -0.0001455439
        0.0000335808  -0.0000000012  -0.0007062718  -0.0008848402   0.0000000039
       -0.0085943182   0.0026618901   0.0000000309   0.0008569344   0.0013285755
       -0.0000000083   0.0000789801  -0.0002356808  -0.0000585864  -0.0001261554
        0.0001364733  -0.0000000055   0.0000789767  -0.0002356820   0.0000585757
       -0.0010142823   0.0004527150   0.0000000007   0.4753923061   0.0110376667
       -0.0000015858  -0.1627941625   0.0741457919   0.0000002929  -0.0336065186
        0.0080665189   0.0000001202  -0.0194566084   0.0171318363   0.0101137434
       -0.0194568542   0.0171318846  -0.0101136266
       -0.0000259661  -0.0063620960   0.0000000218   0.0002493782  -0.0036615846
       -0.0000000040   0.0097683853   0.0003141126  -0.0000000113  -0.0011735439
       -0.0034501558   0.0000000230  -0.0706590240  -0.1576702573   0.0000004514
       -0.0389650781  -0.0302772030   0.0000002122   0.0007946604   0.0142034262
        0.0000000052   0.0011838509  -0.0005468040  -0.0000000019   0.0001257522
       -0.0000308471  -0.0000000017  -0.0019392741  -0.0018637752   0.0000000108
       -0.0027232791   0.0019759300   0.0000000131   0.0011791541   0.0006010540
       -0.0000000070  -0.0000061222  -0.0001970245  -0.0000184522   0.0000098102
        0.0001510637  -0.0000000059  -0.0000061254  -0.0001970256   0.0000184440
        0.0003272300   0.0020851346  -0.0000000045   0.0110376667   0.3210435137
       -0.0000005850   0.0577931925  -0.1168666028  -0.0000000640  -0.0190642665
        0.0103053413   0.0000000580   0.0260468290  -0.0147781298  -0.0044994750
        0.0260467698  -0.0147780704   0.0044993731
        0.0000000292   0.0000000126   0.0064716162   0.0000000123   0.0000000107
       -0.0001193645  -0.0000000791   0.0000000254   0.0048023109   0.0000002497
        0.0000000768   0.0031963408   0.0000006519   0.0000005937  -0.0331705436
        0.0000001500   0.0000001301   0.0039987371   0.0000000131   0.0000000026
       -0.0019585397  -0.0000000135   0.0000000106  -0.0001571991  -0.0000000021
       -0.0000000013  -0.0011946591   0.0000000043   0.0000000058  -0.0000891556
        0.0000000557  -0.0000000319   0.0002168489  -0.0000000054  -0.0000000065
       -0.0001747576  -0.0000381090   0.0000363549   0.0000170097   0.0000000006
       -0.0000000030   0.0000395556   0.0000381086  -0.0000363548   0.0000170070
       -0.0000000031  -0.0000000102  -0.0014156424  -0.0000015858  -0.0000005850
        0.0583992522   0.0000003055  -0.0000001244  -0.0446284287   0.0000001537
       -0.0000000481   0.0008830608   0.0245944812  -0.0123086700   0.0024331819
       -0.0245944177   0.0123086120   0.0024333693
       -0.0006773222  -0.0001912061   0.0000000044   0.0000068915   0.0003232040
        0.0000000014  -0.0034212363   0.0012501304   0.0000000152  -0.0023391953
        0.0000301122   0.0000000108  -0.0418536431   0.0014935154   0.0000001329
        0.0018875527   0.0008131846  -0.0000000144   0.0008104429  -0.0034150512
        0.0000000029  -0.0000245797   0.0001914928   0.0000000004   0.0000260699
        0.0000008025  -0.0000000010   0.0000378369   0.0001656241  -0.0000000007
        0.0007452814  -0.0010966536  -0.0000000017  -0.0001328064   0.0000241773
        0.0000000007  -0.0000445196   0.0000129360   0.0000195905  -0.0000946080
       -0.0000562059   0.0000000002  -0.0000445197   0.0000129359  -0.0000195911
       -0.0010713965  -0.0003963272   0.0000000036  -0.1627941625   0.0577931925
        0.0000003055   0.4258133007   0.0528141688   0.0000001186  -0.1360953421
       -0.1240455497   0.0000005399  -0.0403669213   0.0071374338   0.0150746480
       -0.0403671233   0.0071380832  -0.0150757661
        0.0006176075   0.0010962550   0.0000000008  -0.0005506457   0.0003868396
       -0.0000000115   0.0004169075  -0.0007332720   0.0000000154  -0.0021720516
       -0.0053067527   0.0000000233  -0.0157866362   0.0158195139   0.0000000156
       -0.0025165983  -0.0002503600   0.0000000111  -0.0001249409   0.0026055705
       -0.0000000085   0.0002685891  -0.0001236202  -0.0000000021  -0.0001811969
        0.0000838685  -0.0000000009  -0.0000097977   0.0000012230   0.0000000011
       -0.0012290766   0.0005309219   0.0000000024  -0.0000086609   0.0001113607
       -0.0000000007   0.0000434528  -0.0000111363  -0.0000149047   0.0000051663
        0.0000202607  -0.0000000013   0.0000434528  -0.0000111360   0.0000149045
       -0.0020879610  -0.0005199425   0.0000000055   0.0741457919  -0.1168666028
       -0.0000001244   0.0528141688   0.5032316265  -0.0000002210  -0.1171021365
       -0.1852630237   0.0000006545   0.0067069587  -0.1074011475  -0.0999443670
        0.0067076069  -0.1074004464   0.0999440077
        0.0000000021   0.0000000018   0.0007397979   0.0000000161   0.0000000029
        0.0001475182   0.0000000047  -0.0000000093   0.0017448505   0.0000000169
        0.0000000146   0.0011271177   0.0000001532  -0.0000000512  -0.0043816583
       -0.0000000107  -0.0000000028  -0.0016223821  -0.0000000070   0.0000000059
       -0.0002719352   0.0000000003  -0.0000000010   0.0001081147  -0.0000000013
       -0.0000000004  -0.0002592851  -0.0000000001  -0.0000000007   0.0000426322
       -0.0000000020   0.0000000057  -0.0002955364   0.0000000007   0.0000000005
       -0.0001241523  -0.0000180016  -0.0000078028  -0.0000032744  -0.0000000002
        0.0000000001  -0.0000122342   0.0000180013   0.0000078027  -0.0000032750
        0.0000000074   0.0000000019  -0.0002353031   0.0000002929  -0.0000000640
       -0.0446284287   0.0000001186  -0.0000002210   0.4855172336   0.0000005262
        0.0000006788  -0.0436619697   0.0143019123  -0.1005328335  -0.1969636680
       -0.0143030297   0.1005324718  -0.1969641625
        0.0001595852   0.0000299054  -0.0000000017   0.0000421688   0.0001247634
        0.0000000042  -0.0001382126   0.0002073902  -0.0000000043  -0.0009338248
       -0.0013380852   0.0000000042  -0.0064029448   0.0020972765   0.0000000227
       -0.0000226019   0.0009734976  -0.0000000032   0.0001421200   0.0000580681
       -0.0000000000  -0.0000254401  -0.0000401776   0.0000000002   0.0000040854
       -0.0000093169   0.0000000003   0.0000015121  -0.0000187752   0.0000000001
       -0.0001417557  -0.0000031018   0.0000000007  -0.0000880442  -0.0000012660
        0.0000000003   0.0000042120  -0.0000107965  -0.0000049262  -0.0000096574
        0.0000041341   0.0000000004   0.0000042123  -0.0000107962   0.0000049265
        0.0001082313   0.0000420632  -0.0000000006  -0.0336065186  -0.0190642665
        0.0000001537  -0.1360953421  -0.1171021365   0.0000005262   0.1737691392
        0.1368294423  -0.0000006842   0.0016144773  -0.0013839904  -0.0009436513
        0.0016145985  -0.0013838318   0.0009436320
        0.0000021448   0.0002347608   0.0000000030  -0.0001326626   0.0001081399
       -0.0000000153   0.0001370324  -0.0003272490   0.0000000161   0.0007910893
        0.0003123445   0.0000000022   0.0023191571  -0.0007310022  -0.0000000119
        0.0000029887  -0.0003710685   0.0000000073  -0.0001109541   0.0001783372
       -0.0000000039   0.0000157720   0.0000295713  -0.0000000014  -0.0000437975
        0.0000115157  -0.0000000010   0.0000101288   0.0000371497   0.0000000008
       -0.0000843269   0.0001087296   0.0000000006   0.0000553391   0.0000114344
       -0.0000000002  -0.0000003142  -0.0000077318   0.0000006787  -0.0000025984
        0.0000177992  -0.0000000011  -0.0000003144  -0.0000077319  -0.0000006783
       -0.0004200551   0.0002371171  -0.0000000011   0.0080665189   0.0103053413
       -0.0000000481  -0.1240455497  -0.1852630237   0.0000006788   0.1368294423
        0.2075007162  -0.0000007574  -0.0116945567  -0.0161926175  -0.0021386435
       -0.0116944838  -0.0161925324   0.0021387756
       -0.0000000017   0.0000000013   0.0000554884   0.0000000279   0.0000000132
       -0.0000178795  -0.0000000210  -0.0000000191   0.0000203164  -0.0000000032
        0.0000000138   0.0001205233   0.0000000219  -0.0000000265   0.0004104366
       -0.0000000146   0.0000000044   0.0002923290   0.0000000016  -0.0000000081
        0.0000522866   0.0000000004   0.0000000010   0.0000101753  -0.0000000007
       -0.0000000000   0.0000032939  -0.0000000001  -0.0000000001   0.0000188244
       -0.0000000027   0.0000000059  -0.0000029900   0.0000000003   0.0000000009
       -0.0000189894  -0.0000017791   0.0000008404  -0.0000068954  -0.0000000004
       -0.0000000002  -0.0000045527   0.0000017785  -0.0000008410  -0.0000068968
       -0.0000000004  -0.0000000006  -0.0001349158   0.0000001202   0.0000000580
        0.0008830608   0.0000005399   0.0000006545  -0.0436619697  -0.0000006842
       -0.0000007574   0.0454408555  -0.0162151190  -0.0220486177  -0.0017261475
        0.0162151364   0.0220486775  -0.0017263533
       -0.0005660310  -0.0000443602  -0.0003199473   0.0002748538  -0.0004359187
       -0.0000508765   0.0003773151   0.0004409181  -0.0003158942  -0.0008461883
        0.0002324659  -0.0002282446   0.0020947297   0.0012783718   0.0013596060
        0.0003032874  -0.0001279218  -0.0000992707   0.0001788892  -0.0001491274
        0.0001126650  -0.0001284111  -0.0000451959  -0.0000191704   0.0000260024
       -0.0000124779   0.0000931515   0.0000485815   0.0000126539   0.0000105981
        0.0000353694   0.0000217071   0.0000470654  -0.0000381577  -0.0000377390
        0.0000219928  -0.0000010910  -0.0000018331  -0.0000047586   0.0000048703
        0.0000016094   0.0000014382  -0.0000101446  -0.0000033102   0.0000083955
       -0.0008088525  -0.0012553826   0.0010185125  -0.0194566084   0.0260468290
        0.0245944812  -0.0403669213   0.0067069587   0.0143019123   0.0016144773
       -0.0116945567  -0.0162151190   0.0556050640  -0.0192411400  -0.0237684546
        0.0016589659  -0.0016925504  -0.0005480826
       -0.0002026396  -0.0001501528  -0.0002783491   0.0001137973   0.0000401980
       -0.0000304787  -0.0004660040   0.0001238149   0.0000505014   0.0001159744
        0.0004903965  -0.0000320705  -0.0008298601   0.0005129671   0.0004566000
        0.0000343975   0.0002696775   0.0003374861  -0.0000007279  -0.0005570421
        0.0000837657   0.0000397131   0.0001029968  -0.0000430453   0.0000416572
        0.0000032793   0.0000484997  -0.0000080482   0.0000169813   0.0000025179
        0.0002854346  -0.0002123205   0.0000291751  -0.0000224129  -0.0000183512
       -0.0000165942  -0.0000023223   0.0000196808   0.0000107634   0.0000137376
       -0.0000032658  -0.0000003162   0.0000061526   0.0000130070  -0.0000104526
       -0.0010705348  -0.0004825129   0.0006745358   0.0171318363  -0.0147781298
       -0.0123086700   0.0071374338  -0.1074011475  -0.1005328335  -0.0013839904
       -0.0161926175  -0.0220486177  -0.0192411400   0.1300216220   0.1200990005
       -0.0016924543   0.0081809188   0.0135085822
       -0.0000896373   0.0001242911  -0.0001520554  -0.0002168212   0.0002290911
        0.0000027908  -0.0003977064  -0.0001907783  -0.0000277877   0.0004226536
        0.0000507270  -0.0000722729  -0.0015900421  -0.0009593861   0.0003706589
        0.0002273373  -0.0004934442   0.0001208519  -0.0000276548   0.0000325941
        0.0001717211  -0.0000155786   0.0000363338  -0.0000145487  -0.0000349516
        0.0000301498   0.0000281489  -0.0000129805   0.0000362756   0.0000178701
        0.0000768433  -0.0000170483  -0.0000085380  -0.0000268334  -0.0000174701
        0.0000029957   0.0000077467   0.0000107938   0.0000106269   0.0000046149
       -0.0000004815  -0.0000035720   0.0000044510   0.0000100130  -0.0000105376
        0.0006443977   0.0011105237  -0.0001185572   0.0101137434  -0.0044994750
        0.0024331819   0.0150746480  -0.0999443670  -0.1969636680  -0.0009436513
       -0.0021386435  -0.0017261475  -0.0237684546   0.1200990005   0.2246566767
        0.0005478760  -0.0135086993  -0.0287178381
       -0.0005660280  -0.0000443600   0.0003199505   0.0002748538  -0.0004359210
        0.0000508744   0.0003773190   0.0004409238   0.0003158912  -0.0008461870
        0.0002324629   0.0002282500   0.0020947271   0.0012783773  -0.0013596206
        0.0003032895  -0.0001279195   0.0000992728   0.0001788877  -0.0001491249
       -0.0001126653  -0.0001284105  -0.0000451954   0.0000191713   0.0000260020
       -0.0000124784  -0.0000931519   0.0000485815   0.0000126536  -0.0000105985
        0.0000353710   0.0000217041  -0.0000470657  -0.0000381576  -0.0000377390
       -0.0000219927  -0.0000101447  -0.0000033101  -0.0000083959   0.0000048704
        0.0000016099  -0.0000014385  -0.0000010911  -0.0000018331   0.0000047586
       -0.0008088641  -0.0012553941  -0.0010185031  -0.0194568542   0.0260467698
       -0.0245944177  -0.0403671233   0.0067076069  -0.0143030297   0.0016145985
       -0.0116944838   0.0162151364   0.0016589659  -0.0016924543   0.0005478760
        0.0556053940  -0.0192418947   0.0237696986
       -0.0002026361  -0.0001501538   0.0002783571   0.0001137665   0.0000401838
        0.0000304504  -0.0004659712   0.0001238289  -0.0000504715   0.0001159769
        0.0004903978   0.0000320772  -0.0008298691   0.0005129861  -0.0004566054
        0.0000344067   0.0002696638  -0.0003374746  -0.0000007324  -0.0005570441
       -0.0000837702   0.0000397128   0.0001029930   0.0000430424   0.0000416572
        0.0000032790  -0.0000485020  -0.0000080480   0.0000169813  -0.0000025165
        0.0002854321  -0.0002123198  -0.0000291767  -0.0000224129  -0.0000183515
        0.0000165948   0.0000061531   0.0000130077   0.0000104520   0.0000137375
       -0.0000032663   0.0000003140  -0.0000023225   0.0000196810  -0.0000107630
       -0.0010705417  -0.0004825205  -0.0006745296   0.0171318846  -0.0147780704
        0.0123086120   0.0071380832  -0.1074004464   0.1005324718  -0.0013838318
       -0.0161925324   0.0220486775  -0.0016925504   0.0081809188  -0.0135086993
       -0.0192418947   0.1300207839  -0.1200985402
        0.0000896422  -0.0001242905  -0.0001520587   0.0002168211  -0.0002290834
        0.0000027901   0.0003977128   0.0001907609  -0.0000277930  -0.0004226515
       -0.0000507138  -0.0000722718   0.0015900293   0.0009593648   0.0003706559
       -0.0002273468   0.0004934401   0.0001208506   0.0000276514  -0.0000326047
        0.0001717219   0.0000155783  -0.0000363377  -0.0000145495   0.0000349508
       -0.0000301498   0.0000281498   0.0000129804  -0.0000362756   0.0000178707
       -0.0000768534   0.0000170600  -0.0000085368   0.0000268333   0.0000174711
        0.0000029952  -0.0000044510  -0.0000100135  -0.0000105370  -0.0000046160
        0.0000004800  -0.0000035723  -0.0000077466  -0.0000107939   0.0000106265
       -0.0006443896  -0.0011105123  -0.0001185374  -0.0101136266   0.0044993731
        0.0024333693  -0.0150757661   0.0999440077  -0.1969641625   0.0009436320
        0.0021387756  -0.0017263533  -0.0005480826   0.0135085822  -0.0287178381
        0.0237696986  -0.1200985402   0.2246571807
