           1           2   1.43179771263401     
           2           3   1.37749832945642     
           3           4   1.32241088181299     
           4           5   1.31465548398242     
           1           6   1.43566468511253     
           5           6   1.37113521646497     
           4           7   1.06941230692400     
           7           8  0.837098646692111     
           2           9  0.964425530119895     
           1          10  0.969522097348712     
           3          11   1.03413471891495     
          11          12  0.970299308365573     
          12          13  0.977009663790239     
          12          14  0.976995232422248     
          12          15  0.977009662583100     
           6          16  0.964416717817975     
           5          17   1.05306774566949     
          17          18  0.971855588741445     
          18          19  0.977340835020835     
          18          20  0.976395846243364     
          18          21  0.976395846736575     
