$hessian                                                                        
        0.5798511112   0.0677359403  -0.0000115391  -0.2130747593  -0.1515124547
       -0.0000012253  -0.0747862557   0.0077644557   0.0000018607   0.0055466216
       -0.0263279659  -0.0000055670  -0.0016547990   0.0320939134   0.0000063727
       -0.0791266710   0.0328396753   0.0000106747  -0.0044103783   0.0018022589
       -0.0000002181   0.0023592488  -0.0216883249  -0.0000021172  -0.0091211000
        0.0048277028  -0.0000023335   0.0021496363   0.0001442039  -0.0000011342
       -0.1151691315   0.0191197003   0.0000138373  -0.0148386860   0.0414383950
       -0.0000047647  -0.0826855977  -0.0181384492  -0.0000057047   0.0028787134
       -0.0006460417  -0.0000006198   0.0106591732   0.0164037933  -0.0000077688
       -0.0100103667   0.0009041470   0.0000044598   0.0014332408  -0.0067609495
        0.0000057874
        0.0677359403   0.6658735642   0.0000117515  -0.1023644349  -0.1916041580
       -0.0000088539  -0.0386790080   0.0289043175   0.0000150839  -0.0335733511
       -0.0320320548  -0.0000080485   0.0798090183  -0.0210556812  -0.0000049873
       -0.0203864351  -0.2812284549  -0.0000150688   0.0017355949   0.0010789267
       -0.0000003414  -0.0014462512  -0.0190904046   0.0000055062   0.0164320694
       -0.0044578933   0.0000009860  -0.0026758171  -0.0022654576   0.0000001081
        0.0263914027  -0.0812445793  -0.0000026472   0.0496434856  -0.0561204709
        0.0000238074  -0.0304324595   0.0065054210  -0.0000109861  -0.0217206213
       -0.0194147676  -0.0000057564   0.0140353415   0.0068324769  -0.0000016857
       -0.0043878047   0.0040684386   0.0000008910  -0.0001166698  -0.0047492228
        0.0000002413
       -0.0000115391   0.0000117515   0.1169351342   0.0000209738  -0.0000065544
       -0.0464051326  -0.0000135486   0.0000097166   0.0002810204  -0.0000041160
       -0.0000090899  -0.0064966559   0.0000069993  -0.0000026700   0.0020006783
        0.0000055096  -0.0000151497  -0.0496943885   0.0000014729  -0.0000003520
        0.0087866693  -0.0000000935  -0.0000001047   0.0028803456   0.0000007945
        0.0000004491   0.0002422784   0.0000001470   0.0000001892   0.0002903910
        0.0000601402  -0.0000241452  -0.0745014738  -0.0000255345   0.0000504146
        0.0175912428  -0.0000362948  -0.0000134506   0.0179757848  -0.0000047435
       -0.0000026252   0.0031647397   0.0000025426   0.0000057159   0.0096373702
       -0.0000046528   0.0000006475  -0.0011378263   0.0000019427  -0.0000047427
       -0.0015501774
       -0.2130747593  -0.1023644349   0.0000209738   0.6539388779   0.0155094619
        0.0000235770  -0.2542161930   0.0733040243  -0.0000373013   0.0103955278
        0.0670734680   0.0000111134  -0.0473251219  -0.0057420108  -0.0000025412
        0.0272393555  -0.0561464364  -0.0000067172  -0.0005645014  -0.0007439891
       -0.0000002359  -0.0001097114   0.0004622457  -0.0000024026  -0.0048583171
       -0.0004384614   0.0000005360  -0.0004787898   0.0011594431   0.0000008037
       -0.0626191836   0.0014792217  -0.0000154290  -0.0024396587  -0.0162378899
        0.0000130476   0.0007185864   0.0061765064   0.0000041437  -0.0421660520
        0.0339574431   0.0000018734  -0.0636067930  -0.0261631611   0.0000123654
        0.0056756758  -0.0073010482  -0.0000105961  -0.0065089425   0.0160156177
       -0.0000132109
       -0.1515124547  -0.1916041580  -0.0000065544   0.0155094619   0.6734539056
        0.0000427601   0.1166305263  -0.1265795634  -0.0000053033   0.0286788825
       -0.0150146162   0.0000010865  -0.0088777441   0.0019714446   0.0000025854
       -0.0169101128  -0.0484125675  -0.0000041620  -0.0001109740   0.0008420504
        0.0000013345   0.0012820524  -0.0059029055  -0.0000008565   0.0020868856
       -0.0077167122  -0.0000016748  -0.0000259307   0.0000168196   0.0000004667
       -0.0069889663   0.0124479499  -0.0000055651   0.0044365422  -0.0027638408
        0.0000017825   0.0077514448   0.0022456473   0.0000047521   0.0341327480
       -0.3006994678  -0.0000301613  -0.0122144861   0.0099648780  -0.0000031383
       -0.0078617097  -0.0016658686   0.0000046517  -0.0060061653  -0.0005829954
       -0.0000020037
       -0.0000012253  -0.0000088539  -0.0464051326   0.0000235770   0.0000427601
        0.1175239613  -0.0000182511  -0.0000042154  -0.0445286084  -0.0000023411
        0.0000059681  -0.0021861354   0.0000000640  -0.0000001010  -0.0020305969
       -0.0000028210  -0.0000035257   0.0018473818  -0.0000001440   0.0000001092
       -0.0000354853   0.0000002316  -0.0000011065   0.0052204381   0.0000052990
       -0.0000034189   0.0055560925  -0.0000008934  -0.0000010633  -0.0000183325
       -0.0000003090   0.0000064343  -0.0045350188  -0.0000010463  -0.0000023697
        0.0012788751   0.0000001227  -0.0000007672   0.0034700769   0.0000041687
       -0.0000330652  -0.0359282647  -0.0000091303   0.0000057443  -0.0044875592
        0.0000022762  -0.0000010432   0.0039717872   0.0000004225  -0.0000014859
        0.0012865208
       -0.0747862557  -0.0386790080  -0.0000135486  -0.2542161930   0.1166305263
       -0.0000182511   0.6066533375  -0.0723590181   0.0000360167  -0.0962448996
        0.0039678494  -0.0000068584   0.0276419358  -0.0162092374  -0.0000024066
       -0.0165898778   0.0292424185   0.0000045966  -0.0035956718  -0.0022393669
        0.0000000208   0.0004750521   0.0011158689   0.0000025830  -0.0063758785
        0.0404822001   0.0000009625  -0.0017986299  -0.0044179215  -0.0000003147
        0.0163939175  -0.0113519927   0.0000058368  -0.0009036195   0.0071499431
       -0.0000047334  -0.0093543424  -0.0034512201  -0.0000001118  -0.0046795177
        0.0053194111   0.0000058948  -0.1032042077  -0.0257104185  -0.0000117352
       -0.0860708265  -0.0070762850   0.0000129866   0.0066556771  -0.0224137491
       -0.0000109378
        0.0077644557   0.0289043175   0.0000097166   0.0733040243  -0.1265795634
       -0.0000042154  -0.0723590181   0.6024151830   0.0000512587   0.0354353218
       -0.2317651050  -0.0000326958  -0.0472952087  -0.0345254360  -0.0000107362
        0.0165775278  -0.0204604626  -0.0000011850  -0.0018764840  -0.0009898566
        0.0000006170   0.0010107633   0.0004232725   0.0000019493   0.0379990191
       -0.0343058531   0.0000059359  -0.0057238901  -0.0047949160   0.0000015409
       -0.0097529769  -0.0004214342  -0.0000021013   0.0011107723  -0.0029296869
        0.0000002540   0.0007159271   0.0023234397  -0.0000001927   0.0258285726
       -0.0124684173  -0.0000046938  -0.0306638589  -0.1001972302  -0.0000183864
       -0.0017002889   0.0184903754  -0.0000092957  -0.0303746584  -0.0831186268
        0.0000122300
        0.0000018607   0.0000150839   0.0002810204  -0.0000373013  -0.0000053033
       -0.0445286084   0.0000360167   0.0000512587   0.1140860707   0.0000009380
       -0.0000343219  -0.0533077428  -0.0000047974  -0.0000092314   0.0025683059
        0.0000054860  -0.0000068598  -0.0035757763  -0.0000020147  -0.0000011827
        0.0062516168  -0.0000003887   0.0000002500  -0.0000848248   0.0000000905
       -0.0000018212   0.0087989277  -0.0000008805  -0.0000012249  -0.0016750680
       -0.0000002486   0.0000021550   0.0096788867  -0.0000000488  -0.0000030457
       -0.0014329213   0.0000001926  -0.0000003535  -0.0012490552   0.0000047248
       -0.0000016439   0.0029676863  -0.0000643878  -0.0000541700  -0.0743969710
        0.0000537511   0.0000010554   0.0173972013   0.0000070075   0.0000493553
        0.0182212521
        0.0055466216  -0.0335733511  -0.0000041160   0.0103955278   0.0286788825
       -0.0000023411  -0.0962448996   0.0354353218   0.0000009380   0.6476289273
       -0.0203447817   0.0000105849  -0.1734197050  -0.1226412925  -0.0000140448
       -0.0711652533   0.0255398571   0.0000015454   0.0036576520  -0.0008371227
       -0.0000022603  -0.0043742267   0.0011326331   0.0000011426  -0.2732170741
        0.0957741464   0.0000085907  -0.0471086167  -0.0001500359  -0.0000037287
       -0.0242239964   0.0094756218  -0.0000125160   0.0036641628  -0.0110284596
        0.0000111175   0.0091756505   0.0051794092   0.0000068565  -0.0041708883
        0.0024954525  -0.0000025650   0.0312630055  -0.0115979987  -0.0000194096
       -0.0117951570   0.0132228601   0.0000133169  -0.0056117304  -0.0167611421
        0.0000068891
       -0.0263279659  -0.0320320548  -0.0000090899   0.0670734680  -0.0150146162
        0.0000059681   0.0039678494  -0.2317651050  -0.0000343219  -0.0203447817
        0.6000490691   0.0000582542  -0.0712694406  -0.1681822435  -0.0000049154
       -0.0256707179   0.0406491228   0.0000068926  -0.0239841829  -0.0212647047
       -0.0000021547   0.0016848616  -0.0004156538  -0.0000011913   0.1174137102
       -0.1446386335  -0.0000099413  -0.0075701684   0.0204353629   0.0000015407
        0.0123226387  -0.0058911494   0.0000061047  -0.0009164287   0.0052521385
       -0.0000042648  -0.0058318775  -0.0030906121  -0.0000043524   0.0002182962
       -0.0001668565   0.0000009283  -0.0332141445  -0.0424663720   0.0000195743
        0.0142875365  -0.0097824843  -0.0000171593  -0.0018386526   0.0083247925
       -0.0000118720
       -0.0000055670  -0.0000080485  -0.0064966559   0.0000111134   0.0000010865
       -0.0021861354  -0.0000068584  -0.0000326958  -0.0533077428   0.0000105849
        0.0000582542   0.1468879012  -0.0000066195  -0.0000117274  -0.0574613796
       -0.0000082633   0.0000116851  -0.0022173852  -0.0000012770  -0.0000021441
        0.0023244721   0.0000009464  -0.0000013485   0.0100222243   0.0000063853
       -0.0000065462  -0.0429787952  -0.0000014463   0.0000005454  -0.0020208576
        0.0000057582  -0.0000035417   0.0008958381  -0.0000013243   0.0000013247
       -0.0002839339  -0.0000031199   0.0000003077  -0.0003877848  -0.0000009469
       -0.0000004872   0.0066576636   0.0000031251  -0.0000106763  -0.0025852811
       -0.0000031422   0.0000023691  -0.0008032636   0.0000006515   0.0000016430
        0.0039411159
       -0.0016547990   0.0798090183   0.0000069993  -0.0473251219  -0.0088777441
        0.0000000640   0.0276419358  -0.0472952087  -0.0000047974  -0.1734197050
       -0.0712694406  -0.0000066195   0.6752100418  -0.0626449903   0.0000016970
       -0.3385101360   0.0683135059   0.0000070242  -0.0476164711   0.0392536897
        0.0000027384  -0.0217858340   0.0083576659   0.0000000937  -0.0822235918
       -0.0072576032  -0.0000049992   0.0018547547   0.0058163173   0.0000008217
        0.0140359548  -0.0051393902   0.0000038105  -0.0022294308   0.0064651770
       -0.0000042530  -0.0041341673  -0.0024371788  -0.0000034287  -0.0001990613
       -0.0005186096  -0.0000001747  -0.0023110954   0.0008226822   0.0000050092
        0.0027383582  -0.0039394212  -0.0000026516  -0.0000716317   0.0005415304
       -0.0000013340
        0.0320939134  -0.0210556812  -0.0000026700  -0.0057420108   0.0019714446
       -0.0000001010  -0.0162092374  -0.0345254360  -0.0000092314  -0.1226412925
       -0.1681822435  -0.0000117274  -0.0626449903   0.6600662732   0.0000492352
        0.1370951792  -0.1353641071  -0.0000074569   0.0397076859  -0.3075415768
       -0.0000182014  -0.0134270054   0.0067503639   0.0000002619   0.0072538009
        0.0151356248   0.0000012589   0.0026898608  -0.0000826980  -0.0000003514
        0.0009947901  -0.0071759969  -0.0000043377   0.0020655246  -0.0013563325
        0.0000025224  -0.0017171910   0.0003716521   0.0000018534   0.0000451810
        0.0003837576  -0.0000015933  -0.0000634735  -0.0068451817  -0.0000049157
        0.0021290135  -0.0002891391   0.0000019555  -0.0016297487  -0.0022607234
        0.0000034988
        0.0000063727  -0.0000049873   0.0020006783  -0.0000025412   0.0000025854
       -0.0020305969  -0.0000024066  -0.0000107362   0.0025683059  -0.0000140448
       -0.0000049154  -0.0574613796   0.0000016970   0.0000492352   0.1104035779
        0.0000093890  -0.0000034945  -0.0425204423   0.0000026982  -0.0000183187
       -0.0338496829   0.0000004221  -0.0000003742   0.0017437633  -0.0000013969
       -0.0000009847   0.0051851342  -0.0000005558   0.0000003053   0.0038544441
       -0.0000034980  -0.0000029102   0.0069942379   0.0000020445  -0.0000037065
       -0.0009857911   0.0000009407   0.0000031679  -0.0008960544   0.0000000312
        0.0000002392  -0.0002328346   0.0000027321  -0.0000041352   0.0081187668
       -0.0000008275   0.0000025857  -0.0007049824  -0.0000010567  -0.0000035557
       -0.0021871442
       -0.0791266710  -0.0203864351   0.0000055096   0.0272393555  -0.0169101128
       -0.0000028210  -0.0165898778   0.0165775278   0.0000054860  -0.0711652533
       -0.0256707179  -0.0000082633  -0.3385101360   0.1370951792   0.0000093890
        0.7142414775   0.0016639463  -0.0000084073  -0.0054423951   0.0045575703
        0.0000014574  -0.2136872172  -0.1300651340  -0.0000058616   0.0100159092
       -0.0083862946  -0.0000003135  -0.0037187167  -0.0011091802  -0.0000009429
       -0.0155878032   0.0300246416   0.0000020302  -0.0060465170   0.0040120053
       -0.0000012154   0.0010783467   0.0080131378   0.0000029359  -0.0039601299
       -0.0025398106   0.0000003987   0.0030428541   0.0018815294  -0.0000010587
       -0.0018397198   0.0017901806   0.0000021845   0.0000564940  -0.0005480331
       -0.0000005076
        0.0328396753  -0.2812284549  -0.0000151497  -0.0561464364  -0.0484125675
       -0.0000035257   0.0292424185  -0.0204604626  -0.0000068598   0.0255398571
        0.0406491228   0.0000116851   0.0683135059  -0.1353641071  -0.0000034945
        0.0016639463   0.6190677903   0.0000369892   0.0257188615  -0.0123084522
       -0.0000001452  -0.1289586046  -0.1363562495  -0.0000085350  -0.0210505061
        0.0023293426  -0.0000015364   0.0020424522   0.0024352716   0.0000001587
        0.0338281282  -0.0224353568   0.0000096003  -0.0000111647   0.0055172334
       -0.0000094432  -0.0075379745  -0.0067643927  -0.0000063412  -0.0026178623
       -0.0017141738  -0.0000015115  -0.0062721339  -0.0054133653   0.0000041312
        0.0045381417  -0.0028750022  -0.0000043583  -0.0011323044   0.0033338237
       -0.0000016641
        0.0000106747  -0.0000150688  -0.0496943885  -0.0000067172  -0.0000041620
        0.0018473818   0.0000045966  -0.0000011850  -0.0035757763   0.0000015454
        0.0000068926  -0.0022173852   0.0000070242  -0.0000074569  -0.0425204423
       -0.0000084073   0.0000369892   0.1193547350   0.0000020304  -0.0000012112
       -0.0002307370  -0.0000071805  -0.0000055930  -0.0365647233   0.0000004778
       -0.0000017692   0.0045703548  -0.0000004113   0.0000001435   0.0014691231
       -0.0000036552  -0.0000066996  -0.0032815971  -0.0000001851   0.0000009653
        0.0032890534   0.0000018165   0.0000017630   0.0009866511   0.0000000375
       -0.0000005251   0.0066888011  -0.0000064567  -0.0000065615  -0.0002068680
        0.0000039570   0.0000009709   0.0001706206   0.0000008533   0.0000025077
       -0.0000848032
       -0.0044103783   0.0017355949   0.0000014729  -0.0005645014  -0.0001109740
       -0.0000001440  -0.0035956718  -0.0018764840  -0.0000020147   0.0036576520
       -0.0239841829  -0.0000012770  -0.0476164711   0.0397076859   0.0000026982
       -0.0054423951   0.0257188615   0.0000020304   0.0560595618  -0.0433281862
       -0.0000027827   0.0005719368   0.0009964099  -0.0000002546   0.0012053760
        0.0008911570   0.0000003642   0.0002358797   0.0001196443  -0.0000000090
        0.0004414122   0.0012116901   0.0000015149  -0.0006416987   0.0006049083
       -0.0000012784   0.0000759594  -0.0001071280  -0.0000004427  -0.0000864443
        0.0000048142  -0.0000002295   0.0004732934  -0.0009167598  -0.0000017312
        0.0000057419   0.0000911512   0.0000005322  -0.0003692526  -0.0007582026
        0.0000015512
        0.0018022589   0.0010789267  -0.0000003520  -0.0007439891   0.0008420504
        0.0000001092  -0.0022393669  -0.0009898566  -0.0000011827  -0.0008371227
       -0.0212647047  -0.0000021441   0.0392536897  -0.3075415768  -0.0000183187
        0.0045575703  -0.0123084522  -0.0000012112  -0.0433281862   0.3398959897
        0.0000223688  -0.0006505621   0.0009587903   0.0000001335   0.0015643692
        0.0008437657   0.0000003761   0.0003550793   0.0002574652   0.0000000230
        0.0004946984  -0.0008708381   0.0000002148   0.0000757319   0.0003552661
       -0.0000001035  -0.0004352786  -0.0001361678  -0.0000000898  -0.0000116128
        0.0000192464   0.0000000424  -0.0000170918  -0.0013745006  -0.0000002925
        0.0004589259   0.0001365073   0.0000000164  -0.0002991132   0.0000980888
        0.0000004103
       -0.0000002181  -0.0000003414   0.0087866693  -0.0000002359   0.0000013345
       -0.0000354853   0.0000000208   0.0000006170   0.0062516168  -0.0000022603
       -0.0000021547   0.0023244721   0.0000027384  -0.0000182014  -0.0338496829
        0.0000014574  -0.0000001452  -0.0002307370  -0.0000027827   0.0000223688
        0.0238811978  -0.0000001738   0.0000005227  -0.0029617366   0.0000008222
        0.0000001374  -0.0025389634  -0.0000000671  -0.0000001521   0.0000166243
        0.0000018518  -0.0000050665   0.0006516453   0.0000000545   0.0000015747
       -0.0005149848  -0.0000014302   0.0000011381   0.0000247530   0.0000001804
        0.0000005826  -0.0013517242  -0.0000005745  -0.0000076461  -0.0005223831
        0.0000004399   0.0000030422   0.0000283610   0.0000001773   0.0000023893
        0.0000403576
        0.0023592488  -0.0014462512  -0.0000000935  -0.0001097114   0.0012820524
        0.0000002316   0.0004750521   0.0010107633  -0.0000003887  -0.0043742267
        0.0016848616   0.0000009464  -0.0217858340  -0.0134270054   0.0000004221
       -0.2136872172  -0.1289586046  -0.0000071805   0.0005719368  -0.0006505621
       -0.0000001738   0.2382052430   0.1402631284   0.0000070321  -0.0005918286
       -0.0009262267  -0.0000003261  -0.0003675679   0.0000104574  -0.0000003288
        0.0009902874   0.0003171341  -0.0000003491  -0.0003690083  -0.0003986928
        0.0000000722  -0.0012056221   0.0012558500   0.0000001414   0.0001923337
        0.0002051215   0.0000002061  -0.0008027817  -0.0006990369   0.0000004289
        0.0005074099  -0.0001083236  -0.0000004890  -0.0000077138   0.0005853346
       -0.0000001512
       -0.0216883249  -0.0190904046  -0.0000001047   0.0004622457  -0.0059029055
       -0.0000011065   0.0011158689   0.0004232725   0.0000002500   0.0011326331
       -0.0004156538  -0.0000013485   0.0083576659   0.0067503639  -0.0000003742
       -0.1300651340  -0.1363562495  -0.0000055930   0.0009964099   0.0009587903
        0.0000005227   0.1402631284   0.1544016355   0.0000075270   0.0014622548
        0.0000161003   0.0000003529   0.0000459160  -0.0000710789   0.0000002248
       -0.0019227405  -0.0021275018   0.0000004919  -0.0002724050   0.0016781583
       -0.0000009780   0.0015073404   0.0007563843   0.0000006861  -0.0011660252
       -0.0007325313  -0.0000002128  -0.0005964095  -0.0007231447   0.0000008879
        0.0004891174  -0.0000711164  -0.0000002716  -0.0001215415   0.0005058813
       -0.0000009541
       -0.0000021172   0.0000055062   0.0028803456  -0.0000024026  -0.0000008565
        0.0052204381   0.0000025830   0.0000019493  -0.0000848248   0.0000011426
       -0.0000011913   0.0100222243   0.0000000937   0.0000002619   0.0017437633
       -0.0000058616  -0.0000085350  -0.0365647233  -0.0000002546   0.0000001335
       -0.0029617366   0.0000070321   0.0000075270   0.0240292240   0.0000003000
        0.0000004274  -0.0002878015   0.0000002207   0.0000000062  -0.0005992572
        0.0000004409  -0.0000050930  -0.0021723809   0.0000007828   0.0000019303
        0.0000459226  -0.0000010129   0.0000001572   0.0001038760   0.0000006888
        0.0000004592   0.0000154027  -0.0000049618  -0.0000060977  -0.0020589392
        0.0000023156   0.0000018731   0.0001576373   0.0000010107   0.0000015423
        0.0005108296
       -0.0091211000   0.0164320694   0.0000007945  -0.0048583171   0.0020868856
        0.0000052990  -0.0063758785   0.0379990191   0.0000000905  -0.2732170741
        0.1174137102   0.0000063853  -0.0822235918   0.0072538009  -0.0000013969
        0.0100159092  -0.0210505061   0.0000004778   0.0012053760   0.0015643692
        0.0000008222  -0.0005918286   0.0014622548   0.0000003000   0.5522465883
        0.0211368975  -0.0000022184  -0.1831571000  -0.1507166473  -0.0000031674
        0.0213127173  -0.0087398945   0.0000100772  -0.0031696176   0.0089050012
       -0.0000089322  -0.0082157484  -0.0040655793  -0.0000059207  -0.0009888349
       -0.0010339072   0.0000008316  -0.0294942036  -0.0103775101   0.0000137141
        0.0138482108  -0.0251591507  -0.0000151866   0.0027844929   0.0068891872
       -0.0000019701
        0.0048277028  -0.0044578933   0.0000004491  -0.0004384614  -0.0077167122
       -0.0000034189   0.0404822001  -0.0343058531  -0.0000018212   0.0957741464
       -0.1446386335  -0.0000065462  -0.0072576032   0.0151356248  -0.0000009847
       -0.0083862946   0.0023293426  -0.0000017692   0.0008911570   0.0008437657
        0.0000001374  -0.0009262267   0.0000161003   0.0000004274   0.0211368975
        0.3668730813   0.0000170343  -0.1427917025  -0.1763552264  -0.0000094816
       -0.0088549754   0.0033100876  -0.0000041902   0.0014373874  -0.0034552689
        0.0000034502   0.0033573224   0.0017461160   0.0000029975   0.0018018976
       -0.0001121808  -0.0000009907   0.0039735255   0.0094429637  -0.0000034048
       -0.0064969097  -0.0232047584   0.0000041268   0.0014699369  -0.0054505554
        0.0000039848
       -0.0000023335   0.0000009860   0.0002422784   0.0000005360  -0.0000016748
        0.0055560925   0.0000009625   0.0000059359   0.0087989277   0.0000085907
       -0.0000099413  -0.0429787952  -0.0000049992   0.0000012589   0.0051851342
       -0.0000003135  -0.0000015364   0.0045703548   0.0000003642   0.0000003761
       -0.0025389634  -0.0000003261   0.0000003529  -0.0002878015  -0.0000022184
        0.0000170343   0.0364971365  -0.0000032281  -0.0000089536  -0.0155532638
        0.0000050289  -0.0000035372  -0.0017588414  -0.0000012213   0.0000013598
        0.0002399970  -0.0000022409   0.0000005358   0.0001761520  -0.0000002908
       -0.0000004344  -0.0000521478   0.0000007183  -0.0000053781  -0.0011791869
        0.0000031926   0.0000001887   0.0038150420  -0.0000022214   0.0000034275
       -0.0007321151
        0.0021496363  -0.0026758171   0.0000001470  -0.0004787898  -0.0000259307
       -0.0000008934  -0.0017986299  -0.0057238901  -0.0000008805  -0.0471086167
       -0.0075701684  -0.0000014463   0.0018547547   0.0026898608  -0.0000005558
       -0.0037187167   0.0020424522  -0.0000004113   0.0002358797   0.0003550793
       -0.0000000671  -0.0003675679   0.0000459160   0.0000002207  -0.1831571000
       -0.1427917025  -0.0000032281   0.2347498461   0.1448852670   0.0000048782
       -0.0042665583   0.0015324636  -0.0000014725   0.0006306507  -0.0017771759
        0.0000011008   0.0018323600   0.0010135910   0.0000009554   0.0001396346
        0.0001403917  -0.0000001391   0.0056956998   0.0069918510  -0.0000012368
       -0.0047152094   0.0018191180   0.0000009436  -0.0016772731  -0.0009513058
        0.0000020852
        0.0001442039  -0.0022654576   0.0000001892   0.0011594431   0.0000168196
       -0.0000010633  -0.0044179215  -0.0047949160  -0.0000012249  -0.0001500359
        0.0204353629   0.0000005454   0.0058163173  -0.0000826980   0.0000003053
       -0.0011091802   0.0024352716   0.0000001435   0.0001196443   0.0002574652
       -0.0000001521   0.0000104574  -0.0000710789   0.0000000062  -0.1507166473
       -0.1763552264  -0.0000089536   0.1448852670   0.1537494604   0.0000091880
       -0.0011662457   0.0003284534   0.0000000833   0.0000198093  -0.0004136007
        0.0000001126   0.0005257271   0.0004243152   0.0000002370   0.0002884394
        0.0000446946  -0.0000003042   0.0216626613  -0.0049205293  -0.0000075451
       -0.0132752651   0.0071837597   0.0000100757  -0.0037966743   0.0040279043
       -0.0000016429
       -0.0000011342   0.0000001081   0.0002903910   0.0000008037   0.0000004667
       -0.0000183325  -0.0000003147   0.0000015409  -0.0016750680  -0.0000037287
        0.0000015407  -0.0020208576   0.0000008217  -0.0000003514   0.0038544441
       -0.0000009429   0.0000001587   0.0014691231  -0.0000000090   0.0000000230
        0.0000166243  -0.0000003288   0.0000002248  -0.0005992572  -0.0000031674
       -0.0000094816  -0.0155532638   0.0000048782   0.0000091880   0.0175181592
        0.0000047524  -0.0000019556  -0.0001577365  -0.0000015950   0.0000005968
        0.0000731290  -0.0000018006   0.0000005946   0.0002516489  -0.0000004518
       -0.0000002729   0.0000553667   0.0000060799  -0.0000048046  -0.0000742250
       -0.0000037054   0.0000031456  -0.0041680904  -0.0000001574  -0.0000007218
        0.0007379448
       -0.1151691315   0.0263914027   0.0000601402  -0.0626191836  -0.0069889663
       -0.0000003090   0.0163939175  -0.0097529769  -0.0000002486  -0.0242239964
        0.0123226387   0.0000057582   0.0140359548   0.0009947901  -0.0000034980
       -0.0155878032   0.0338281282  -0.0000036552   0.0004414122   0.0004946984
        0.0000018518   0.0009902874  -0.0019227405   0.0000004409   0.0213127173
       -0.0088549754   0.0000050289  -0.0042665583  -0.0011662457   0.0000047524
        0.6137913645   0.1145295044   0.0001108314  -0.0980332481   0.0335407302
       -0.0000220657  -0.3395297145  -0.1856880234  -0.0001613844   0.0002625342
       -0.0013944908  -0.0000009804  -0.0188317188  -0.0148984848   0.0000093997
        0.0099731921  -0.0007710223  -0.0000030015   0.0010599743   0.0093360334
       -0.0000030608
        0.0191197003  -0.0812445793  -0.0000241452   0.0014792217   0.0124479499
        0.0000064343  -0.0113519927  -0.0004214342   0.0000021550   0.0094756218
       -0.0058911494  -0.0000035417  -0.0051393902  -0.0071759969  -0.0000029102
        0.0300246416  -0.0224353568  -0.0000066996   0.0012116901  -0.0008708381
       -0.0000050665   0.0003171341  -0.0021275018  -0.0000050930  -0.0087398945
        0.0033100876  -0.0000035372   0.0015324636   0.0003284534  -0.0000019556
        0.1145295044   0.8412324069  -0.0001422092   0.0568158757  -0.4887028919
        0.0003094894  -0.2079794666  -0.2511296790  -0.0001357431  -0.0026671986
       -0.0010134328   0.0000050658   0.0058241430   0.0078415699  -0.0000030793
       -0.0050086150  -0.0000008579   0.0000039433   0.0005565614  -0.0041467496
        0.0000068929
        0.0000138373  -0.0000026472  -0.0745014738  -0.0000154290  -0.0000055651
       -0.0045350188   0.0000058368  -0.0000021013   0.0096788867  -0.0000125160
        0.0000061047   0.0008958381   0.0000038105  -0.0000043377   0.0069942379
        0.0000020302   0.0000096003  -0.0032815971   0.0000015149   0.0000002148
        0.0006516453  -0.0000003491   0.0000004919  -0.0021723809   0.0000100772
       -0.0000041902  -0.0017588414  -0.0000014725   0.0000000833  -0.0001577365
        0.0001108314  -0.0001422092   0.2037188095  -0.0000312467   0.0002057397
       -0.0655406193  -0.0000842639  -0.0000583437  -0.0669067523   0.0000005606
        0.0000005166  -0.0037102835  -0.0000090071  -0.0000049037   0.0017918674
        0.0000045195  -0.0000011302  -0.0009812428   0.0000012659   0.0000026769
       -0.0001853386
       -0.0148386860   0.0496434856  -0.0000255345  -0.0024396587   0.0044365422
       -0.0000010463  -0.0009036195   0.0011107723  -0.0000000488   0.0036641628
       -0.0009164287  -0.0000013243  -0.0022294308   0.0020655246   0.0000020445
       -0.0060465170  -0.0000111647  -0.0000001851  -0.0006416987   0.0000757319
        0.0000000545  -0.0003690083  -0.0002724050   0.0000007828  -0.0031696176
        0.0014373874  -0.0000012213   0.0006306507   0.0000198093  -0.0000015950
       -0.0980332481   0.0568158757  -0.0000312467   0.1191829286  -0.0472035905
        0.0000485760   0.0054686152  -0.0690624472   0.0000146324  -0.0014478222
        0.0009479434  -0.0000005796   0.0033166319   0.0019167254  -0.0000020165
       -0.0017310012   0.0000887917  -0.0000005036  -0.0004126812  -0.0010925535
       -0.0000007884
        0.0414383950  -0.0561204709   0.0000504146  -0.0162378899  -0.0027638408
       -0.0000023697   0.0071499431  -0.0029296869  -0.0000030457  -0.0110284596
        0.0052521385   0.0000013247   0.0064651770  -0.0013563325  -0.0000037065
        0.0040120053   0.0055172334   0.0000009653   0.0006049083   0.0003552661
        0.0000015747  -0.0003986928   0.0016781583   0.0000019303   0.0089050012
       -0.0034552689   0.0000013598  -0.0017771759  -0.0004136007   0.0000005968
        0.0335407302  -0.4887028919   0.0002057397  -0.0472035905   0.6329871848
       -0.0003082002  -0.0238035434  -0.0877506001   0.0000562273   0.0013360385
        0.0008031360  -0.0000004398  -0.0066984222  -0.0067687624   0.0000027424
        0.0039421447  -0.0000695036  -0.0000018997  -0.0002465689   0.0037378414
       -0.0000032140
       -0.0000047647   0.0000238074   0.0175912428   0.0000130476   0.0000017825
        0.0012788751  -0.0000047334   0.0000002540  -0.0014329213   0.0000111175
       -0.0000042648  -0.0002839339  -0.0000042530   0.0000025224  -0.0009857911
       -0.0000012154  -0.0000094432   0.0032890534  -0.0000012784  -0.0000001035
       -0.0005149848   0.0000000722  -0.0000009780   0.0000459226  -0.0000089322
        0.0000034502   0.0002399970   0.0000011008   0.0000001126   0.0000731290
       -0.0000220657   0.0003094894  -0.0655406193   0.0000485760  -0.0003082002
        0.0229628592  -0.0000252066  -0.0000215680   0.0226169820  -0.0000005203
       -0.0000006830   0.0005071405  -0.0000005735   0.0000083372  -0.0001067466
       -0.0000018931  -0.0000013967   0.0000940755   0.0000015224  -0.0000031182
        0.0001657199
       -0.0826855977  -0.0304324595  -0.0000362948   0.0007185864   0.0077514448
        0.0000001227  -0.0093543424   0.0007159271   0.0000001926   0.0091756505
       -0.0058318775  -0.0000031199  -0.0041341673  -0.0017171910   0.0000009407
        0.0010783467  -0.0075379745   0.0000018165   0.0000759594  -0.0004352786
       -0.0000014302  -0.0012056221   0.0015073404  -0.0000010129  -0.0082157484
        0.0033573224  -0.0000022409   0.0018323600   0.0005257271  -0.0000018006
       -0.3395297145  -0.2079794666  -0.0000842639   0.0054686152  -0.0238035434
       -0.0000252066   0.4238361205   0.2590051973   0.0001483763   0.0011136409
        0.0013551440   0.0000018074   0.0073265905   0.0075584769  -0.0000042245
       -0.0050208293   0.0000478950   0.0000034653  -0.0004798483  -0.0040866838
        0.0000028727
       -0.0181384492   0.0065054210  -0.0000134506   0.0061765064   0.0022456473
       -0.0000007672  -0.0034512201   0.0023234397  -0.0000003535   0.0051794092
       -0.0030906121   0.0000003077  -0.0024371788   0.0003716521   0.0000031679
        0.0080131378  -0.0067643927   0.0000017630  -0.0001071280  -0.0001361678
        0.0000011381   0.0012558500   0.0007563843   0.0000001572  -0.0040655793
        0.0017461160   0.0000005358   0.0010135910   0.0004243152   0.0000005946
       -0.1856880234  -0.2511296790  -0.0000583437  -0.0690624472  -0.0877506001
       -0.0000215680   0.2590051973   0.3327362227   0.0000880061   0.0010910034
        0.0005142972  -0.0000004609   0.0030824303   0.0026333112  -0.0000021419
       -0.0016439579   0.0001017688   0.0000016864  -0.0002231412  -0.0014871238
       -0.0000002712
       -0.0000057047  -0.0000109861   0.0179757848   0.0000041437   0.0000047521
        0.0034700769  -0.0000001118  -0.0000001927  -0.0012490552   0.0000068565
       -0.0000043524  -0.0003877848  -0.0000034287   0.0000018534  -0.0008960544
        0.0000029359  -0.0000063412   0.0009866511  -0.0000004427  -0.0000000898
        0.0000247530   0.0000001414   0.0000006861   0.0001038760  -0.0000059207
        0.0000029975   0.0001761520   0.0000009554   0.0000002370   0.0002516489
       -0.0001613844  -0.0001357431  -0.0669067523   0.0000146324   0.0000562273
        0.0226169820   0.0001483763   0.0000880061   0.0241452634   0.0000013486
        0.0000012567   0.0002583288  -0.0000023602   0.0000017277  -0.0009185528
       -0.0000011867   0.0000008649   0.0002753539   0.0000011498  -0.0000009036
        0.0000733288
        0.0028787134  -0.0217206213  -0.0000047435  -0.0421660520   0.0341327480
        0.0000041687  -0.0046795177   0.0258285726   0.0000047248  -0.0041708883
        0.0002182962  -0.0000009469  -0.0001990613   0.0000451810   0.0000000312
       -0.0039601299  -0.0026178623   0.0000000375  -0.0000864443  -0.0000116128
        0.0000001804   0.0001923337  -0.0011660252   0.0000006888  -0.0009888349
        0.0018018976  -0.0000002908   0.0001396346   0.0002884394  -0.0000004518
        0.0002625342  -0.0026671986   0.0000005606  -0.0014478222   0.0013360385
       -0.0000005203   0.0011136409   0.0010910034   0.0000013486   0.0537005116
       -0.0366441564  -0.0000080323  -0.0010053471   0.0031563261   0.0000004712
        0.0018232316  -0.0008170510  -0.0000020331  -0.0014065023  -0.0022539753
        0.0000048070
       -0.0006460417  -0.0194147676  -0.0000026252   0.0339574431  -0.3006994678
       -0.0000330652   0.0053194111  -0.0124684173  -0.0000016439   0.0024954525
       -0.0001668565  -0.0000004872  -0.0005186096   0.0003837576   0.0000002392
       -0.0025398106  -0.0017141738  -0.0000005251   0.0000048142   0.0000192464
        0.0000005826   0.0002051215  -0.0007325313   0.0000004592  -0.0010339072
       -0.0001121808  -0.0000004344   0.0001403917   0.0000446946  -0.0000002729
       -0.0013944908  -0.0010134328   0.0000005166   0.0009479434   0.0008031360
       -0.0000006830   0.0013551440   0.0005142972   0.0000012567  -0.0366441564
        0.3347257980   0.0000335935   0.0011402727  -0.0001183538   0.0000001289
       -0.0008133457  -0.0002142793  -0.0000000906  -0.0019756322   0.0001635312
        0.0000030508
       -0.0000006198  -0.0000057564   0.0031647397   0.0000018734  -0.0000301613
       -0.0359282647   0.0000058948  -0.0000046938   0.0029676863  -0.0000025650
        0.0000009283   0.0066576636  -0.0000001747  -0.0000015933  -0.0002328346
        0.0000003987  -0.0000015115   0.0066888011  -0.0000002295   0.0000000424
       -0.0013517242   0.0000002061  -0.0000002128   0.0000154027   0.0000008316
       -0.0000009907  -0.0000521478  -0.0000001391  -0.0000003042   0.0000553667
       -0.0000009804   0.0000050658  -0.0037102835  -0.0000005796  -0.0000004398
        0.0005071405   0.0000018074  -0.0000004609   0.0002583288  -0.0000080323
        0.0000335935   0.0239419502  -0.0000028828   0.0000052037  -0.0036911871
        0.0000000428  -0.0000025546   0.0002176360   0.0000051483   0.0000038455
        0.0004917261
        0.0106591732   0.0140353415   0.0000025426  -0.0636067930  -0.0122144861
       -0.0000091303  -0.1032042077  -0.0306638589  -0.0000643878   0.0312630055
       -0.0332141445   0.0000031251  -0.0023110954  -0.0000634735   0.0000027321
        0.0030428541  -0.0062721339  -0.0000064567   0.0004732934  -0.0000170918
       -0.0000005745  -0.0008027817  -0.0005964095  -0.0000049618  -0.0294942036
        0.0039735255   0.0000007183   0.0056956998   0.0216626613   0.0000060799
       -0.0188317188   0.0058241430  -0.0000090071   0.0033166319  -0.0066984222
       -0.0000005735   0.0073265905   0.0030824303  -0.0000023602  -0.0010053471
        0.0011402727  -0.0000028828   0.6797757458  -0.1476741268  -0.0001369559
       -0.4164626455   0.1034127693   0.0002807140  -0.1058342014   0.0842830036
       -0.0000586214
        0.0164037933   0.0068324769   0.0000057159  -0.0261631611   0.0099648780
        0.0000057443  -0.0257104185  -0.1001972302  -0.0000541700  -0.0115979987
       -0.0424663720  -0.0000106763   0.0008226822  -0.0068451817  -0.0000041352
        0.0018815294  -0.0054133653  -0.0000065615  -0.0009167598  -0.0013745006
       -0.0000076461  -0.0006990369  -0.0007231447  -0.0000060977  -0.0103775101
        0.0094429637  -0.0000053781   0.0069918510  -0.0049205293  -0.0000048046
       -0.0148984848   0.0078415699  -0.0000049037   0.0019167254  -0.0067687624
        0.0000083372   0.0075584769   0.0026333112   0.0000017277   0.0031563261
       -0.0001183538   0.0000052037  -0.1476741268   0.7625885653  -0.0001043767
        0.1375868662  -0.1413152230  -0.0001164403   0.0617192462  -0.4891611020
        0.0002984613
       -0.0000077688  -0.0000016857   0.0096373702   0.0000123654  -0.0000031383
       -0.0044875592  -0.0000117352  -0.0000183864  -0.0743969710  -0.0000194096
        0.0000195743  -0.0025852811   0.0000050092  -0.0000049157   0.0081187668
       -0.0000010587   0.0000041312  -0.0002068680  -0.0000017312  -0.0000002925
       -0.0005223831   0.0000004289   0.0000008879  -0.0020589392   0.0000137141
       -0.0000034048  -0.0011791869  -0.0000012368  -0.0000075451  -0.0000742250
        0.0000093997  -0.0000030793   0.0017918674  -0.0000020165   0.0000027424
       -0.0001067466  -0.0000042245  -0.0000021419  -0.0009185528   0.0000004712
        0.0000001289  -0.0036911871  -0.0001369559  -0.0001043767   0.2030642133
        0.0001696458  -0.0000565267  -0.0662115062  -0.0000248972   0.0001780283
       -0.0661728116
       -0.0100103667  -0.0043878047  -0.0000046528   0.0056756758  -0.0078617097
        0.0000022762  -0.0860708265  -0.0017002889   0.0000537511  -0.0117951570
        0.0142875365  -0.0000031422   0.0027383582   0.0021290135  -0.0000008275
       -0.0018397198   0.0045381417   0.0000039570   0.0000057419   0.0004589259
        0.0000004399   0.0005074099   0.0004891174   0.0000023156   0.0138482108
       -0.0064969097   0.0000031926  -0.0047152094  -0.0132752651  -0.0000037054
        0.0099731921  -0.0050086150   0.0000045195  -0.0017310012   0.0039421447
       -0.0000018931  -0.0050208293  -0.0016439579  -0.0000011867   0.0018232316
       -0.0008133457   0.0000000428  -0.4164626455   0.1375868662   0.0001696458
        0.5323807308  -0.1648326979  -0.0002671580  -0.0293067958   0.0425888487
        0.0000424253
        0.0009041470   0.0040684386   0.0000006475  -0.0073010482  -0.0016658686
       -0.0000010432  -0.0070762850   0.0184903754   0.0000010554   0.0132228601
       -0.0097824843   0.0000023691  -0.0039394212  -0.0002891391   0.0000025857
        0.0017901806  -0.0028750022   0.0000009709   0.0000911512   0.0001365073
        0.0000030422  -0.0001083236  -0.0000711164   0.0000018731  -0.0251591507
       -0.0232047584   0.0000001887   0.0018191180   0.0071837597   0.0000031456
       -0.0007710223  -0.0000008579  -0.0000011302   0.0000887917  -0.0000695036
       -0.0000013967   0.0000478950   0.0001017688   0.0000008649  -0.0008170510
       -0.0002142793  -0.0000025546   0.1034127693  -0.1413152230  -0.0000565267
       -0.1648326979   0.2042815110   0.0000801076   0.0886280870  -0.0547741282
       -0.0000341994
        0.0000044598   0.0000008910  -0.0011378263  -0.0000105961   0.0000046517
        0.0039717872   0.0000129866  -0.0000092957   0.0173972013   0.0000133169
       -0.0000171593  -0.0008032636  -0.0000026516   0.0000019555  -0.0007049824
        0.0000021845  -0.0000043583   0.0001706206   0.0000005322   0.0000000164
        0.0000283610  -0.0000004890  -0.0000002716   0.0001576373  -0.0000151866
        0.0000041268   0.0038150420   0.0000009436   0.0000100757  -0.0041680904
       -0.0000030015   0.0000039433  -0.0009812428  -0.0000005036  -0.0000018997
        0.0000940755   0.0000034653   0.0000016864   0.0002753539  -0.0000020331
       -0.0000000906   0.0002176360   0.0002807140  -0.0001164403  -0.0662115062
       -0.0002671580   0.0000801076   0.0260235586  -0.0000169834   0.0000420610
        0.0218556383
        0.0014332408  -0.0001166698   0.0000019427  -0.0065089425  -0.0060061653
        0.0000004225   0.0066556771  -0.0303746584   0.0000070075  -0.0056117304
       -0.0018386526   0.0000006515  -0.0000716317  -0.0016297487  -0.0000010567
        0.0000564940  -0.0011323044   0.0000008533  -0.0003692526  -0.0002991132
        0.0000001773  -0.0000077138  -0.0001215415   0.0000010107   0.0027844929
        0.0014699369  -0.0000022214  -0.0016772731  -0.0037966743  -0.0000001574
        0.0010599743   0.0005565614   0.0000012659  -0.0004126812  -0.0002465689
        0.0000015224  -0.0004798483  -0.0002231412   0.0000011498  -0.0014065023
       -0.0019756322   0.0000051483  -0.1058342014   0.0617192462  -0.0000248972
       -0.0293067958   0.0886280870  -0.0000169834   0.1396966940  -0.1046129610
        0.0000241642
       -0.0067609495  -0.0047492228  -0.0000047427   0.0160156177  -0.0005829954
       -0.0000014859  -0.0224137491  -0.0831186268   0.0000493553  -0.0167611421
        0.0083247925   0.0000016430   0.0005415304  -0.0022607234  -0.0000035557
       -0.0005480331   0.0033338237   0.0000025077  -0.0007582026   0.0000980888
        0.0000023893   0.0005853346   0.0005058813   0.0000015423   0.0068891872
       -0.0054505554   0.0000034275  -0.0009513058   0.0040279043  -0.0000007218
        0.0093360334  -0.0041467496   0.0000026769  -0.0010925535   0.0037378414
       -0.0000031182  -0.0040866838  -0.0014871238  -0.0000009036  -0.0022539753
        0.0001635312   0.0000038455   0.0842830036  -0.4891611020   0.0001780283
        0.0425888487  -0.0547741282   0.0000420610  -0.1046129610   0.6255393641
       -0.0002729490
        0.0000057874   0.0000002413  -0.0015501774  -0.0000132109  -0.0000020037
        0.0012865208  -0.0000109378   0.0000122300   0.0182212521   0.0000068891
       -0.0000118720   0.0039411159  -0.0000013340   0.0000034988  -0.0021871442
       -0.0000005076  -0.0000016641  -0.0000848032   0.0000015512   0.0000004103
        0.0000403576  -0.0000001512  -0.0000009541   0.0005108296  -0.0000019701
        0.0000039848  -0.0007321151   0.0000020852  -0.0000016429   0.0007379448
       -0.0000030608   0.0000068929  -0.0001853386  -0.0000007884  -0.0000032140
        0.0001657199   0.0000028727  -0.0000002712   0.0000733288   0.0000048070
        0.0000030508   0.0004917261  -0.0000586214   0.0002984613  -0.0661728116
        0.0000424253  -0.0000341994   0.0218556383   0.0000241642  -0.0002729490
        0.0235879563
