           1           2   1.42013424472536     
           2           3   1.37120840278605     
           3           4   1.24555958563205     
           4           5   1.28071872400136     
           1           6   1.29183270889916     
           5           6   1.54290117827930     
           5           7  0.952461716044054     
           6           8  0.951550792137295     
           4           9   1.24638727568599     
           9          10  0.767288677823711     
           1          11  0.994198475824360     
          11          12   1.43119431931124     
          11          13   1.43295647178086     
          12          13  0.332392802437887     
           2          14  0.946640998158428     
           3          15   1.02333285722969     
          15          16   1.38782957318118     
          15          17   1.44542423957895     
          16          17  0.315173567658883     
