$hessian                                                                        
        0.6515807282  -0.0013981835  -0.0000111351  -0.3183494648  -0.0054105802
        0.0000063478  -0.0084367249  -0.0898668506   0.0000024594  -0.0558365097
        0.0256853654   0.0000003847   0.0512473285   0.0521307411  -0.0000022895
       -0.2014111117   0.0848741784   0.0000002887   0.0005795626  -0.0025685640
        0.0000002697  -0.0228981117   0.0213819393  -0.0000001356  -0.0004301880
       -0.0050409967   0.0000001160   0.0008614329  -0.0001810501   0.0000000019
       -0.0221673755  -0.0013323718   0.0000003072  -0.0694524530  -0.0777377174
        0.0000031720  -0.0041838029  -0.0014849604   0.0000002700  -0.0001467926
        0.0008452223  -0.0000001156  -0.0005486959   0.0000184243  -0.0000214781
        0.0001409269   0.0000669574   0.0000000159  -0.0005487484   0.0000184466
        0.0000215207
       -0.0013981835   0.6784142236  -0.0000168106  -0.0826914863  -0.0997931189
        0.0000032554  -0.0356107149   0.0039638008   0.0000006274   0.0229255133
       -0.0034175789  -0.0000004800  -0.0061610558  -0.0645779388   0.0000019060
        0.1624880883  -0.2325622326   0.0000022992  -0.0020557402  -0.0050363895
        0.0000003181  -0.0028671780   0.0036139672  -0.0000001010  -0.0010074213
       -0.0010032433   0.0000000378   0.0000340048   0.0002085539  -0.0000000133
        0.0225231620   0.0028466411  -0.0000005894  -0.0774740203  -0.2773939263
        0.0000092586   0.0009314381  -0.0060801998   0.0000002610   0.0001361398
        0.0009730367   0.0000000693   0.0000774407  -0.0001574181   0.0001300771
        0.0000725561   0.0001592341   0.0000000047   0.0000774574  -0.0001574112
       -0.0001301204
       -0.0000111351  -0.0000168106   0.1121281574   0.0000081648   0.0000016414
       -0.0438904271   0.0000011171   0.0000017737  -0.0020452141   0.0000004886
       -0.0000005706  -0.0043920465  -0.0000008464   0.0000006075   0.0019094636
       -0.0000017175   0.0000040023  -0.0462875974   0.0000001650   0.0000003409
        0.0072828470   0.0000005169  -0.0000005167  -0.0001174606   0.0000000090
        0.0000000931  -0.0000511982  -0.0000000225  -0.0000000125  -0.0000267341
       -0.0000001024  -0.0000000342  -0.0000056390   0.0000031291   0.0000091581
       -0.0320798280   0.0000001009   0.0000004306   0.0070215179   0.0000000347
       -0.0000001479   0.0008327760  -0.0004285825  -0.0001597194  -0.0001510264
        0.0000000100  -0.0000000309   0.0000234531   0.0004286701   0.0001597953
       -0.0001510435
       -0.3183494648  -0.0826914863   0.0000081648   0.6608302440  -0.0088233195
       -0.0000123460  -0.1151444637  -0.0234291881   0.0000021883   0.0504150221
       -0.0113080090  -0.0000007549  -0.0330638374  -0.0342001296   0.0000013865
       -0.0558235691   0.0669662422  -0.0000004954  -0.0000446788  -0.0006426695
       -0.0000000698  -0.0019957632   0.0032695085   0.0000001094  -0.0020055152
        0.0089764462   0.0000000219  -0.0012427070   0.0000391905  -0.0000000210
       -0.1497433827   0.1288697023  -0.0000000338  -0.0119601408  -0.0041445508
        0.0000003280  -0.0237647783  -0.0401746533   0.0000016330   0.0010725767
       -0.0025534091  -0.0000000353   0.0002896138  -0.0000115104   0.0000429689
        0.0002414628  -0.0001304625   0.0000000693   0.0002893816  -0.0000117015
       -0.0000431141
       -0.0054105802  -0.0997931189   0.0000016414  -0.0088233195   0.6679149344
       -0.0000139016  -0.1038147536  -0.3081433350   0.0000089310   0.0427655691
       -0.0602042431   0.0000005003  -0.0276190781  -0.0236215500   0.0000010230
        0.0082987642   0.0419347044  -0.0000011166  -0.0007894155   0.0004033213
       -0.0000000498   0.0036835845  -0.0026335231   0.0000002190   0.0041110394
        0.0019239967  -0.0000000013  -0.0015296298   0.0003175131   0.0000000013
        0.1288358478  -0.1980932821   0.0000012460  -0.0283026373  -0.0082526687
        0.0000007842  -0.0119870470  -0.0121938847   0.0000007356   0.0000166910
        0.0004594955  -0.0000000097  -0.0000809321   0.0002771748  -0.0005721390
        0.0007267511  -0.0005727551  -0.0000000070  -0.0000808538   0.0002772206
        0.0005721433
        0.0000063478   0.0000032554  -0.0438904271  -0.0000123460  -0.0000139016
        0.1075666280   0.0000039699   0.0000072466  -0.0441457734  -0.0000022002
        0.0000015715  -0.0032045823   0.0000012315   0.0000011487  -0.0028321389
        0.0000010133  -0.0000023024   0.0017136843   0.0000000287   0.0000000063
       -0.0001611847   0.0000000636   0.0000002111   0.0073495692   0.0000001040
       -0.0000000360   0.0067744009   0.0000000623  -0.0000000183  -0.0002300372
       -0.0000002637   0.0000011963  -0.0307036525   0.0000010371   0.0000002754
       -0.0002566864   0.0000011937   0.0000014450   0.0029530862  -0.0000000993
        0.0000000525  -0.0013758035   0.0000404319   0.0003932461   0.0000811130
       -0.0000000349   0.0000000122   0.0002807618  -0.0000405397  -0.0003934088
        0.0000810427
       -0.0084367249  -0.0356107149   0.0000011171  -0.1151444637  -0.1038147536
        0.0000039699   0.5800750817   0.0158645233  -0.0000109240  -0.1517362881
        0.1507266863  -0.0000011583  -0.0549140665   0.0027428305   0.0000009227
        0.0012748150   0.0190481585  -0.0000004961  -0.0041585503  -0.0011844363
        0.0000002391   0.0014172303   0.0002500170  -0.0000000191  -0.0010050823
       -0.0229678766   0.0000006266   0.0006423512  -0.0030039149  -0.0000001203
        0.0063139072   0.0201578835  -0.0000006416  -0.0044451510  -0.0007114266
        0.0000002961  -0.2111224729  -0.0457859124   0.0000061680  -0.0386802578
        0.0029705951   0.0000000221   0.0019791824  -0.0010405485  -0.0016932981
       -0.0040389019   0.0033993904   0.0000000902   0.0019793916  -0.0010405005
        0.0016932057
       -0.0898668506   0.0039638008   0.0000017737  -0.0234291881  -0.3081433350
        0.0000072466   0.0158645233   0.6846334377  -0.0000141822   0.0630144422
       -0.1776943362   0.0000011987   0.0545713371   0.0421178798  -0.0000023117
        0.0156405676  -0.0586687763   0.0000010064  -0.0021382246   0.0003413267
        0.0000002697   0.0004570677  -0.0007178269   0.0000000859   0.0134598259
       -0.0671281587   0.0000011494   0.0027206079  -0.0005652281  -0.0000000216
       -0.0037653450  -0.0255079828   0.0000006286  -0.0002605916   0.0013031929
        0.0000001285  -0.0713512405  -0.1070660338   0.0000043728   0.0201346190
        0.0145512974  -0.0000012764   0.0007103133   0.0006326637  -0.0002893833
        0.0035280419  -0.0026848420   0.0000000444   0.0007100945   0.0006329208
        0.0002892706
        0.0000024594   0.0000006274  -0.0020452141   0.0000021883   0.0000089310
       -0.0441457734  -0.0000109240  -0.0000141822   0.1182431848   0.0000010283
       -0.0000006903  -0.0518816419  -0.0000002521  -0.0000011112  -0.0028328706
       -0.0000006013   0.0000008904  -0.0041233057   0.0000002576   0.0000001841
        0.0081644025  -0.0000000244   0.0000000248   0.0006445428  -0.0000000489
        0.0000019741   0.0046068350  -0.0000000319   0.0000000739   0.0006372469
       -0.0000000813   0.0000001932   0.0003400919   0.0000002714   0.0000002159
        0.0072088285   0.0000066156   0.0000033849  -0.0326364813  -0.0000002731
       -0.0000005496  -0.0037226368   0.0013771421   0.0000897079   0.0005151076
       -0.0000005272   0.0000002566   0.0005124407  -0.0013771986  -0.0000899309
        0.0005152433
       -0.0558365097   0.0229255133   0.0000004886   0.0504150221   0.0427655691
       -0.0000022002  -0.1517362881   0.0630144422   0.0000010283   0.6872059425
        0.0118205394  -0.0000107973  -0.3228706938   0.0037222965   0.0000046409
       -0.0107998582  -0.0903794688   0.0000023433  -0.0235879120  -0.0007735199
        0.0000005841   0.0008776095  -0.0012347201   0.0000001831  -0.0902208169
       -0.0328640569   0.0000012766  -0.0146380069  -0.0372794254   0.0000011335
       -0.0001142836  -0.0028172813   0.0000002028  -0.0005035737   0.0006487743
       -0.0000000136  -0.0625145531   0.0211769566   0.0000009325  -0.0035654269
       -0.0025601606   0.0000001689  -0.0005477443   0.0003059331   0.0003087380
       -0.0010152341   0.0012227854  -0.0000000198  -0.0005476729   0.0003058232
       -0.0003086896
        0.0256853654  -0.0034175789  -0.0000005706  -0.0113080090  -0.0602042431
        0.0000015715   0.1507266863  -0.1776943362  -0.0000006903   0.0118205394
        0.6089407026  -0.0000100155  -0.0751514366  -0.0985784473   0.0000025277
       -0.0353210727   0.0067332550   0.0000005457   0.0255451521   0.0025840659
       -0.0000005094  -0.0013561649  -0.0043414941   0.0000002654  -0.0631253736
       -0.2619947019   0.0000058648  -0.0149773388  -0.0068271333   0.0000005009
       -0.0017170231  -0.0029620773   0.0000004183   0.0006875821   0.0013275884
       -0.0000000597  -0.0114767951   0.0004721041  -0.0000002164  -0.0003714968
       -0.0047995389   0.0000001777   0.0006545853   0.0002454500  -0.0001316016
       -0.0009698573   0.0002709510   0.0000000360   0.0006546574   0.0002454340
        0.0001317558
        0.0000003847  -0.0000004800  -0.0043920465  -0.0000007549   0.0000005003
       -0.0032045823  -0.0000011583   0.0000011987  -0.0518816419  -0.0000107973
       -0.0000100155   0.1225589895   0.0000066474   0.0000010644  -0.0465416194
        0.0000009510   0.0000015218  -0.0024833320  -0.0000001266  -0.0000000168
        0.0014543519   0.0000001577   0.0000003140   0.0075515086   0.0000020277
        0.0000053729  -0.0344970268   0.0000005395   0.0000004553  -0.0014522758
        0.0000002057   0.0000003443   0.0079077614   0.0000000077  -0.0000000139
        0.0006489848   0.0000018421  -0.0000004302   0.0030842735   0.0000000676
        0.0000002576   0.0012198118  -0.0002025211   0.0000004144  -0.0000720861
        0.0000000482  -0.0000000514   0.0001709948   0.0002024789  -0.0000004359
       -0.0000720655
        0.0512473285  -0.0061610558  -0.0000008464  -0.0330638374  -0.0276190781
        0.0000012315  -0.0549140665   0.0545713371  -0.0000002521  -0.3228706938
       -0.0751514366   0.0000066474   0.6579003283  -0.0022380966  -0.0000098843
       -0.1175494956  -0.0351828207   0.0000023271  -0.1527447562   0.1296072949
       -0.0000009595  -0.0123423238  -0.0281492886   0.0000008814  -0.0195777551
       -0.0163558336   0.0000007939  -0.0004872172  -0.0014231779   0.0000000370
        0.0001654521  -0.0007494628   0.0000000814  -0.0017498596   0.0037318633
        0.0000000793   0.0078324998   0.0056414658  -0.0000001499  -0.0023499048
        0.0000406419   0.0000000822   0.0003556244  -0.0002981409  -0.0003449771
       -0.0002070007   0.0000339132  -0.0000000211   0.0003556775  -0.0002981247
        0.0003449292
        0.0521307411  -0.0645779388   0.0000006075  -0.0342001296  -0.0236215500
        0.0000011487   0.0027428305   0.0421178798  -0.0000011112   0.0037222965
       -0.0985784473   0.0000010644  -0.0022380966   0.6850500174  -0.0000133541
       -0.1116562028  -0.3087170427   0.0000084906   0.1284290114  -0.1966237545
        0.0000013367  -0.0040911009  -0.0072880523   0.0000001244  -0.0452116827
       -0.0172119646   0.0000012116  -0.0021175999  -0.0045089380   0.0000001558
       -0.0006468608   0.0002245071   0.0000000878   0.0032729320  -0.0030304026
        0.0000002136   0.0077808206  -0.0024625664   0.0000001204   0.0013027851
       -0.0002967103  -0.0000000139   0.0002538009  -0.0000534548  -0.0000888203
        0.0002726333  -0.0003681466  -0.0000000154   0.0002538216  -0.0000534356
        0.0000887534
       -0.0000022895   0.0000019060   0.0019094636   0.0000013865   0.0000010230
       -0.0028321389   0.0000009227  -0.0000023117  -0.0028328706   0.0000046409
        0.0000025277  -0.0465416194  -0.0000098843  -0.0000133541   0.1086258841
        0.0000041750   0.0000067215  -0.0431360043  -0.0000007947   0.0000013979
       -0.0326690254   0.0000003346   0.0000007412  -0.0001285526   0.0000014132
        0.0000008470   0.0034499384   0.0000000206   0.0000001178   0.0009011975
        0.0000000196   0.0000000145  -0.0001656537   0.0000000896   0.0000002402
        0.0072672759  -0.0000001082   0.0000000620   0.0051303404   0.0000000730
        0.0000000435   0.0009973337  -0.0001864979   0.0000682474   0.0000132611
        0.0000000312  -0.0000000074  -0.0000020465   0.0001864677  -0.0000682166
        0.0000132167
       -0.2014111117   0.1624880883  -0.0000017175  -0.0558235691   0.0082987642
        0.0000010133   0.0012748150   0.0156405676  -0.0000006013  -0.0107998582
       -0.0353210727   0.0000009510  -0.1175494956  -0.1116562028   0.0000041750
        0.6808009548  -0.0012288191  -0.0000106101   0.0054227212   0.0182363324
       -0.0000004783  -0.2946583325  -0.0481113415   0.0000066819  -0.0055387851
        0.0017091952   0.0000001341  -0.0011279972  -0.0015067392   0.0000000934
       -0.0056138888  -0.0011160497   0.0000003084   0.0055498193  -0.0064527536
        0.0000001118  -0.0008124409  -0.0006824075  -0.0000001157  -0.0000314430
       -0.0002311063   0.0000000357   0.0001263412   0.0000258979  -0.0001351337
        0.0000659238  -0.0001182243   0.0000000228   0.0001263466   0.0000258710
        0.0001351290
        0.0848741784  -0.2325622326   0.0000040023   0.0669662422   0.0419347044
       -0.0000023024   0.0190481585  -0.0586687763   0.0000008904  -0.0903794688
        0.0067332550   0.0000015218  -0.0351828207  -0.3087170427   0.0000067215
       -0.0012288191   0.6534701525  -0.0000140460  -0.0052466250  -0.0232933063
        0.0000007163  -0.0482776156  -0.0529053331   0.0000017050   0.0010993925
       -0.0004085758   0.0000001381   0.0002476318  -0.0004782530   0.0000000268
       -0.0017114836   0.0011064473   0.0000001374   0.0178264292  -0.0249220007
        0.0000003039  -0.0079458916  -0.0019165851   0.0000001426   0.0006843368
        0.0000971086  -0.0000000418  -0.0004417402   0.0002579558   0.0002954300
        0.0001098676   0.0000145061   0.0000000016  -0.0004417725   0.0002579760
       -0.0002953473
        0.0000002887   0.0000022992  -0.0462875974  -0.0000004954  -0.0000011166
        0.0017136843  -0.0000004961   0.0000010064  -0.0041233057   0.0000023433
        0.0000005457  -0.0024833320   0.0000023271   0.0000084906  -0.0431360043
       -0.0000106101  -0.0000140460   0.1130118524   0.0000000303   0.0000001974
       -0.0001627277   0.0000065935   0.0000015362  -0.0327571759   0.0000001520
       -0.0000000066   0.0060356434   0.0000000184   0.0000000778   0.0012366392
        0.0000003226   0.0000001617   0.0071385777  -0.0000006294   0.0000008214
       -0.0001611830   0.0000001359   0.0000000396  -0.0001694519  -0.0000000126
       -0.0000000107   0.0001528793  -0.0000489458  -0.0000115338  -0.0000036797
       -0.0000000036   0.0000000031  -0.0000011391   0.0000489812   0.0000115347
       -0.0000036793
        0.0005795626  -0.0020557402   0.0000001650  -0.0000446788  -0.0007894155
        0.0000000287  -0.0041585503  -0.0021382246   0.0000002576  -0.0235879120
        0.0255451521  -0.0000001266  -0.1527447562   0.1284290114  -0.0000007947
        0.0054227212  -0.0052466250   0.0000000303   0.1725978047  -0.1440797598
        0.0000006085   0.0009056578  -0.0007814712  -0.0000000471   0.0021194635
        0.0000485139  -0.0000001061   0.0008764021   0.0001966960  -0.0000000044
        0.0000052221  -0.0000219124  -0.0000000306   0.0001957655  -0.0003243360
        0.0000000091  -0.0015727317   0.0012757091  -0.0000000143  -0.0005591765
       -0.0000832087   0.0000000158   0.0000355296   0.0000015465  -0.0000019601
       -0.0001058644   0.0000225301   0.0000000037   0.0000355409   0.0000015343
        0.0000019651
       -0.0025685640  -0.0050363895   0.0000003409  -0.0006426695   0.0004033213
        0.0000000063  -0.0011844363   0.0003413267   0.0000001841  -0.0007735199
        0.0025840659  -0.0000000168   0.1296072949  -0.1966237545   0.0000013979
        0.0182363324  -0.0232933063   0.0000001974  -0.1440797598   0.2212250998
       -0.0000019134   0.0006333626   0.0007296673  -0.0000000905   0.0005042296
        0.0008738607  -0.0000001036  -0.0004015348   0.0000291470  -0.0000000006
       -0.0000296999   0.0000294366  -0.0000000353   0.0009439177  -0.0014041055
        0.0000000299  -0.0000323751   0.0000180714  -0.0000000031  -0.0001955603
        0.0001970409  -0.0000000014  -0.0000155529  -0.0000128121   0.0000021039
        0.0000140951  -0.0000478505   0.0000000066  -0.0000155597  -0.0000128192
       -0.0000021022
        0.0000002697   0.0000003181   0.0072828470  -0.0000000698  -0.0000000498
       -0.0001611847   0.0000002391   0.0000002697   0.0081644025   0.0000005841
       -0.0000005094   0.0014543519  -0.0000009595   0.0000013367  -0.0326690254
       -0.0000004783   0.0000007163  -0.0001627277   0.0000006085  -0.0000019134
        0.0235857938  -0.0000000784  -0.0000000589  -0.0025235419  -0.0000000779
       -0.0000000738  -0.0033071614  -0.0000000160  -0.0000000005   0.0000781859
       -0.0000000313  -0.0000000356  -0.0015130723  -0.0000000191   0.0000000391
        0.0001944664   0.0000000286  -0.0000000289  -0.0000590860  -0.0000000140
        0.0000000016  -0.0003198638   0.0000423574  -0.0000213331  -0.0000113189
       -0.0000000074   0.0000000087  -0.0000217388  -0.0000423357   0.0000213136
       -0.0000113264
       -0.0228981117  -0.0028671780   0.0000005169  -0.0019957632   0.0036835845
        0.0000000636   0.0014172303   0.0004570677  -0.0000000244   0.0008776095
       -0.0013561649   0.0000001577  -0.0123423238  -0.0040911009   0.0000003346
       -0.2946583325  -0.0482776156   0.0000065935   0.0009056578   0.0006333626
       -0.0000000784   0.3306108138   0.0534407277  -0.0000075879  -0.0011150890
       -0.0008404759   0.0000000277   0.0000719937  -0.0000474721   0.0000000015
       -0.0013092032  -0.0001040899   0.0000000417   0.0007331631  -0.0005194401
       -0.0000000474  -0.0004197862   0.0000560606   0.0000000065   0.0000524370
       -0.0002382073  -0.0000000092   0.0000420348   0.0000454054  -0.0000154246
       -0.0000143695  -0.0000198704  -0.0000000022   0.0000420391   0.0000454066
        0.0000154303
        0.0213819393   0.0036139672  -0.0000005167   0.0032695085  -0.0026335231
        0.0000002111   0.0002500170  -0.0007178269   0.0000000248  -0.0012347201
       -0.0043414941   0.0000003140  -0.0281492886  -0.0072880523   0.0000007412
       -0.0481113415  -0.0529053331   0.0000015362  -0.0007814712   0.0007296673
       -0.0000000589   0.0534407277   0.0638023801  -0.0000021298  -0.0017356363
       -0.0008109828   0.0000000476  -0.0002950623  -0.0001605492   0.0000000056
        0.0011243267   0.0000633630  -0.0000000284   0.0008141157   0.0006879663
       -0.0000001032   0.0000136023  -0.0000928303  -0.0000000316   0.0000340191
        0.0001345622  -0.0000000104  -0.0000223881   0.0000018880   0.0000405745
        0.0000240488  -0.0000850793   0.0000000032  -0.0000223968   0.0000018771
       -0.0000405791
       -0.0000001356  -0.0000001010  -0.0001174606   0.0000001094   0.0000002190
        0.0073495692  -0.0000000191   0.0000000859   0.0006445428   0.0000001831
        0.0000002654   0.0075515086   0.0000008814   0.0000001244  -0.0001285526
        0.0000066819   0.0000017050  -0.0327571759  -0.0000000471  -0.0000000905
       -0.0025235419  -0.0000075879  -0.0000021298   0.0238060498   0.0000000742
        0.0000000480   0.0000922298  -0.0000000045  -0.0000000073  -0.0000525400
       -0.0000000159   0.0000000008   0.0002105386  -0.0000000921  -0.0000000862
       -0.0024727228   0.0000000123  -0.0000000444  -0.0013505927  -0.0000000355
        0.0000000161  -0.0002883073   0.0001001678   0.0000236130   0.0000227868
       -0.0000000072   0.0000000072  -0.0000091155  -0.0001001652  -0.0000236255
        0.0000227836
       -0.0004301880  -0.0010074213   0.0000000090  -0.0020055152   0.0041110394
        0.0000001040  -0.0010050823   0.0134598259  -0.0000000489  -0.0902208169
       -0.0631253736   0.0000020277  -0.0195777551  -0.0452116827   0.0000014132
       -0.0055387851   0.0010993925   0.0000001520   0.0021194635   0.0005042296
       -0.0000000779  -0.0011150890  -0.0017356363   0.0000000742   0.5204025316
        0.0567134277  -0.0000048026  -0.4084587541   0.0265470582   0.0000015576
        0.0000910619   0.0007169257  -0.0000000831  -0.0001257779  -0.0001135306
       -0.0000000287   0.0057110084   0.0069897500  -0.0000002708   0.0001914586
        0.0014808441   0.0000000286  -0.0001167609  -0.0001166219  -0.0000084274
        0.0001957554  -0.0001955800  -0.0000000003  -0.0001167550  -0.0001166467
        0.0000083733
       -0.0050409967  -0.0010032433   0.0000000931   0.0089764462   0.0019239967
       -0.0000000360  -0.0229678766  -0.0671281587   0.0000019741  -0.0328640569
       -0.2619947019   0.0000053729  -0.0163558336  -0.0172119646   0.0000008470
        0.0017091952  -0.0004085758  -0.0000000066   0.0000485139   0.0008738607
       -0.0000000738  -0.0008404759  -0.0008109828   0.0000000480   0.0567134277
        0.3746784237  -0.0000085542   0.0014750289  -0.0351160600   0.0000005603
       -0.0005161816  -0.0028260522   0.0000000044  -0.0002174955  -0.0003955385
        0.0000000222   0.0133649187   0.0067595279  -0.0000000679  -0.0029812297
        0.0034742765  -0.0000000272  -0.0003101081  -0.0005141199   0.0000772796
        0.0001168420   0.0002134510  -0.0000000232  -0.0003101180  -0.0005141388
       -0.0000774127
        0.0000001160   0.0000000378  -0.0000511982   0.0000000219  -0.0000000013
        0.0067744009   0.0000006266   0.0000011494   0.0046068350   0.0000012766
        0.0000058648  -0.0344970268   0.0000007939   0.0000012116   0.0034499384
        0.0000001341   0.0000001381   0.0060356434  -0.0000001061  -0.0000001036
       -0.0033071614   0.0000000277   0.0000000476   0.0000922298  -0.0000048026
       -0.0000085542   0.0266144193   0.0000022817   0.0000006010  -0.0067213558
       -0.0000000184   0.0000000166  -0.0006688288  -0.0000000279  -0.0000000180
       -0.0014786878  -0.0000003929  -0.0000002898  -0.0014107469   0.0000000705
       -0.0000000886   0.0003978444   0.0000099512   0.0001545193   0.0001067006
       -0.0000000099  -0.0000000068  -0.0000497069  -0.0000099424  -0.0001545240
        0.0001067007
        0.0008614329   0.0000340048  -0.0000000225  -0.0012427070  -0.0015296298
        0.0000000623   0.0006423512   0.0027206079  -0.0000000319  -0.0146380069
       -0.0149773388   0.0000005395  -0.0004872172  -0.0021175999   0.0000000206
       -0.0011279972   0.0002476318   0.0000000184   0.0008764021  -0.0004015348
       -0.0000000160   0.0000719937  -0.0002950623  -0.0000000045  -0.4084587541
        0.0014750289   0.0000022817   0.4223840059   0.0161725985  -0.0000028338
        0.0000746114   0.0002085555  -0.0000000022   0.0001569473   0.0000037197
       -0.0000000164   0.0015056267  -0.0016065957   0.0000000306  -0.0004348436
       -0.0000742298  -0.0000000483  -0.0000248994   0.0000958842  -0.0000313330
       -0.0001340208  -0.0000519294   0.0000000090  -0.0000249250   0.0000958894
        0.0000313464
       -0.0001810501   0.0002085539  -0.0000000125   0.0000391905   0.0003175131
       -0.0000000183  -0.0030039149  -0.0005652281   0.0000000739  -0.0372794254
       -0.0068271333   0.0000004553  -0.0014231779  -0.0045089380   0.0000001178
       -0.0015067392  -0.0004782530   0.0000000778   0.0001966960   0.0000291470
       -0.0000000005  -0.0000474721  -0.0001605492  -0.0000000073   0.0265470582
       -0.0351160600   0.0000006010   0.0161725985   0.0444305652  -0.0000011686
       -0.0001558338   0.0001324450  -0.0000000110  -0.0000366161   0.0002267640
       -0.0000000300   0.0005052553   0.0005819928  -0.0000000671   0.0009118028
       -0.0001776692  -0.0000000047  -0.0001848707   0.0001908074   0.0000897378
       -0.0003686247   0.0015252404  -0.0000000190  -0.0001848765   0.0001908021
       -0.0000897245
        0.0000000019  -0.0000000133  -0.0000267341  -0.0000000210   0.0000000013
       -0.0002300372  -0.0000001203  -0.0000000216   0.0006372469   0.0000011335
        0.0000005009  -0.0014522758   0.0000000370   0.0000001558   0.0009011975
        0.0000000934   0.0000000268   0.0012366392  -0.0000000044  -0.0000000006
        0.0000781859   0.0000000015   0.0000000056  -0.0000525400   0.0000015576
        0.0000005603  -0.0067213558  -0.0000028338  -0.0000011686   0.0073825824
        0.0000000109   0.0000000115   0.0002093472   0.0000000053   0.0000000026
       -0.0000357558   0.0000001497  -0.0000000479  -0.0014232308  -0.0000000112
        0.0000000292  -0.0003293568  -0.0000306463  -0.0001616406  -0.0001314581
       -0.0000000078  -0.0000000135   0.0000889908   0.0000306537   0.0001616122
       -0.0001314455
       -0.0221673755   0.0225231620  -0.0000001024  -0.1497433827   0.1288358478
       -0.0000002637   0.0063139072  -0.0037653450  -0.0000000813  -0.0001142836
       -0.0017170231   0.0000002057   0.0001654521  -0.0006468608   0.0000000196
       -0.0056138888  -0.0017114836   0.0000003226   0.0000052221  -0.0000296999
       -0.0000000313  -0.0013092032   0.0011243267  -0.0000000159   0.0000910619
       -0.0005161816  -0.0000000184   0.0000746114  -0.0001558338   0.0000000109
        0.1763449583  -0.1426179707   0.0000001697   0.0006114288   0.0006909080
       -0.0000000833  -0.0002949642   0.0011895626  -0.0000001028  -0.0016027598
       -0.0016094696   0.0000001032  -0.0013910817  -0.0006777639   0.0008986362
        0.0000218513  -0.0002381477   0.0000000068  -0.0013915536  -0.0006780273
       -0.0008987758
       -0.0013323718   0.0028466411  -0.0000000342   0.1288697023  -0.1980932821
        0.0000011963   0.0201578835  -0.0255079828   0.0000001932  -0.0028172813
       -0.0029620773   0.0000003443  -0.0007494628   0.0002245071   0.0000000145
       -0.0011160497   0.0011064473   0.0000001617  -0.0000219124   0.0000294366
       -0.0000000356  -0.0001040899   0.0000633630   0.0000000008   0.0007169257
       -0.0028260522   0.0000000166   0.0002085555   0.0001324450   0.0000000115
       -0.1426179707   0.2215159084  -0.0000015581  -0.0009060328   0.0009655586
       -0.0000000692   0.0013061394   0.0016226330  -0.0000001344   0.0000393422
        0.0001755914   0.0000000436  -0.0008719483   0.0001734314   0.0008201964
        0.0001108224   0.0003600062  -0.0000000203  -0.0008722513   0.0001734253
       -0.0008203273
        0.0000003072  -0.0000005894  -0.0000056390  -0.0000000338   0.0000012460
       -0.0307036525  -0.0000006416   0.0000006286   0.0003400919   0.0000002028
        0.0000004183   0.0079077614   0.0000000814   0.0000000878  -0.0001656537
        0.0000003084   0.0000001374   0.0071385777  -0.0000000306  -0.0000000353
       -0.0015130723   0.0000000417  -0.0000000284   0.0002105386  -0.0000000831
        0.0000000044  -0.0006688288  -0.0000000022  -0.0000000110   0.0002093472
        0.0000001697  -0.0000015581   0.0224321516  -0.0000000403  -0.0000001223
       -0.0025039372  -0.0000000817  -0.0000000616  -0.0019089509  -0.0000000860
       -0.0000000752  -0.0002310812   0.0010840987   0.0002901482  -0.0001763763
       -0.0000000076   0.0000000104  -0.0001850991  -0.0010842029  -0.0002902000
       -0.0001761773
       -0.0694524530  -0.0774740203   0.0000031291  -0.0119601408  -0.0283026373
        0.0000010371  -0.0044451510  -0.0002605916   0.0000002714  -0.0005035737
        0.0006875821   0.0000000077  -0.0017498596   0.0032729320   0.0000000896
        0.0055498193   0.0178264292  -0.0000006294   0.0001957655   0.0009439177
       -0.0000000191   0.0007331631   0.0008141157  -0.0000000921  -0.0001257779
       -0.0002174955  -0.0000000279   0.0001569473  -0.0000366161   0.0000000053
        0.0006114288  -0.0009060328  -0.0000000403   0.0825181840   0.0856839884
       -0.0000038328  -0.0017034987  -0.0020387908   0.0000000780   0.0000968680
       -0.0000389222   0.0000000041   0.0000481560  -0.0000247754   0.0000015663
       -0.0000180341   0.0000956954   0.0000000026   0.0000481568  -0.0000247785
       -0.0000015496
       -0.0777377174  -0.2773939263   0.0000091581  -0.0041445508  -0.0082526687
        0.0000002754  -0.0007114266   0.0013031929   0.0000002159   0.0006487743
        0.0013275884  -0.0000000139   0.0037318633  -0.0030304026   0.0000002402
       -0.0064527536  -0.0249220007   0.0000008214  -0.0003243360  -0.0014041055
        0.0000000391  -0.0005194401   0.0006879663  -0.0000000862  -0.0001135306
       -0.0003955385  -0.0000000180   0.0000037197   0.0002267640   0.0000000026
        0.0006909080   0.0009655586  -0.0000001223   0.0856839884   0.3117938715
       -0.0000105507  -0.0009179607  -0.0008818277   0.0000000512   0.0001500032
       -0.0000378455  -0.0000000085   0.0000019649   0.0000235163   0.0000418240
        0.0000085290  -0.0000336509  -0.0000000009   0.0000019650   0.0000235084
       -0.0000418274
        0.0000031720   0.0000092586  -0.0320798280   0.0000003280   0.0000007842
       -0.0002566864   0.0000002961   0.0000001285   0.0072088285  -0.0000000136
       -0.0000000597   0.0006489848   0.0000000793   0.0000002136   0.0072672759
        0.0000001118   0.0000003039  -0.0001611830   0.0000000091   0.0000000299
        0.0001944664  -0.0000000474  -0.0000001032  -0.0024727228  -0.0000000287
        0.0000000222  -0.0014786878  -0.0000000164  -0.0000000300  -0.0000357558
       -0.0000000833  -0.0000000692  -0.0025039372  -0.0000038328  -0.0000105507
        0.0235427834   0.0000000443   0.0000000642   0.0000920761  -0.0000000199
       -0.0000000093   0.0000108135   0.0000104322   0.0000002565   0.0000049020
        0.0000000001  -0.0000000045   0.0000137675  -0.0000104307  -0.0000002349
        0.0000049027
       -0.0041838029   0.0009314381   0.0000001009  -0.0237647783  -0.0119870470
        0.0000011937  -0.2111224729  -0.0713512405   0.0000066156  -0.0625145531
       -0.0114767951   0.0000018421   0.0078324998   0.0077808206  -0.0000001082
       -0.0008124409  -0.0079458916   0.0000001359  -0.0015727317  -0.0000323751
        0.0000000286  -0.0004197862   0.0000136023   0.0000000123   0.0057110084
        0.0133649187  -0.0000003929   0.0015056267   0.0005052553   0.0000001497
       -0.0002949642   0.0013061394  -0.0000000817  -0.0017034987  -0.0009179607
        0.0000000443   0.4547543165  -0.0468032006  -0.0000082729  -0.1190531069
        0.0764469446  -0.0000010666  -0.0058637345   0.0137424111   0.0079381823
       -0.0326349410   0.0226822271  -0.0000005346  -0.0058626401   0.0137407534
       -0.0079378484
       -0.0014849604  -0.0060801998   0.0000004306  -0.0401746533  -0.0121938847
        0.0000014450  -0.0457859124  -0.1070660338   0.0000033849   0.0211769566
        0.0004721041  -0.0000004302   0.0056414658  -0.0024625664   0.0000000620
       -0.0006824075  -0.0019165851   0.0000000396   0.0012757091   0.0000180714
       -0.0000000289   0.0000560606  -0.0000928303  -0.0000000444   0.0069897500
        0.0067595279  -0.0000002898  -0.0016065957   0.0005819928  -0.0000000479
        0.0011895626   0.0016226330  -0.0000000616  -0.0020387908  -0.0008818277
        0.0000000642  -0.0468032006   0.3339532216  -0.0000086814   0.0600420501
       -0.1642422537   0.0000033717   0.0234615813  -0.0286945516  -0.0073994668
       -0.0047180604   0.0089183291   0.0000001267   0.0234614452  -0.0286951469
        0.0074001265
        0.0000002700   0.0000002610   0.0070215179   0.0000016330   0.0000007356
        0.0029530862   0.0000061680   0.0000043728  -0.0326364813   0.0000009325
       -0.0000002164   0.0030842735  -0.0000001499   0.0000001204   0.0051303404
       -0.0000001157   0.0000001426  -0.0001694519  -0.0000000143  -0.0000000031
       -0.0000590860   0.0000000065  -0.0000000316  -0.0013505927  -0.0000002708
       -0.0000000679  -0.0014107469   0.0000000306  -0.0000000671  -0.0014232308
       -0.0000001028  -0.0000001344  -0.0019089509   0.0000000780   0.0000000512
        0.0000920761  -0.0000082729  -0.0000086814   0.0601217888  -0.0000002702
        0.0000023975  -0.0451957885   0.0196254417  -0.0197986558   0.0024748344
       -0.0000001638   0.0000003839   0.0008028856  -0.0196252000   0.0197993928
        0.0024735262
       -0.0001467926   0.0001361398   0.0000000347   0.0010725767   0.0000166910
       -0.0000000993  -0.0386802578   0.0201346190  -0.0000002731  -0.0035654269
       -0.0003714968   0.0000000676  -0.0023499048   0.0013027851   0.0000000730
       -0.0000314430   0.0006843368  -0.0000000126  -0.0005591765  -0.0001955603
       -0.0000000140   0.0000524370   0.0000340191  -0.0000000355   0.0001914586
       -0.0029812297   0.0000000705  -0.0004348436   0.0009118028  -0.0000000112
       -0.0016027598   0.0000393422  -0.0000000860   0.0000968680   0.0001500032
       -0.0000000199  -0.1190531069   0.0600420501  -0.0000002702   0.4670495056
        0.0629158283  -0.0000016765  -0.0432601498  -0.0145489096  -0.0177346392
       -0.2155174945  -0.1137164515  -0.0000057168  -0.0432614897  -0.0145539694
        0.0177426084
        0.0008452223   0.0009730367  -0.0000001479  -0.0025534091   0.0004594955
        0.0000000525   0.0029705951   0.0145512974  -0.0000005496  -0.0025601606
       -0.0047995389   0.0000002576   0.0000406419  -0.0002967103   0.0000000435
       -0.0002311063   0.0000971086  -0.0000000107  -0.0000832087   0.0001970409
        0.0000000016  -0.0002382073   0.0001345622   0.0000000161   0.0014808441
        0.0034742765  -0.0000000886  -0.0000742298  -0.0001776692   0.0000000292
       -0.0016094696   0.0001755914  -0.0000000752  -0.0000389222  -0.0000378455
       -0.0000000093   0.0764469446  -0.1642422537   0.0000023975   0.0629158283
        0.4676403689  -0.0000016624  -0.0153686331  -0.1058980621  -0.1006588758
       -0.1065684220  -0.1063468476  -0.0000035590  -0.0153743076  -0.1059038509
        0.1006621803
       -0.0000001156   0.0000000693   0.0008327760  -0.0000000353  -0.0000000097
       -0.0013758035   0.0000000221  -0.0000012764  -0.0037226368   0.0000001689
        0.0000001777   0.0012198118   0.0000000822  -0.0000000139   0.0009973337
        0.0000000357  -0.0000000418   0.0001528793   0.0000000158  -0.0000000014
       -0.0003198638  -0.0000000092  -0.0000000104  -0.0002883073   0.0000000286
       -0.0000000272   0.0003978444  -0.0000000483  -0.0000000047  -0.0003293568
        0.0000001032   0.0000000436  -0.0002310812   0.0000000041  -0.0000000085
        0.0000108135  -0.0000010666   0.0000033717  -0.0451957885  -0.0000016765
       -0.0000016624   0.4870465757  -0.0189766562  -0.1004939375  -0.1978251205
       -0.0000056605  -0.0000035166  -0.0435488447   0.0189848075   0.1004968482
       -0.1978212312
       -0.0005486959   0.0000774407  -0.0004285825   0.0002896138  -0.0000809321
        0.0000404319   0.0019791824   0.0007103133   0.0013771421  -0.0005477443
        0.0006545853  -0.0002025211   0.0003556244   0.0002538009  -0.0001864979
        0.0001263412  -0.0004417402  -0.0000489458   0.0000355296  -0.0000155529
        0.0000423574   0.0000420348  -0.0000223881   0.0001001678  -0.0001167609
       -0.0003101081   0.0000099512  -0.0000248994  -0.0001848707  -0.0000306463
       -0.0013910817  -0.0008719483   0.0010840987   0.0000481560   0.0000019649
        0.0000104322  -0.0058637345   0.0234615813   0.0196254417  -0.0432601498
       -0.0153686331  -0.0189766562   0.0516809085   0.0073032072   0.0161798369
       -0.0041669424  -0.0158223695  -0.0224235533   0.0013626180   0.0006556493
        0.0038275433
        0.0000184243  -0.0001574181  -0.0001597194  -0.0000115104   0.0002771748
        0.0003932461  -0.0010405485   0.0006326637   0.0000897079   0.0003059331
        0.0002454500   0.0000004144  -0.0002981409  -0.0000534548   0.0000682474
        0.0000258979   0.0002579558  -0.0000115338   0.0000015465  -0.0000128121
       -0.0000213331   0.0000454054   0.0000018880   0.0000236130  -0.0001166219
       -0.0005141199   0.0001545193   0.0000958842   0.0001908074  -0.0001616406
       -0.0006777639   0.0001734314   0.0002901482  -0.0000247754   0.0000235163
        0.0000002565   0.0137424111  -0.0286945516  -0.0197986558  -0.0145489096
       -0.1058980621  -0.1004939375   0.0073032072   0.1351997058   0.1222712239
       -0.0054754726  -0.0102799808  -0.0156232059   0.0006550334   0.0086078061
        0.0129786493
       -0.0000214781   0.0001300771  -0.0001510264   0.0000429689  -0.0005721390
        0.0000811130  -0.0016932981  -0.0002893833   0.0005151076   0.0003087380
       -0.0001316016  -0.0000720861  -0.0003449771  -0.0000888203   0.0000132611
       -0.0001351337   0.0002954300  -0.0000036797  -0.0000019601   0.0000021039
       -0.0000113189  -0.0000154246   0.0000405745   0.0000227868  -0.0000084274
        0.0000772796   0.0001067006  -0.0000313330   0.0000897378  -0.0001314581
        0.0008986362   0.0008201964  -0.0001763763   0.0000015663   0.0000418240
        0.0000049020   0.0079381823  -0.0073994668   0.0024748344  -0.0177346392
       -0.1006588758  -0.1978251205   0.0161798369   0.1222712239   0.2255151040
       -0.0015573302  -0.0016502901  -0.0016757139  -0.0038259270  -0.0129778703
       -0.0286870294
        0.0001409269   0.0000725561   0.0000000100   0.0002414628   0.0007267511
       -0.0000000349  -0.0040389019   0.0035280419  -0.0000005272  -0.0010152341
       -0.0009698573   0.0000000482  -0.0002070007   0.0002726333   0.0000000312
        0.0000659238   0.0001098676  -0.0000000036  -0.0001058644   0.0000140951
       -0.0000000074  -0.0000143695   0.0000240488  -0.0000000072   0.0001957554
        0.0001168420  -0.0000000099  -0.0001340208  -0.0003686247  -0.0000000078
        0.0000218513   0.0001108224  -0.0000000076  -0.0000180341   0.0000085290
        0.0000000001  -0.0326349410  -0.0047180604  -0.0000001638  -0.2155174945
       -0.1065684220  -0.0000056605  -0.0041669424  -0.0054754726  -0.0015573302
        0.2613549850   0.1185924267   0.0000066409  -0.0041681018  -0.0054761771
        0.0015570298
        0.0000669574   0.0001592341  -0.0000000309  -0.0001304625  -0.0005727551
        0.0000000122   0.0033993904  -0.0026848420   0.0000002566   0.0012227854
        0.0002709510  -0.0000000514   0.0000339132  -0.0003681466  -0.0000000074
       -0.0001182243   0.0000145061   0.0000000031   0.0000225301  -0.0000478505
        0.0000000087  -0.0000198704  -0.0000850793   0.0000000072  -0.0001955800
        0.0002134510  -0.0000000068  -0.0000519294   0.0015252404  -0.0000000135
       -0.0002381477   0.0003600062   0.0000000104   0.0000956954  -0.0000336509
       -0.0000000045   0.0226822271   0.0089183291   0.0000003839  -0.1137164515
       -0.1063468476  -0.0000035166  -0.0158223695  -0.0102799808  -0.0016502901
        0.1185924267   0.1192377069   0.0000040654  -0.0158228904  -0.0102802719
        0.0016491736
        0.0000000159   0.0000000047   0.0000234531   0.0000000693  -0.0000000070
        0.0002807618   0.0000000902   0.0000000444   0.0005124407  -0.0000000198
        0.0000000360   0.0001709948  -0.0000000211  -0.0000000154  -0.0000020465
        0.0000000228   0.0000000016  -0.0000011391   0.0000000037   0.0000000066
       -0.0000217388  -0.0000000022   0.0000000032  -0.0000091155  -0.0000000003
       -0.0000000232  -0.0000497069   0.0000000090  -0.0000000190   0.0000889908
        0.0000000068  -0.0000000203  -0.0001850991   0.0000000026  -0.0000000009
        0.0000137675  -0.0000005346   0.0000001267   0.0008028856  -0.0000057168
       -0.0000035590  -0.0435488447  -0.0224235533  -0.0156232059  -0.0016757139
        0.0000066409   0.0000040654   0.0452740548   0.0224229868   0.0156225620
       -0.0016739447
       -0.0005487484   0.0000774574   0.0004286701   0.0002893816  -0.0000808538
       -0.0000405397   0.0019793916   0.0007100945  -0.0013771986  -0.0005476729
        0.0006546574   0.0002024789   0.0003556775   0.0002538216   0.0001864677
        0.0001263466  -0.0004417725   0.0000489812   0.0000355409  -0.0000155597
       -0.0000423357   0.0000420391  -0.0000223968  -0.0001001652  -0.0001167550
       -0.0003101180  -0.0000099424  -0.0000249250  -0.0001848765   0.0000306537
       -0.0013915536  -0.0008722513  -0.0010842029   0.0000481568   0.0000019650
       -0.0000104307  -0.0058626401   0.0234614452  -0.0196252000  -0.0432614897
       -0.0153743076   0.0189848075   0.0013626180   0.0006550334  -0.0038259270
       -0.0041681018  -0.0158228904   0.0224229868   0.0516827344   0.0073105519
       -0.0161891037
        0.0000184466  -0.0001574112   0.0001597953  -0.0000117015   0.0002772206
       -0.0003934088  -0.0010405005   0.0006329208  -0.0000899309   0.0003058232
        0.0002454340  -0.0000004359  -0.0002981247  -0.0000534356  -0.0000682166
        0.0000258710   0.0002579760   0.0000115347   0.0000015343  -0.0000128192
        0.0000213136   0.0000454066   0.0000018771  -0.0000236255  -0.0001166467
       -0.0005141388  -0.0001545240   0.0000958894   0.0001908021   0.0001616122
       -0.0006780273   0.0001734253  -0.0002902000  -0.0000247785   0.0000235084
       -0.0000002349   0.0137407534  -0.0286951469   0.0197993928  -0.0145539694
       -0.1059038509   0.1004968482   0.0006556493   0.0086078061  -0.0129778703
       -0.0054761771  -0.0102802719   0.0156225620   0.0073105519   0.1352061040
       -0.1222746119
        0.0000215207  -0.0001301204  -0.0001510435  -0.0000431141   0.0005721433
        0.0000810427   0.0016932057   0.0002892706   0.0005152433  -0.0003086896
        0.0001317558  -0.0000720655   0.0003449292   0.0000887534   0.0000132167
        0.0001351290  -0.0002953473  -0.0000036793   0.0000019651  -0.0000021022
       -0.0000113264   0.0000154303  -0.0000405791   0.0000227836   0.0000083733
       -0.0000774127   0.0001067007   0.0000313464  -0.0000897245  -0.0001314455
       -0.0008987758  -0.0008203273  -0.0001761773  -0.0000015496  -0.0000418274
        0.0000049027  -0.0079378484   0.0074001265   0.0024735262   0.0177426084
        0.1006621803  -0.1978212312   0.0038275433   0.0129786493  -0.0286870294
        0.0015570298   0.0016491736  -0.0016739447  -0.0161891037  -0.1222746119
        0.2255105267
