           1           2   1.41378374704625     
           2           3   1.40831806574336     
           3           4   1.28976137605971     
           4           5   1.40203076880991     
           1           6   1.45258341144117     
           5           6   1.42188085715352     
           5           7  0.967427256166214     
           6           8  0.970133447041699     
           4           9   1.07476453998934     
           9          10  0.838734146459596     
           2          11  0.964821320740977     
           1          12  0.970420349743359     
           3          13   1.03150191328123     
          13          14  0.972317558023753     
          14          15  0.977012510678109     
          14          16  0.977292720451422     
          14          17  0.977012207688963     
