           1           2   1.35939222520781     
           2           3   1.48204981299823     
           3           4   1.34867435776910     
           4           5   1.34510468255387     
           1           6   1.35880327599703     
           5           6   1.48645523749684     
           4           7   1.10175969893998     
           7           8  0.834585058558641     
           2           9  0.966499856741540     
           3          10  0.963486174518591     
           5          11  0.965697372648324     
           1          12   1.05722757001111     
          12          13   1.74307822519039     
          12          14   1.01425731964869     
          14          15  0.955612815015952     
          14          16  0.955664643770653     
          14          17  0.982950873260599     
           6          18  0.963866268739705     
