$hessian                                                                        
        0.5943532184   0.0009884817  -0.0022226155  -0.1638718961   0.1413466032
        0.0003536058  -0.0449953470   0.0181198759   0.0003324304  -0.0120546380
        0.0086089398  -0.0011407457  -0.0141158545  -0.0345870555   0.0000063396
       -0.1218850002  -0.1119105408   0.0004664192   0.0068623406   0.0184487928
       -0.0000741892  -0.0044124938  -0.0003151359   0.0000611474   0.0124984547
        0.0011758019   0.0042476649   0.0000401075  -0.0005037554  -0.0013444399
        0.0000313766   0.0003488895  -0.0015450744   0.0069405621  -0.0102307809
       -0.0000396421  -0.0041626080  -0.0013384128   0.0000927434  -0.2189269334
       -0.0384539744   0.0007581149  -0.0369846490   0.0077056461   0.0000282472
       -0.0032361097   0.0032185325   0.0000088673   0.0019625791  -0.0013107509
        0.0017875479   0.0019568905  -0.0013111569  -0.0017764210
        0.0009884817   0.6675159082  -0.0005665746   0.0624838242  -0.2313442802
        0.0000400249   0.0718202941   0.0408084734  -0.0012931362   0.0052417867
       -0.0651272016  -0.0003763238  -0.0875236116   0.0091934535   0.0013078792
       -0.0302915284  -0.2884361633   0.0001341553  -0.0056341262  -0.0252381695
        0.0000403275   0.0003563732   0.0019842917   0.0000467008   0.0036415788
        0.0034900646   0.0014042775   0.0001311185   0.0002792417  -0.0011564559
       -0.0003604408   0.0006156089   0.0002363068   0.0155652014  -0.0272717820
       -0.0000287724  -0.0017582884   0.0013378906  -0.0000510790  -0.0628822876
       -0.0983329162   0.0003777180   0.0235992163   0.0125378131  -0.0001226834
        0.0035702314  -0.0031065877   0.0000053413   0.0005216825   0.0005518948
        0.0001941463   0.0005304942   0.0005424602  -0.0001918523
       -0.0022226155  -0.0005665746   0.1196166041   0.0004602434  -0.0006150216
       -0.0490439562   0.0002595827  -0.0001454649  -0.0014710473  -0.0000346994
        0.0000002621  -0.0056805741   0.0002547886   0.0002361630  -0.0015122288
        0.0003550687   0.0008593187  -0.0467608734  -0.0000383701  -0.0000818867
        0.0004621158   0.0000476723   0.0000009675   0.0077716145   0.0000921594
        0.0000063619  -0.0001319426   0.0000397860  -0.0001253845   0.0002202675
       -0.0000003966   0.0001306436   0.0001831022  -0.0000419232   0.0000751641
        0.0018862078   0.0000574780   0.0000137874   0.0083672072   0.0007723899
        0.0002761778  -0.0312005913   0.0000424621  -0.0000721587  -0.0042649197
       -0.0000220508   0.0000110856   0.0005618648  -0.0014011390   0.0000328815
        0.0004974739   0.0013795636  -0.0000363223   0.0004996755
       -0.1638718961   0.0624838242   0.0004602434   0.6902515514   0.0191425335
       -0.0035312489  -0.3526102979  -0.0002836287   0.0011307873  -0.0170141445
       -0.0855695658   0.0003929893  -0.0530114497   0.0205722320   0.0008094473
        0.0523519819   0.0426237034  -0.0005147114  -0.0002657953  -0.0027960610
        0.0000327455  -0.0003837302   0.0006725613   0.0000762859  -0.0008010475
        0.0015696174   0.0008614931  -0.0003757283  -0.0000067711  -0.0010797655
       -0.0003469850   0.0006414533   0.0005287262  -0.0828393290  -0.0922291942
        0.0003790685  -0.0220693881   0.0001803882   0.0002174835  -0.0413738794
        0.0313717683   0.0002025950  -0.0050824040  -0.0001569695   0.0000440251
       -0.0008633098   0.0013662016  -0.0000042714  -0.0008417463   0.0002018705
       -0.0003041983  -0.0008524023   0.0002160366   0.0002983055
        0.1413466032  -0.2313442802  -0.0006150216   0.0191425335   0.6491710409
       -0.0005664064  -0.0712209498  -0.0962768091   0.0007503038  -0.0335919795
        0.0129860040  -0.0001534276   0.0239421527  -0.0067385935  -0.0003519750
       -0.0125275142  -0.0605628951   0.0002316921  -0.0020940482  -0.0049729740
        0.0000363920   0.0004343903   0.0008225592  -0.0000550690   0.0005332699
       -0.0060417466   0.0011428302  -0.0015690264  -0.0004293066  -0.0002942737
        0.0001845024  -0.0005306515  -0.0003270332  -0.0927313401  -0.2632881062
        0.0005295980   0.0245022479   0.0012999809  -0.0002780081   0.0050583809
        0.0071019485  -0.0000561697  -0.0017340400  -0.0010079501   0.0000089802
       -0.0005536473   0.0001784898  -0.0000004843   0.0004407772  -0.0001841097
        0.0000985652   0.0004376876  -0.0001826007  -0.0001004931
        0.0003536058   0.0000400249  -0.0490439562  -0.0035312489  -0.0005664064
        0.1084997738   0.0022288580   0.0001686096  -0.0385131205  -0.0000829367
        0.0003552436  -0.0017614589   0.0003833065  -0.0001798047  -0.0027773184
       -0.0004353429  -0.0003415713   0.0000393410   0.0000326365   0.0000457658
        0.0070084239   0.0000214204  -0.0000024117   0.0000428813   0.0012154963
       -0.0000285360   0.0044809025  -0.0005498266  -0.0003003005   0.0012433819
       -0.0004101498   0.0003392487   0.0001648712   0.0003764269   0.0005856615
       -0.0327888364   0.0000743523   0.0000043368  -0.0005547639   0.0003078716
       -0.0001249965   0.0032328452   0.0000044217   0.0000154998   0.0006696441
        0.0000043492  -0.0000062591   0.0000854791   0.0001268811  -0.0000571303
       -0.0000118071  -0.0001201215   0.0000530257  -0.0000162827
       -0.0449953470   0.0718202941   0.0002595827  -0.3526102979  -0.0712209498
        0.0022288580   0.6901051726  -0.0036117806  -0.0028148918  -0.1167440229
       -0.0310257562   0.0006048922   0.0512361341  -0.0096040639  -0.0006797154
       -0.0386586844  -0.0320233891   0.0003264956  -0.0000279419  -0.0008562503
        0.0000137496  -0.0017770131   0.0037854473  -0.0000202385  -0.0293613684
       -0.0420423288  -0.0003365225  -0.0061059148  -0.0006733100  -0.0001406625
        0.0020439862  -0.0031506327  -0.0001141625  -0.0131612653  -0.0039782181
        0.0000822126  -0.1358164672   0.1225437315   0.0005449949  -0.0037687595
        0.0015412063   0.0000239238  -0.0010591491  -0.0014912647   0.0000159594
       -0.0002726525   0.0000633865  -0.0000016188   0.0004917531  -0.0000346418
        0.0002470839   0.0004818380  -0.0000414797  -0.0002399405
        0.0181198759   0.0408084734  -0.0001454649  -0.0002836287  -0.0962768091
        0.0001686096  -0.0036117806   0.6408530515  -0.0008214990  -0.1059458270
       -0.2743555763   0.0018692430   0.0397265593  -0.0565821368  -0.0002015304
       -0.0298277245  -0.0209711861   0.0002853152  -0.0006046375   0.0004976146
       -0.0000333592   0.0029175072  -0.0033491405  -0.0000543259  -0.0174177882
       -0.0123307073  -0.0031594949  -0.0004759620   0.0013511392   0.0011614058
        0.0022048706   0.0004229627   0.0004726074  -0.0278433361  -0.0062364024
        0.0002349141   0.1217619668  -0.2071129377   0.0002621877  -0.0016958562
       -0.0051418731  -0.0000113563   0.0023259981  -0.0017541642  -0.0000141711
        0.0001365750  -0.0002649298  -0.0000050476   0.0002600380   0.0002201665
       -0.0000675669   0.0002531500   0.0002224553   0.0000595335
        0.0003324304  -0.0012931362  -0.0014710473   0.0011307873   0.0007503038
       -0.0385131205  -0.0028148918  -0.0008214990   0.1068252788   0.0010733177
        0.0007938534  -0.0502162849  -0.0007255045   0.0000249124   0.0003335344
        0.0007053802   0.0005527107  -0.0026144634   0.0000020325   0.0000002951
       -0.0000573343   0.0000576053   0.0000293237   0.0069095802  -0.0009498419
       -0.0004608067   0.0035793925   0.0007365279   0.0004738602   0.0015074447
       -0.0004029913   0.0000253569  -0.0005902649   0.0000385319  -0.0000005506
       -0.0002147966   0.0006314383  -0.0001791384  -0.0313652020   0.0002099965
        0.0000482291   0.0044932036  -0.0000179295   0.0000642295   0.0013041314
        0.0000078596   0.0000026092   0.0000103274   0.0001995305  -0.0001590046
        0.0000395825  -0.0002142792   0.0001484516   0.0000400383
       -0.0120546380   0.0052417867  -0.0000346994  -0.0170141445  -0.0335919795
       -0.0000829367  -0.1167440229  -0.1059458270   0.0010733177   0.6785576736
       -0.0010098924  -0.0023964769  -0.1684058419   0.1409141379   0.0011885654
       -0.0455896697   0.0170185075  -0.0000188232  -0.0045887552  -0.0012185209
        0.0000995440   0.0059010912  -0.0095466463   0.0000767525  -0.2969754079
       -0.0291224502   0.0205134938  -0.0143857549  -0.0114640603  -0.0099252263
       -0.0246645845   0.0065504537  -0.0108165550  -0.0049237455  -0.0003187664
        0.0001390245   0.0048283226   0.0184044542   0.0000916063   0.0178170364
        0.0026852607  -0.0000225422  -0.0019682519   0.0026478443   0.0000701817
        0.0003337809  -0.0001672726   0.0000276036  -0.0000653933  -0.0005335352
        0.0004498147  -0.0000576944  -0.0005434943  -0.0004326444
        0.0086089398  -0.0651272016   0.0000002621  -0.0855695658   0.0129860040
        0.0003552436  -0.0310257562  -0.2743555763   0.0007938534  -0.0010098924
        0.6562883243  -0.0005189722   0.0669131677  -0.2318039423  -0.0003479424
        0.0694170355   0.0408902879  -0.0003632582  -0.0018377873   0.0012962985
        0.0001092894   0.0148704219  -0.0269844417  -0.0000486008  -0.0296253167
       -0.0877481621   0.0026607269  -0.0298794938  -0.0070050677  -0.0045719270
        0.0250737044   0.0031159907   0.0018908768   0.0001639185   0.0016464578
       -0.0000810205  -0.0058409091  -0.0255731197   0.0000929372   0.0007430590
        0.0009065733   0.0000017265  -0.0001554694   0.0012559258   0.0000108234
        0.0001604562   0.0000730588   0.0000061451  -0.0005069189   0.0000671032
       -0.0001730488  -0.0004995933   0.0000714873   0.0001828853
       -0.0011407457  -0.0003763238  -0.0056805741   0.0003929893  -0.0001534276
       -0.0017614589   0.0006048922   0.0018692430  -0.0502162849  -0.0023964769
       -0.0005189722   0.1277469918   0.0010383897  -0.0015686752  -0.0495643537
        0.0003123864   0.0002692593  -0.0020515045   0.0001088602  -0.0000234279
        0.0080649244  -0.0001737306  -0.0000236520   0.0010101333  -0.0193565886
       -0.0025712806  -0.0308045046   0.0096350528   0.0017425834  -0.0034797016
        0.0097048032   0.0009143598  -0.0034479190   0.0000921004   0.0000561523
        0.0085659841  -0.0001677306  -0.0000138523   0.0011606028   0.0015025639
        0.0002601681   0.0000071078  -0.0001645059   0.0002259952   0.0004391532
        0.0000170543  -0.0000030276   0.0000514395   0.0000715690  -0.0000072712
        0.0000126623  -0.0000808829  -0.0000778508  -0.0000526978
       -0.0141158545  -0.0875236116   0.0002547886  -0.0530114497   0.0239421527
        0.0003833065   0.0512361341   0.0397265593  -0.0007255045  -0.1684058419
        0.0669131677   0.0010383897   0.6765841278   0.0054711410  -0.0027884805
       -0.3360837009   0.0041462779   0.0021013612  -0.0216982590   0.0003354409
        0.0001430096  -0.0773221274  -0.0855583153   0.0006587709  -0.0442952174
        0.0333463419  -0.0014741946   0.0016484937   0.0034719733   0.0000927168
       -0.0059048477  -0.0013972070   0.0002937061  -0.0003862282   0.0005429753
        0.0000068013  -0.0001489079  -0.0028774951  -0.0000367742  -0.0072259260
       -0.0014060690   0.0000745987   0.0001208735   0.0004873210  -0.0000142474
        0.0001236052   0.0000905168  -0.0000009597  -0.0005608577   0.0001400464
       -0.0001030535  -0.0005540162   0.0001487839   0.0000957650
       -0.0345870555   0.0091934535   0.0002361630   0.0205722320  -0.0067385935
       -0.0001798047  -0.0096040639  -0.0565821368   0.0000249124   0.1409141379
       -0.2318039423  -0.0015686752   0.0054711410   0.6495270937  -0.0002525966
       -0.0683455338  -0.0943861927   0.0003953644   0.0243993313   0.0010315983
       -0.0002134582  -0.0847699703  -0.2650352435  -0.0000195266   0.0091734947
        0.0021559094   0.0032836539  -0.0018811902   0.0006672370  -0.0005834341
       -0.0015762837   0.0011561624  -0.0012739206   0.0003939483   0.0008737210
        0.0000414295  -0.0020585237  -0.0049494462   0.0000503964   0.0015075678
       -0.0059910530   0.0000183933   0.0001073839   0.0011128193   0.0000293775
        0.0001129317   0.0001996241   0.0000087057   0.0000865608  -0.0002151885
       -0.0001093129   0.0000838916  -0.0002158223   0.0001123331
        0.0000063396   0.0013078792  -0.0015122288   0.0008094473  -0.0003519750
       -0.0027773184  -0.0006797154  -0.0002015304   0.0003335344   0.0011885654
       -0.0003479424  -0.0495643537  -0.0027884805  -0.0002525966   0.1060146156
        0.0011732288  -0.0004616560  -0.0390712471   0.0000466444   0.0000093918
       -0.0000893840   0.0006162697   0.0004376352  -0.0309144028  -0.0011315293
        0.0001849011   0.0035484709  -0.0003819900  -0.0000838953  -0.0006570237
        0.0008500657  -0.0002658368   0.0014798380   0.0000018028   0.0000024522
       -0.0000547222   0.0000545095  -0.0000005350   0.0066721884   0.0002420217
        0.0000286424   0.0061694448  -0.0000247835   0.0000060244   0.0006623662
        0.0000035193  -0.0000025203   0.0000239120   0.0004007128   0.0001137167
       -0.0001292365  -0.0003866282  -0.0001221552  -0.0001344532
       -0.1218850002  -0.0302915284   0.0003550687   0.0523519819  -0.0125275142
       -0.0004353429  -0.0386586844  -0.0298277245   0.0007053802  -0.0455896697
        0.0694170355   0.0003123864  -0.3360837009  -0.0683455338   0.0011732288
        0.6630636588  -0.0074581645  -0.0035085661  -0.1318833705   0.1232293195
        0.0005394703  -0.0140860276  -0.0042240921   0.0001434230  -0.0003661604
       -0.0001932216   0.0012103536  -0.0001665493  -0.0005603589   0.0004063550
       -0.0007762999  -0.0001320849  -0.0011520981  -0.0018580565   0.0037553967
        0.0000294627  -0.0000173308  -0.0008915225   0.0000527278  -0.0256525008
       -0.0389216588   0.0001872333   0.0007669843  -0.0027037055  -0.0000005616
        0.0002400802  -0.0002949153  -0.0000056347   0.0003069644  -0.0000139972
        0.0000195783   0.0002936814  -0.0000157295  -0.0000324647
       -0.1119105408  -0.2884361633   0.0008593187   0.0426237034  -0.0605628951
       -0.0003415713  -0.0320233891  -0.0209711861   0.0005527107   0.0170185075
        0.0408902879   0.0002692593   0.0041462779  -0.0943861927  -0.0004616560
       -0.0074581645   0.6631809170  -0.0004769711   0.1229683128  -0.2139596487
       -0.0004374802  -0.0286427860  -0.0068574611   0.0003384551   0.0006810406
       -0.0061613628  -0.0009399329  -0.0000799939  -0.0006914655   0.0004804723
        0.0014367104  -0.0000318310   0.0000232068   0.0028950302  -0.0034866272
       -0.0000232199  -0.0006272479   0.0004497738   0.0000672030  -0.0118023594
       -0.0092518666   0.0000979100   0.0001514258   0.0003346577  -0.0000028638
        0.0006741570  -0.0006855920  -0.0000016054  -0.0000211789   0.0003159881
        0.0006370193  -0.0000295051   0.0003106676  -0.0006402544
        0.0004664192   0.0001341553  -0.0467608734  -0.0005147114   0.0002316921
        0.0000393410   0.0003264956   0.0002853152  -0.0026144634  -0.0000188232
       -0.0003632582  -0.0020515045   0.0021013612   0.0003953644  -0.0390712471
       -0.0035085661  -0.0004769711   0.1067979712   0.0005285397  -0.0004906918
       -0.0307629893   0.0000795881   0.0000045539  -0.0005158906   0.0012381522
        0.0003707870   0.0047069301  -0.0003190240  -0.0004467059   0.0001730103
       -0.0006438468   0.0001504462   0.0012894281   0.0000393698  -0.0000353687
        0.0067584162   0.0000171720   0.0000115500   0.0000687403   0.0002266485
        0.0002316993   0.0027673272  -0.0000176745   0.0000110581  -0.0013470702
       -0.0000015276  -0.0000006248   0.0002887303  -0.0000973395  -0.0004253258
        0.0001198986   0.0000977669   0.0004123248   0.0001142452
        0.0068623406  -0.0056341262  -0.0000383701  -0.0002657953  -0.0020940482
        0.0000326365  -0.0000279419  -0.0006046375   0.0000020325  -0.0045887552
       -0.0018377873   0.0001088602  -0.0216982590   0.0243993313   0.0000466444
       -0.1318833705   0.1229683128   0.0005285397   0.1575320170  -0.1372233799
       -0.0006417845   0.0006665605   0.0007411300  -0.0000238730  -0.0015243869
        0.0013517906  -0.0000921570   0.0001072507   0.0001918906   0.0000936648
       -0.0004375515  -0.0000351172  -0.0000078340   0.0002064480  -0.0004513699
       -0.0000034823  -0.0000777768  -0.0000225935  -0.0000019104   0.0000305797
        0.0013549518  -0.0000077878  -0.0018830478  -0.0015863065  -0.0000026083
        0.0000068645  -0.0003048410   0.0000024230  -0.0015240952  -0.0006130696
       -0.0009049296  -0.0015010809  -0.0006001302   0.0009099357
        0.0184487928  -0.0252381695  -0.0000818867  -0.0027960610  -0.0049729740
        0.0000457658  -0.0008562503   0.0004976146   0.0000002951  -0.0012185209
        0.0012962985  -0.0000234279   0.0003354409   0.0010315983   0.0000093918
        0.1232293195  -0.2139596487  -0.0004906918  -0.1372233799   0.2391937688
        0.0005226809  -0.0009138495   0.0011879500  -0.0000001151   0.0002341047
       -0.0000182650   0.0001339120  -0.0000125269  -0.0000040292  -0.0000874134
       -0.0000946449   0.0000628548   0.0000009915   0.0009719635  -0.0016024083
       -0.0000049884   0.0000437798   0.0000184657  -0.0000121414   0.0011393083
        0.0012642194  -0.0000053014   0.0001608269   0.0003266056  -0.0000017116
        0.0001388532   0.0003525944  -0.0000018297  -0.0007989367   0.0002809890
       -0.0008058824  -0.0007882195   0.0002825356   0.0008023527
       -0.0000741892   0.0000403275   0.0004621158   0.0000327455   0.0000363920
        0.0070084239   0.0000137496  -0.0000333592  -0.0000573343   0.0000995440
        0.0001092894   0.0080649244   0.0001430096  -0.0002134582  -0.0000893840
        0.0005394703  -0.0004374802  -0.0307629893  -0.0006417845   0.0005226809
        0.0224656756  -0.0000188625  -0.0000186764  -0.0029053933   0.0000125580
        0.0000057427   0.0001244707  -0.0000226921   0.0000080281   0.0000069409
       -0.0000346454  -0.0000242665  -0.0000984518  -0.0000045394   0.0000055834
       -0.0003250501  -0.0000172855   0.0000062419  -0.0015872209  -0.0000261831
       -0.0000079682  -0.0015886364   0.0000008106   0.0000018906  -0.0001820440
       -0.0000004754   0.0000018993  -0.0001797593  -0.0011009568  -0.0002220695
       -0.0001750412   0.0010997264   0.0002192026  -0.0001812466
       -0.0044124938   0.0003563732   0.0000476723  -0.0003837302   0.0004343903
        0.0000214204  -0.0017770131   0.0029175072   0.0000576053   0.0059010912
        0.0148704219  -0.0001737306  -0.0773221274  -0.0847699703   0.0006162697
       -0.0140860276  -0.0286427860   0.0000795881   0.0006665605  -0.0009138495
       -0.0000188625   0.0914853368   0.0957832742  -0.0006799486   0.0016715654
        0.0012973590  -0.0003133174  -0.0000605424   0.0000373973   0.0003068245
       -0.0000347345  -0.0002284707   0.0000791267  -0.0000841429  -0.0000212543
       -0.0000033829   0.0002621222   0.0008620714  -0.0000469333  -0.0020569412
       -0.0020196787   0.0000441610   0.0001241417  -0.0000476573  -0.0000078126
       -0.0000121567   0.0000596193  -0.0000015760   0.0000587627   0.0000111310
       -0.0000122457   0.0000603297   0.0000141222   0.0000051417
       -0.0003151359   0.0019842917   0.0000009675   0.0006725613   0.0008225592
       -0.0000024117   0.0037854473  -0.0033491405   0.0000293237  -0.0095466463
       -0.0269844417  -0.0000236520  -0.0855583153  -0.2650352435   0.0004376352
       -0.0042240921  -0.0068574611   0.0000045539   0.0007411300   0.0011879500
       -0.0000186764   0.0957832742   0.2985419914  -0.0002548956  -0.0010397762
        0.0015034039   0.0001212951   0.0013725489   0.0001714773  -0.0004990851
       -0.0004430724   0.0004734017   0.0002177895  -0.0000498868  -0.0000029560
        0.0000008109  -0.0003539946  -0.0017238690  -0.0000265216  -0.0009893329
       -0.0008016825   0.0000252178   0.0001631241  -0.0000564207  -0.0000047380
       -0.0000109280   0.0000458813  -0.0000015260   0.0000064492   0.0000382443
       -0.0000495860   0.0000066455   0.0000420143   0.0000434989
        0.0000611474   0.0000467008   0.0077716145   0.0000762859  -0.0000550690
        0.0000428813  -0.0000202385  -0.0000543259   0.0069095802   0.0000767525
       -0.0000486008   0.0010101333   0.0006587709  -0.0000195266  -0.0309144028
        0.0001434230   0.0003384551  -0.0005158906  -0.0000238730  -0.0000001151
       -0.0029053933  -0.0006799486  -0.0002548956   0.0224687263  -0.0006030365
       -0.0002312766  -0.0016196870   0.0000964217   0.0002436483  -0.0004820787
        0.0001865939  -0.0000452638   0.0000955939   0.0000019572   0.0000112374
       -0.0015517192  -0.0000645753   0.0000278193  -0.0005928458   0.0000984277
        0.0000503428   0.0002588558  -0.0000054250   0.0000056917  -0.0000012752
        0.0000009465  -0.0000054674   0.0000158789  -0.0000223343   0.0000024470
        0.0000057079   0.0000187046  -0.0000118015   0.0000043205
        0.0124984547   0.0036415788   0.0000921594  -0.0008010475   0.0005332699
        0.0012154963  -0.0293613684  -0.0174177882  -0.0009498419  -0.2969754079
       -0.0296253167  -0.0193565886  -0.0442952174   0.0091734947  -0.0011315293
       -0.0003661604   0.0006810406   0.0012381522  -0.0015243869   0.0002341047
        0.0000125580   0.0016715654  -0.0010397762  -0.0006030365   0.5994548980
       -0.0152124969  -0.1210035029  -0.0787961666  -0.0965955235   0.0555244692
       -0.1476338686   0.1492408214   0.0859199517  -0.0009949553  -0.0006238553
       -0.0000073914   0.0017326333   0.0011334625  -0.0006680686  -0.0163408178
       -0.0026137884  -0.0001634938   0.0016991500  -0.0025380168  -0.0001090145
       -0.0002651076   0.0000004333  -0.0000120575   0.0001296554   0.0005086342
       -0.0002615133   0.0001681475   0.0005197219   0.0002632517
        0.0011758019   0.0034900646   0.0000063619   0.0015696174  -0.0060417466
       -0.0000285360  -0.0420423288  -0.0123307073  -0.0004608067  -0.0291224502
       -0.0877481621  -0.0025712806   0.0333463419   0.0021559094   0.0001849011
       -0.0001932216  -0.0061613628   0.0003707870   0.0013517906  -0.0000182650
        0.0000057427   0.0012973590   0.0015034039  -0.0002312766  -0.0152124969
        0.7066884934  -0.0170559641  -0.0962897718  -0.3350171884   0.1213042509
        0.1488295572  -0.2669334440  -0.1015302048  -0.0016828661  -0.0005695337
       -0.0000219256  -0.0012664732   0.0014802375   0.0000636533  -0.0019934241
       -0.0003930957  -0.0000547346   0.0002572925  -0.0002496441  -0.0000024914
       -0.0000301986   0.0000374850  -0.0000084757   0.0000027037   0.0000672492
       -0.0000688871   0.0000027670   0.0000403067   0.0000988864
        0.0042476649   0.0014042775  -0.0001319426   0.0008614931   0.0011428302
        0.0044809025  -0.0003365225  -0.0031594949   0.0035793925   0.0205134938
        0.0026607269  -0.0308045046  -0.0014741946   0.0032836539   0.0035484709
        0.0012103536  -0.0009399329   0.0047069301  -0.0000921570   0.0001339120
        0.0001244707  -0.0003133174   0.0001212951  -0.0016196870  -0.1210035029
       -0.0170559641   0.1039752175   0.0390034064   0.0950535006  -0.0427814852
        0.0630139515  -0.0807593963  -0.0425828752  -0.0000537221  -0.0001759069
        0.0000986795  -0.0003086140  -0.0002236420  -0.0016242861  -0.0058744833
       -0.0009855118  -0.0005455871   0.0006275508  -0.0008756312  -0.0003610227
       -0.0000996752   0.0000153584  -0.0000594503  -0.0000147011   0.0001629546
       -0.0001120474   0.0000929761   0.0001969707   0.0001088245
        0.0000401075   0.0001311185   0.0000397860  -0.0003757283  -0.0015690264
       -0.0005498266  -0.0061059148  -0.0004759620   0.0007365279  -0.0143857549
       -0.0298794938   0.0096350528   0.0016484937  -0.0018811902  -0.0003819900
       -0.0001665493  -0.0000799939  -0.0003190240   0.0001072507  -0.0000125269
       -0.0000226921  -0.0000605424   0.0013725489   0.0000964217  -0.0787961666
       -0.0962897718   0.0390034064   0.0926320667   0.1128543559  -0.0428829884
        0.0056695434   0.0154791262  -0.0055124819  -0.0004053640  -0.0000433354
       -0.0000423505  -0.0001327178   0.0002816310   0.0001457478   0.0004066594
        0.0000690643   0.0000323895  -0.0000681074   0.0000868039   0.0000306116
        0.0000203624   0.0000038511  -0.0000003458  -0.0000081905  -0.0000253966
       -0.0000136883  -0.0000194477  -0.0000218028   0.0000054438
       -0.0005037554   0.0002792417  -0.0001253845  -0.0000067711  -0.0004293066
       -0.0003003005  -0.0006733100   0.0013511392   0.0004738602  -0.0114640603
       -0.0070050677   0.0017425834   0.0034719733   0.0006672370  -0.0000838953
       -0.0005603589  -0.0006914655  -0.0004467059   0.0001918906  -0.0000040292
        0.0000080281   0.0000373973   0.0001714773   0.0002436483  -0.0965955235
       -0.3350171884   0.0950535006   0.1128543559   0.3624620287  -0.1058739202
       -0.0074392845  -0.0226862175   0.0090544869  -0.0001259728   0.0000421090
        0.0000203429  -0.0000116604   0.0006403235   0.0000958510   0.0009713449
        0.0001458110   0.0001309271  -0.0001392857   0.0001503108   0.0000187437
        0.0000092265  -0.0000123822   0.0000052654  -0.0000052156  -0.0000376383
        0.0000150975  -0.0000109904  -0.0000263826  -0.0000321288
       -0.0013444399  -0.0011564559   0.0002202675  -0.0010797655  -0.0002942737
        0.0012433819  -0.0001406625   0.0011614058   0.0015074447  -0.0099252263
       -0.0045719270  -0.0034797016   0.0000927168  -0.0005834341  -0.0006570237
        0.0004063550   0.0004804723   0.0001730103   0.0000936648  -0.0000874134
        0.0000069409   0.0003068245  -0.0004990851  -0.0004820787   0.0555244692
        0.1213042509  -0.0427814852  -0.0428829884  -0.1058739202   0.0446935985
       -0.0028591243  -0.0101437548  -0.0002244602  -0.0000069006   0.0000053349
       -0.0001336956   0.0001262405  -0.0001847144   0.0000785869   0.0018878933
        0.0002549565  -0.0001925403  -0.0002011818   0.0003257675   0.0000160177
        0.0000324668  -0.0000104219   0.0000122468  -0.0000237449  -0.0000552914
        0.0000393807  -0.0000065966  -0.0000714958  -0.0000398904
        0.0000313766  -0.0003604408  -0.0000003966  -0.0003469850   0.0001845024
       -0.0004101498   0.0020439862   0.0022048706  -0.0004029913  -0.0246645845
        0.0250737044   0.0097048032  -0.0059048477  -0.0015762837   0.0008500657
       -0.0007762999   0.0014367104  -0.0006438468  -0.0004375515  -0.0000946449
       -0.0000346454  -0.0000347345  -0.0004430724   0.0001865939  -0.1476338686
        0.1488295572   0.0630139515   0.0056695434  -0.0074392845  -0.0028591243
        0.1720929466  -0.1668046693  -0.0697647603   0.0001806491   0.0000506783
       -0.0000329283  -0.0007305340  -0.0009707195   0.0002795321   0.0006020150
        0.0000071775   0.0000654445  -0.0001123101   0.0000623321   0.0000382585
        0.0000223606  -0.0000609535  -0.0000004999   0.0000089896  -0.0000387453
        0.0000337003  -0.0000101512  -0.0000607189  -0.0000230070
        0.0003488895   0.0006156089   0.0001306436   0.0006414533  -0.0005306515
        0.0003392487  -0.0031506327   0.0004229627   0.0000253569   0.0065504537
        0.0031159907   0.0009143598  -0.0013972070   0.0011561624  -0.0002658368
       -0.0001320849  -0.0000318310   0.0001504462  -0.0000351172   0.0000628548
       -0.0000242665  -0.0002284707   0.0004734017  -0.0000452638   0.1492408214
       -0.2669334440  -0.0807593963   0.0154791262  -0.0226862175  -0.0101437548
       -0.1668046693   0.2848649273   0.0900683313  -0.0001998158  -0.0000453502
       -0.0000036231   0.0002590250  -0.0003249234  -0.0002496818  -0.0006865477
       -0.0000628354  -0.0000682117   0.0001039934  -0.0001722356  -0.0000456798
       -0.0000026686   0.0000072354  -0.0000028306   0.0000016011   0.0000272711
       -0.0000308935   0.0000118505   0.0000410736   0.0000110521
       -0.0015450744   0.0002363068   0.0001831022   0.0005287262  -0.0003270332
        0.0001648712  -0.0001141625   0.0004726074  -0.0005902649  -0.0108165550
        0.0018908768  -0.0034479190   0.0002937061  -0.0012739206   0.0014798380
       -0.0011520981   0.0000232068   0.0012894281  -0.0000078340   0.0000009915
       -0.0000984518   0.0000791267   0.0002177895   0.0000955939   0.0859199517
       -0.1015302048  -0.0425828752  -0.0055124819   0.0090544869  -0.0002244602
       -0.0697647603   0.0900683313   0.0443761989   0.0000639982   0.0001152790
       -0.0000115773   0.0003290597   0.0005208218  -0.0004016427   0.0018963852
        0.0003835226  -0.0001807708  -0.0002047979   0.0002419019  -0.0000531025
        0.0000333101   0.0000066863  -0.0000111496  -0.0000367647  -0.0000467465
        0.0000398241   0.0000102650  -0.0000549034  -0.0000266425
        0.0069405621   0.0155652014  -0.0000419232  -0.0828393290  -0.0927313401
        0.0003764269  -0.0131612653  -0.0278433361   0.0000385319  -0.0049237455
        0.0001639185   0.0000921004  -0.0003862282   0.0003939483   0.0000018028
       -0.0018580565   0.0028950302   0.0000393698   0.0002064480   0.0009719635
       -0.0000045394  -0.0000841429  -0.0000498868   0.0000019572  -0.0009949553
       -0.0016828661  -0.0000537221  -0.0004053640  -0.0001259728  -0.0000069006
        0.0001806491  -0.0001998158   0.0000639982   0.0956508980   0.1039992685
       -0.0004694944   0.0007294531  -0.0007715309  -0.0000215852   0.0010137201
       -0.0007497790  -0.0000193209  -0.0001693251   0.0002484203   0.0000004743
       -0.0000309138   0.0000292411   0.0000007683   0.0000656124  -0.0000558386
        0.0000547401   0.0000659828  -0.0000566255  -0.0000526842
       -0.0102307809  -0.0272717820   0.0000751641  -0.0922291942  -0.2632881062
        0.0005856615  -0.0039782181  -0.0062364024  -0.0000005506  -0.0003187664
        0.0016464578   0.0000561523   0.0005429753   0.0008737210   0.0000024522
        0.0037553967  -0.0034866272  -0.0000353687  -0.0004513699  -0.0016024083
        0.0000055834  -0.0000212543  -0.0000029560   0.0000112374  -0.0006238553
       -0.0005695337  -0.0001759069  -0.0000433354   0.0000421090   0.0000053349
        0.0000506783  -0.0000453502   0.0001152790   0.1039992685   0.2965698389
       -0.0006503845   0.0006677694   0.0010864132  -0.0000042743  -0.0003982810
        0.0012932560   0.0000130969  -0.0003828811   0.0006735889  -0.0000040542
       -0.0000141899   0.0001395720  -0.0000001793  -0.0001623859   0.0000892285
       -0.0000936572  -0.0001615759   0.0000889806   0.0000944139
       -0.0000396421  -0.0000287724   0.0018862078   0.0003790685   0.0005295980
       -0.0327888364   0.0000822126   0.0002349141  -0.0002147966   0.0001390245
       -0.0000810205   0.0085659841   0.0000068013   0.0000414295  -0.0000547222
        0.0000294627  -0.0000232199   0.0067584162  -0.0000034823  -0.0000049884
       -0.0003250501  -0.0000033829   0.0000008109  -0.0015517192  -0.0000073914
       -0.0000219256   0.0000986795  -0.0000423505   0.0000203429  -0.0001336956
       -0.0000329283  -0.0000036231  -0.0000115773  -0.0004694944  -0.0006503845
        0.0237606509  -0.0000119674   0.0000002431  -0.0030923654  -0.0000280097
       -0.0000089295  -0.0028860059   0.0000033603  -0.0000066980   0.0000092894
       -0.0000008021   0.0000000658   0.0000198774  -0.0000166095   0.0000236219
       -0.0000201995   0.0000161309  -0.0000214642  -0.0000201370
       -0.0041626080  -0.0017582884   0.0000574780  -0.0220693881   0.0245022479
        0.0000743523  -0.1358164672   0.1217619668   0.0006314383   0.0048283226
       -0.0058409091  -0.0001677306  -0.0001489079  -0.0020585237   0.0000545095
       -0.0000173308  -0.0006272479   0.0000171720  -0.0000777768   0.0000437798
       -0.0000172855   0.0002621222  -0.0003539946  -0.0000645753   0.0017326333
       -0.0012664732  -0.0003086140  -0.0001327178  -0.0000116604   0.0001262405
       -0.0007305340   0.0002590250   0.0003290597   0.0007294531   0.0006677694
       -0.0000119674   0.1578443701  -0.1368268464  -0.0007428056  -0.0016708826
        0.0013691791   0.0000161048  -0.0005392537  -0.0000581710   0.0000147709
       -0.0001192478   0.0001187367  -0.0000005536   0.0000466085   0.0000354359
       -0.0000135108   0.0000416049   0.0000439741   0.0000059167
       -0.0013384128   0.0013378906   0.0000137874   0.0001803882   0.0012999809
        0.0000043368   0.1225437315  -0.2071129377  -0.0001791384   0.0184044542
       -0.0255731197  -0.0000138523  -0.0028774951  -0.0049494462  -0.0000005350
       -0.0008915225   0.0004497738   0.0000115500  -0.0000225935   0.0000184657
        0.0000062419   0.0008620714  -0.0017238690   0.0000278193   0.0011334625
        0.0014802375  -0.0002236420   0.0002816310   0.0006403235  -0.0001847144
       -0.0009707195  -0.0003249234   0.0005208218  -0.0007715309   0.0010864132
        0.0000002431  -0.1368268464   0.2333380732   0.0000206826   0.0005007904
       -0.0001412935  -0.0000066445  -0.0001656570   0.0002763668  -0.0000022785
        0.0000163929  -0.0000029904  -0.0000004823  -0.0000295948  -0.0000467956
        0.0000049928  -0.0000285496  -0.0000521497   0.0000008117
        0.0000927434  -0.0000510790   0.0083672072   0.0002174835  -0.0002780081
       -0.0005547639   0.0005449949   0.0002621877  -0.0313652020   0.0000916063
        0.0000929372   0.0011606028  -0.0000367742   0.0000503964   0.0066721884
        0.0000527278   0.0000672030   0.0000687403  -0.0000019104  -0.0000121414
       -0.0015872209  -0.0000469333  -0.0000265216  -0.0005928458  -0.0006680686
        0.0000636533  -0.0016242861   0.0001457478   0.0000958510   0.0000785869
        0.0002795321  -0.0002496818  -0.0004016427  -0.0000215852  -0.0000042743
       -0.0030923654  -0.0007428056   0.0000206826   0.0226446460   0.0000875926
       -0.0000269457   0.0003278220   0.0000078209   0.0000107466  -0.0000582604
        0.0000025853  -0.0000070086  -0.0000197963  -0.0000014184  -0.0000097453
       -0.0000106814  -0.0000033389   0.0000017480  -0.0000127286
       -0.2189269334  -0.0628822876   0.0007723899  -0.0413738794   0.0050583809
        0.0003078716  -0.0037687595  -0.0016958562   0.0002099965   0.0178170364
        0.0007430590   0.0015025639  -0.0072259260   0.0015075678   0.0002420217
       -0.0256525008  -0.0118023594   0.0002266485   0.0000305797   0.0011393083
       -0.0000261831  -0.0020569412  -0.0009893329   0.0000984277  -0.0163408178
       -0.0019934241  -0.0058744833   0.0004066594   0.0009713449   0.0018878933
        0.0006020150  -0.0006865477   0.0018963852   0.0010137201  -0.0003982810
       -0.0000280097  -0.0016708826   0.0005007904   0.0000875926   0.4452793417
       -0.0503519333  -0.0011900589  -0.1097882720   0.0701556914  -0.0000314453
       -0.0319012953   0.0257711803  -0.0000285446  -0.0032470112   0.0124667023
       -0.0079861323  -0.0031961333   0.0124859968   0.0079330665
       -0.0384539744  -0.0983329162   0.0002761778   0.0313717683   0.0071019485
       -0.0001249965   0.0015412063  -0.0051418731   0.0000482291   0.0026852607
        0.0009065733   0.0002601681  -0.0014060690  -0.0059910530   0.0000286424
       -0.0389216588  -0.0092518666   0.0002316993   0.0013549518   0.0012642194
       -0.0000079682  -0.0020196787  -0.0008016825   0.0000503428  -0.0026137884
       -0.0003930957  -0.0009855118   0.0000690643   0.0001458110   0.0002549565
        0.0000071775  -0.0000628354   0.0003835226  -0.0007497790   0.0012932560
       -0.0000089295   0.0013691791  -0.0001412935  -0.0000269457  -0.0503519333
        0.3367041463  -0.0007423452   0.0545907405  -0.1719893595   0.0002525906
       -0.0018478927   0.0079890991  -0.0000013221   0.0216634397  -0.0316196970
        0.0086665681   0.0217119860  -0.0316793811  -0.0085548781
        0.0007581149   0.0003777180  -0.0312005913   0.0002025950  -0.0000561697
        0.0032328452   0.0000239238  -0.0000113563   0.0044932036  -0.0000225422
        0.0000017265   0.0000071078   0.0000745987   0.0000183933   0.0061694448
        0.0001872333   0.0000979100   0.0027673272  -0.0000077878  -0.0000053014
       -0.0015886364   0.0000441610   0.0000252178   0.0002588558  -0.0001634938
       -0.0000547346  -0.0005455871   0.0000323895   0.0001309271  -0.0001925403
        0.0000654445  -0.0000682117  -0.0001807708  -0.0000193209   0.0000130969
       -0.0028860059   0.0000161048  -0.0000066445   0.0003278220  -0.0011900589
       -0.0007423452   0.0585957150  -0.0000056157   0.0001949055  -0.0451909398
        0.0000511476  -0.0000334922   0.0009358282  -0.0181576369   0.0212927517
        0.0024548883   0.0181107430  -0.0211743910   0.0025420337
       -0.0369846490   0.0235992163   0.0000424621  -0.0050824040  -0.0017340400
        0.0000044217  -0.0010591491   0.0023259981  -0.0000179295  -0.0019682519
       -0.0001554694  -0.0001645059   0.0001208735   0.0001073839  -0.0000247835
        0.0007669843   0.0001514258  -0.0000176745  -0.0018830478   0.0001608269
        0.0000008106   0.0001241417   0.0001631241  -0.0000054250   0.0016991500
        0.0002572925   0.0006275508  -0.0000681074  -0.0001392857  -0.0002011818
       -0.0001123101   0.0001039934  -0.0002047979  -0.0001693251  -0.0003828811
        0.0000033603  -0.0005392537  -0.0001656570   0.0000078209  -0.1097882720
        0.0545907405  -0.0000056157   0.4746213415   0.0632543170  -0.0002364488
       -0.2285261107  -0.1042200178   0.0002140327  -0.0455561006  -0.0188701478
        0.0247118370  -0.0455955096  -0.0190468197  -0.0247339333
        0.0077056461   0.0125378131  -0.0000721587  -0.0001569695  -0.0010079501
        0.0000154998  -0.0014912647  -0.0017541642   0.0000642295   0.0026478443
        0.0012559258   0.0002259952   0.0004873210   0.0011128193   0.0000060244
       -0.0027037055   0.0003346577   0.0000110581  -0.0015863065   0.0003266056
        0.0000018906  -0.0000476573  -0.0000564207   0.0000056917  -0.0025380168
       -0.0002496441  -0.0008756312   0.0000868039   0.0001503108   0.0003257675
        0.0000623321  -0.0001722356   0.0002419019   0.0002484203   0.0006735889
       -0.0000066980  -0.0000581710   0.0002763668   0.0000107466   0.0701556914
       -0.1719893595   0.0001949055   0.0632543170   0.4529465172   0.0001225862
       -0.0975909653  -0.0910428347   0.0000949820  -0.0191551170  -0.1013491973
        0.0964406418  -0.0193202025  -0.1019927989  -0.0968074330
        0.0000282472  -0.0001226834  -0.0042649197   0.0000440251   0.0000089802
        0.0006696441   0.0000159594  -0.0000141711   0.0013041314   0.0000701817
        0.0000108234   0.0004391532  -0.0000142474   0.0000293775   0.0006623662
       -0.0000005616  -0.0000028638  -0.0013470702  -0.0000026083  -0.0000017116
       -0.0001820440  -0.0000078126  -0.0000047380  -0.0000012752  -0.0001090145
       -0.0000024914  -0.0003610227   0.0000306116   0.0000187437   0.0000160177
        0.0000382585  -0.0000456798  -0.0000531025   0.0000004743  -0.0000040542
        0.0000092894   0.0000147709  -0.0000022785  -0.0000582604  -0.0000314453
        0.0002525906  -0.0451909398  -0.0002364488   0.0001225862   0.4822017404
        0.0002034914   0.0001164792  -0.0437500867   0.0253659708   0.0969545797
       -0.1953106325  -0.0254098524  -0.0973134888  -0.1947829885
       -0.0032361097   0.0035702314  -0.0000220508  -0.0008633098  -0.0005536473
        0.0000043492  -0.0002726525   0.0001365750   0.0000078596   0.0003337809
        0.0001604562   0.0000170543   0.0001236052   0.0001129317   0.0000035193
        0.0002400802   0.0006741570  -0.0000015276   0.0000068645   0.0001388532
       -0.0000004754  -0.0000121567  -0.0000109280   0.0000009465  -0.0002651076
       -0.0000301986  -0.0000996752   0.0000203624   0.0000092265   0.0000324668
        0.0000223606  -0.0000026686   0.0000333101  -0.0000309138  -0.0000141899
       -0.0000008021  -0.0001192478   0.0000163929   0.0000025853  -0.0319012953
       -0.0018478927   0.0000511476  -0.2285261107  -0.0975909653   0.0002034914
        0.2762216484   0.1069252667  -0.0002523283  -0.0058598569  -0.0058362931
        0.0016968057  -0.0058819413  -0.0058573070  -0.0016766762
        0.0032185325  -0.0031065877   0.0000110856   0.0013662016   0.0001784898
       -0.0000062591   0.0000633865  -0.0002649298   0.0000026092  -0.0001672726
        0.0000730588  -0.0000030276   0.0000905168   0.0001996241  -0.0000025203
       -0.0002949153  -0.0006855920  -0.0000006248  -0.0003048410   0.0003525944
        0.0000018993   0.0000596193   0.0000458813  -0.0000054674   0.0000004333
        0.0000374850   0.0000153584   0.0000038511  -0.0000123822  -0.0000104219
       -0.0000609535   0.0000072354   0.0000066863   0.0000292411   0.0001395720
        0.0000000658   0.0001187367  -0.0000029904  -0.0000070086   0.0257711803
        0.0079890991  -0.0000334922  -0.1042200178  -0.0910428347   0.0001164792
        0.1069252667   0.1040866281  -0.0001193917  -0.0162622731  -0.0089718705
        0.0016215035  -0.0163366926  -0.0090224808  -0.0015874737
        0.0000088673   0.0000053413   0.0005618648  -0.0000042714  -0.0000004843
        0.0000854791  -0.0000016188  -0.0000050476   0.0000103274   0.0000276036
        0.0000061451   0.0000514395  -0.0000009597   0.0000087057   0.0000239120
       -0.0000056347  -0.0000016054   0.0002887303   0.0000024230  -0.0000018297
       -0.0001797593  -0.0000015760  -0.0000015260   0.0000158789  -0.0000120575
       -0.0000084757  -0.0000594503  -0.0000003458   0.0000052654   0.0000122468
       -0.0000004999  -0.0000028306  -0.0000111496   0.0000007683  -0.0000001793
        0.0000198774  -0.0000005536  -0.0000004823  -0.0000197963  -0.0000285446
       -0.0000013221   0.0009358282   0.0002140327   0.0000949820  -0.0437500867
       -0.0002523283  -0.0001193917   0.0456286289   0.0236812023   0.0141489766
       -0.0018411098  -0.0236265069  -0.0141262416  -0.0017728611
        0.0019625791   0.0005216825  -0.0014011390  -0.0008417463   0.0004407772
        0.0001268811   0.0004917531   0.0002600380   0.0001995305  -0.0000653933
       -0.0005069189   0.0000715690  -0.0005608577   0.0000865608   0.0004007128
        0.0003069644  -0.0000211789  -0.0000973395  -0.0015240952  -0.0007989367
       -0.0011009568   0.0000587627   0.0000064492  -0.0000223343   0.0001296554
        0.0000027037  -0.0000147011  -0.0000081905  -0.0000052156  -0.0000237449
        0.0000089896   0.0000016011  -0.0000367647   0.0000656124  -0.0001623859
       -0.0000166095   0.0000466085  -0.0000295948  -0.0000014184  -0.0032470112
        0.0216634397  -0.0181576369  -0.0455561006  -0.0191551170   0.0253659708
       -0.0058598569  -0.0162622731   0.0236812023   0.0531798687   0.0128171304
       -0.0241810861   0.0014124578   0.0011412382  -0.0047921354
       -0.0013107509   0.0005518948   0.0000328815   0.0002018705  -0.0001841097
       -0.0000571303  -0.0000346418   0.0002201665  -0.0001590046  -0.0005335352
        0.0000671032  -0.0000072712   0.0001400464  -0.0002151885   0.0001137167
       -0.0000139972   0.0003159881  -0.0004253258  -0.0006130696   0.0002809890
       -0.0002220695   0.0000111310   0.0000382443   0.0000024470   0.0005086342
        0.0000672492   0.0001629546  -0.0000253966  -0.0000376383  -0.0000552914
       -0.0000387453   0.0000272711  -0.0000467465  -0.0000558386   0.0000892285
        0.0000236219   0.0000354359  -0.0000467956  -0.0000097453   0.0124667023
       -0.0316196970   0.0212927517  -0.0188701478  -0.1013491973   0.0969545797
       -0.0058362931  -0.0089718705   0.0141489766   0.0128171304   0.1323830831
       -0.1189597093   0.0011514657   0.0083832792  -0.0127896359
        0.0017875479   0.0001941463   0.0004974739  -0.0003041983   0.0000985652
       -0.0000118071   0.0002470839  -0.0000675669   0.0000395825   0.0004498147
       -0.0001730488   0.0000126623  -0.0001030535  -0.0001093129  -0.0001292365
        0.0000195783   0.0006370193   0.0001198986  -0.0009049296  -0.0008058824
       -0.0001750412  -0.0000122457  -0.0000495860   0.0000057079  -0.0002615133
       -0.0000688871  -0.0001120474  -0.0000136883   0.0000150975   0.0000393807
        0.0000337003  -0.0000308935   0.0000398241   0.0000547401  -0.0000936572
       -0.0000201995  -0.0000135108   0.0000049928  -0.0000106814  -0.0079861323
        0.0086665681   0.0024548883   0.0247118370   0.0964406418  -0.1953106325
        0.0016968057   0.0016215035  -0.0018411098  -0.0241810861  -0.1189597093
        0.2235955569   0.0047792502   0.0126800095  -0.0291942198
        0.0019568905   0.0005304942   0.0013795636  -0.0008524023   0.0004376876
       -0.0001201215   0.0004818380   0.0002531500  -0.0002142792  -0.0000576944
       -0.0004995933  -0.0000808829  -0.0005540162   0.0000838916  -0.0003866282
        0.0002936814  -0.0000295051   0.0000977669  -0.0015010809  -0.0007882195
        0.0010997264   0.0000603297   0.0000066455   0.0000187046   0.0001681475
        0.0000027670   0.0000929761  -0.0000194477  -0.0000109904  -0.0000065966
       -0.0000101512   0.0000118505   0.0000102650   0.0000659828  -0.0001615759
        0.0000161309   0.0000416049  -0.0000285496  -0.0000033389  -0.0031961333
        0.0217119860   0.0181107430  -0.0455955096  -0.0193202025  -0.0254098524
       -0.0058819413  -0.0163366926  -0.0236265069   0.0014124578   0.0011514657
        0.0047792502   0.0531874443   0.0129853908   0.0242430800
       -0.0013111569   0.0005424602  -0.0000363223   0.0002160366  -0.0001826007
        0.0000530257  -0.0000414797   0.0002224553   0.0001484516  -0.0005434943
        0.0000714873  -0.0000778508   0.0001487839  -0.0002158223  -0.0001221552
       -0.0000157295   0.0003106676   0.0004123248  -0.0006001302   0.0002825356
        0.0002192026   0.0000141222   0.0000420143  -0.0000118015   0.0005197219
        0.0000403067   0.0001969707  -0.0000218028  -0.0000263826  -0.0000714958
       -0.0000607189   0.0000410736  -0.0000549034  -0.0000566255   0.0000889806
       -0.0000214642   0.0000439741  -0.0000521497   0.0000017480   0.0124859968
       -0.0316793811  -0.0211743910  -0.0190468197  -0.1019927989  -0.0973134888
       -0.0058573070  -0.0090224808  -0.0141262416   0.0011412382   0.0083832792
        0.0126800095   0.0129853908   0.1331463557   0.1192983816
       -0.0017764210  -0.0001918523   0.0004996755   0.0002983055  -0.0001004931
       -0.0000162827  -0.0002399405   0.0000595335   0.0000400383  -0.0004326444
        0.0001828853  -0.0000526978   0.0000957650   0.0001123331  -0.0001344532
       -0.0000324647  -0.0006402544   0.0001142452   0.0009099357   0.0008023527
       -0.0001812466   0.0000051417   0.0000434989   0.0000043205   0.0002632517
        0.0000988864   0.0001088245   0.0000054438  -0.0000321288  -0.0000398904
       -0.0000230070   0.0000110521  -0.0000266425  -0.0000526842   0.0000944139
       -0.0000201370   0.0000059167   0.0000008117  -0.0000127286   0.0079330665
       -0.0085548781   0.0025420337  -0.0247339333  -0.0968074330  -0.1947829885
       -0.0016766762  -0.0015874737  -0.0017728611  -0.0047921354  -0.0127896359
       -0.0291942198   0.0242430800   0.1192983816   0.2229250104
