           1           2   1.35119727750392     
           2           3   1.48012668741683     
           3           4   1.33184528296517     
           2           5  0.105263719011746     
           4           5   1.35554114181248     
           1           6   1.38149775586141     
           3           6  0.100247510750244     
           5           6   1.44414529958847     
           6           7  0.966231685634519     
           5           8  0.968725884353734     
           4           9   1.16255491484513     
           9          10  0.942744344778679     
           9          11  0.942764092404503     
           2          12  0.969024290758445     
           3          13  0.968070827418612     
           1          14   1.02251975929515     
          14          15  0.979171371692473     
          15          16  0.978446120689053     
          15          17  0.977133896884289     
          15          18  0.977144723392614     
