           1           2   1.40019880171652     
           2           3   1.45947666440093     
           3           4   1.34123017765178     
           2           5  0.100573418016643     
           4           5   1.34089369984901     
           1           6   1.39983983279325     
           3           6  0.100558697422023     
           5           6   1.45987106696164     
           2           7  0.967613628671544     
           3           8  0.966044995397560     
           5           9  0.966041746093650     
           6          10  0.967611511082914     
           4          11   1.17516847794070     
          11          12  0.938875420534374     
          11          13  0.938861840575655     
           1          14  0.915979965130574     
