           1           2   1.33808805168536     
           2           3   1.50264620961005     
           3           4   1.32471735416292     
           4           5   1.33048465760265     
           1           6   1.34371722932926     
           5           6   1.49444173007447     
           5           7  0.959618017794933     
           6           8  0.959724906007013     
           4           9   1.13915279388183     
           9          10  0.822461794461121     
           3          11  0.961784465750894     
           1          12  0.999738014344270     
          12          13   1.41250598298556     
          12          14   1.41167284365940     
          13          14  0.312163113890268     
           2          15  0.959929710939931     
