$hessian                                                                        
        0.6592158466   0.0173303441   0.0001070377  -0.1276673335   0.0441418246
       -0.0000226713   0.0550640372   0.0120142885   0.0000090413  -0.0391019510
        0.0341091359  -0.0000114011  -0.0517676137  -0.0759121161  -0.0000013664
       -0.3297086773   0.0717793169  -0.0000667314  -0.0129011720   0.0038142664
       -0.0000035638   0.0008787874  -0.0012632198   0.0000000600   0.0003989371
       -0.0003723302  -0.0000001597  -0.0136999677   0.0268957447  -0.0000061150
       -0.0013223078  -0.0037840362  -0.0000008434  -0.1394485063  -0.1275819223
       -0.0000042891   0.0000599210  -0.0011712966   0.0000010022
        0.0173303441   0.6696552355  -0.0000714923   0.1228132003  -0.2970919296
        0.0000595915  -0.0454447695  -0.0664523057  -0.0000007324   0.0349445667
       -0.0205887292   0.0000090465  -0.0139102253   0.0393662548  -0.0000069293
       -0.0092539812  -0.0964869470   0.0000046161   0.0269952406  -0.0050882410
        0.0000064969  -0.0027253976  -0.0016371755  -0.0000001917   0.0001071565
        0.0001461435  -0.0000000036   0.0033771396  -0.0047669306   0.0000011657
       -0.0032663224  -0.0030704185   0.0000007025  -0.1274547758  -0.2110704859
       -0.0000020039  -0.0035121760  -0.0029144709  -0.0000002660
        0.0001070377  -0.0000714923   0.1122275974  -0.0000327899   0.0000438456
       -0.0479029923   0.0000166295   0.0000112920   0.0023210365  -0.0000118410
        0.0000093130  -0.0043052253  -0.0000092307  -0.0000205171   0.0010192193
       -0.0000556166   0.0000210456  -0.0451999773  -0.0000061791   0.0000017285
        0.0007248063   0.0000004751  -0.0000002606  -0.0002045133   0.0000002035
        0.0000000623   0.0000266800  -0.0000032906   0.0000060843   0.0005829506
       -0.0000013225   0.0000004347   0.0075680830  -0.0000038495  -0.0000020684
       -0.0321499056  -0.0000002259   0.0000005325   0.0052922406
       -0.1276673335   0.1228132003  -0.0000327899   0.6815635348  -0.0011342497
        0.0001159354  -0.1859064542  -0.1586308822  -0.0000104513  -0.0460690513
       -0.0179837444  -0.0000071279   0.0020246475  -0.0066278105   0.0000020554
       -0.0221258899   0.0311016572  -0.0000097963  -0.0058307128   0.0012478899
       -0.0000035453  -0.0040494136   0.0034459470  -0.0000030344  -0.0016093234
       -0.0013012017  -0.0000008680  -0.3019085672   0.0357239064  -0.0000561701
        0.0063409726   0.0077601439   0.0000007462   0.0059664402  -0.0163116452
        0.0000036288  -0.0007288489  -0.0001032110   0.0000014176
        0.0441418246  -0.2970919296   0.0000438456  -0.0011342497   0.6556894130
       -0.0000691829  -0.0830173686  -0.2521039134   0.0000074900  -0.0743290620
        0.0392363020  -0.0000205914  -0.0080436319  -0.0638997624   0.0000053503
        0.0906354910   0.0111330550   0.0000170874   0.0007655216   0.0009968535
        0.0000001420   0.0054963971   0.0019911992   0.0000010339   0.0001132340
       -0.0004252569   0.0000000896   0.0355484382  -0.0479862292   0.0000093173
       -0.0151959142  -0.0240395023  -0.0000001645   0.0072421443  -0.0244508421
        0.0000047912  -0.0022228244   0.0009506131   0.0000007915
       -0.0000226713   0.0000595915  -0.0479029923   0.0001159354  -0.0000691829
        0.1168806939  -0.0000196550  -0.0000077801  -0.0437883135   0.0000000971
       -0.0000079777  -0.0026127662   0.0000026837   0.0000060449  -0.0043310400
       -0.0000173358   0.0000044865   0.0017127888  -0.0000026844   0.0000011435
        0.0076532613  -0.0000030187   0.0000004755   0.0057144409  -0.0000003783
        0.0000000722   0.0012797874  -0.0000571199   0.0000088131  -0.0343284867
        0.0000030991   0.0000044918  -0.0001004918   0.0000002911  -0.0000001202
       -0.0000739056   0.0000007570  -0.0000000580  -0.0001029763
        0.0550640372  -0.0454447695   0.0000166295  -0.1859064542  -0.0830173686
       -0.0000196550   0.6436174243   0.0145641744   0.0001049794  -0.2980742471
       -0.0023502417  -0.0000470855  -0.0243257107   0.0837511538  -0.0000154666
       -0.0522287709  -0.0214539642  -0.0000066083  -0.0003250600  -0.0003516930
        0.0000003885  -0.0418233381  -0.0141943436  -0.0000072483  -0.0011746637
       -0.0022405938  -0.0000000705  -0.0211807107  -0.0230091734  -0.0000015982
       -0.0787882795   0.0911965930  -0.0000208592   0.0002462355   0.0025329133
       -0.0000017216   0.0048995380   0.0000173131  -0.0000016842
        0.0120142885  -0.0664523057   0.0000112920  -0.1586308822  -0.2521039134
       -0.0000077801   0.0145641744   0.6924415809  -0.0000686745   0.0769056674
       -0.0950501227   0.0000240537   0.0257573898   0.0125428844   0.0000033732
       -0.0245629760  -0.0066100750  -0.0000041429  -0.0006327978   0.0005716346
        0.0000002768  -0.0404635332  -0.0018035119  -0.0000075948  -0.0025090009
       -0.0031846235   0.0000002414   0.0004210438   0.0018602756  -0.0000001920
        0.0903060641  -0.2730934400   0.0000466740   0.0021957393  -0.0050641544
        0.0000018657   0.0046348227  -0.0040542290   0.0000006074
        0.0000090413  -0.0000007324   0.0023210365  -0.0000104513   0.0000074900
       -0.0437883135   0.0001049794  -0.0000686745   0.1095679033  -0.0000561378
        0.0000082381  -0.0497492250  -0.0000080967   0.0000158014  -0.0003657959
       -0.0000070687  -0.0000040639  -0.0026625654  -0.0000001794  -0.0000002466
       -0.0001685394  -0.0000052408  -0.0000031548   0.0040755748  -0.0000001514
       -0.0000003341   0.0014819936  -0.0000043017  -0.0000045930   0.0002473892
       -0.0000201465   0.0000469211  -0.0326576917  -0.0000017380   0.0000022740
        0.0068486290  -0.0000005083   0.0000010748   0.0048496045
       -0.0391019510   0.0349445667  -0.0000118410  -0.0460690513  -0.0743290620
        0.0000000971  -0.2980742471   0.0769056674  -0.0000561378   0.6473421465
        0.0002652628   0.0001063737  -0.0951804105   0.0350697689  -0.0000146895
        0.0526949961   0.0107199433   0.0000101494  -0.0013764060  -0.0028916454
       -0.0000014333  -0.1361723218  -0.0768611881  -0.0000131163  -0.0310283724
       -0.0303053270  -0.0000039286  -0.0008503700  -0.0025121166  -0.0000019778
       -0.0139911451   0.0048775575  -0.0000035071  -0.0003263658   0.0008711044
       -0.0000006938  -0.0378665017   0.0232454680  -0.0000092950
        0.0341091359  -0.0205887292   0.0000093130  -0.0179837444   0.0392363020
       -0.0000079777  -0.0023502417  -0.0950501227   0.0000082381   0.0002652628
        0.6331249567  -0.0000643525   0.1131566947  -0.2630593962   0.0000452988
       -0.0442315076  -0.0584614598  -0.0000051852  -0.0019810483  -0.0009721297
       -0.0000019720  -0.1068987266  -0.2258516178  -0.0000008191  -0.0109652562
        0.0089753152  -0.0000069496  -0.0027669907  -0.0027278010   0.0000023789
        0.0302042234  -0.0064362578   0.0000085632   0.0007730561   0.0004958682
        0.0000003415   0.0086691425  -0.0086849278   0.0000131228
       -0.0000114011   0.0000090465  -0.0043052253  -0.0000071279  -0.0000205914
       -0.0026127662  -0.0000470855   0.0000240537  -0.0497492250   0.0001063737
       -0.0000643525   0.1273132582  -0.0000234052   0.0000324954  -0.0483526987
        0.0000180787   0.0000096693  -0.0037742686  -0.0000014045   0.0000005674
        0.0074372260  -0.0000078087   0.0000091372  -0.0366220978  -0.0000072735
       -0.0000093587  -0.0014839894  -0.0000015012   0.0000006679   0.0081732517
       -0.0000070693   0.0000019328   0.0016939546  -0.0000002365   0.0000001357
        0.0007102453  -0.0000101390   0.0000065966   0.0015723353
       -0.0517676137  -0.0139102253  -0.0000092307   0.0020246475  -0.0080436319
        0.0000026837  -0.0243257107   0.0257573898  -0.0000080967  -0.0951804105
        0.1131566947  -0.0000234052   0.4598612952   0.0423838664   0.0000700825
       -0.1589361386  -0.1482712812  -0.0000045436   0.0049241565   0.0084839925
       -0.0000004906  -0.0020219611  -0.0319522392   0.0000025714  -0.0001192760
       -0.0026854583   0.0000001148   0.0006781607  -0.0003262317   0.0000002133
       -0.0045057278   0.0009048532  -0.0000026010  -0.0046549604   0.0006711379
       -0.0000022823  -0.1259764611   0.0138311332  -0.0000250156
       -0.0759121161   0.0393662548  -0.0000205171  -0.0066278105  -0.0638997624
        0.0000060449   0.0837511538   0.0125428844   0.0000158014   0.0350697689
       -0.2630593962   0.0000324954   0.0423838664   0.6367031027  -0.0000589188
       -0.0794613476  -0.2533284765   0.0000113829  -0.0161992160  -0.0267375299
       -0.0000001054  -0.0004562940  -0.0545135342   0.0000065901   0.0027839856
       -0.0003745793   0.0000007271  -0.0001584095  -0.0008267804   0.0000003098
       -0.0000209767   0.0004353317   0.0000006179   0.0011087247   0.0009618601
        0.0000012219   0.0137386711  -0.0272693748   0.0000043500
       -0.0000013664  -0.0000069293   0.0010192193   0.0000020554   0.0000053503
       -0.0043310400  -0.0000154666   0.0000033732  -0.0003657959  -0.0000146895
        0.0000452988  -0.0483526987   0.0000700825  -0.0000589188   0.0922342414
       -0.0000124169  -0.0000024117  -0.0427192451   0.0000029701   0.0000053231
        0.0005303773   0.0000004672   0.0000032475   0.0046326908  -0.0000004052
       -0.0000005828  -0.0003894625   0.0000000976   0.0000001208   0.0004564309
       -0.0000024121   0.0000010042   0.0075276745  -0.0000025801   0.0000009980
        0.0074732506  -0.0000263360   0.0000041265  -0.0177156426
       -0.3297086773  -0.0092539812  -0.0000556166  -0.0221258899   0.0906354910
       -0.0000173358  -0.0522287709  -0.0245629760  -0.0000070687   0.0526949961
       -0.0442315076   0.0000180787  -0.1589361386  -0.0794613476  -0.0000124169
        0.6552882969  -0.0161225732   0.0001144425  -0.0825535931   0.0943456335
       -0.0000207498  -0.0017251718   0.0041258528  -0.0000007149  -0.0014966765
        0.0000818630   0.0000011239  -0.0003138986   0.0026563453  -0.0000030196
       -0.0006082326  -0.0002467926  -0.0000011599  -0.0216244994   0.0003512652
       -0.0000042201  -0.0366617444  -0.0183172726  -0.0000113429
        0.0717793169  -0.0964869470   0.0000210456   0.0311016572   0.0111330550
        0.0000044865  -0.0214539642  -0.0066100750  -0.0000040639   0.0107199433
       -0.0584614598   0.0000096693  -0.1482712812  -0.2533284765  -0.0000024117
       -0.0161225732   0.6720129889  -0.0000746684   0.0954467144  -0.2658247074
        0.0000516997   0.0018748091  -0.0044479119   0.0000025780  -0.0007748920
        0.0004594692   0.0000007043   0.0026855995  -0.0046765612   0.0000012393
       -0.0005414977   0.0007800722  -0.0000006924  -0.0234203499   0.0015519875
       -0.0000051373  -0.0030234824   0.0038985659  -0.0000044489
       -0.0000667314   0.0000046161  -0.0451999773  -0.0000097963   0.0000170874
        0.0017127888  -0.0000066083  -0.0000041429  -0.0026625654   0.0000101494
       -0.0000051852  -0.0037742686  -0.0000045436   0.0000113829  -0.0427192451
        0.0001144425  -0.0000746684   0.1116553246  -0.0000226786   0.0000498257
       -0.0333168718  -0.0000012369   0.0000036676   0.0068183012  -0.0000002307
        0.0000001702  -0.0000520244  -0.0000018139   0.0000020135   0.0071593083
       -0.0000001290  -0.0000002179  -0.0001472473  -0.0000012399  -0.0000001555
       -0.0003522383  -0.0000095833  -0.0000043935   0.0008787155
       -0.0129011720   0.0269952406  -0.0000061791  -0.0058307128   0.0007655216
       -0.0000026844  -0.0003250600  -0.0006327978  -0.0000001794  -0.0013764060
       -0.0019810483  -0.0000014045   0.0049241565  -0.0161992160   0.0000029701
       -0.0825535931   0.0954467144  -0.0000226786   0.0967027234  -0.1039418804
        0.0000283409  -0.0002950311  -0.0015075864   0.0000001587   0.0001117234
       -0.0001507752  -0.0000001071  -0.0007501998   0.0013961035  -0.0000002862
       -0.0000003019  -0.0000714556   0.0000003578   0.0005584200   0.0007776583
        0.0000005369   0.0017354534  -0.0008964787   0.0000011549
        0.0038142664  -0.0050882410   0.0000017285   0.0012478899   0.0009968535
        0.0000011435  -0.0003516930   0.0005716346  -0.0000002466  -0.0028916454
       -0.0009721297   0.0000005674   0.0084839925  -0.0267375299   0.0000053231
        0.0943456335  -0.2658247074   0.0000498257  -0.1039418804   0.2980179981
       -0.0000576176  -0.0003127198  -0.0024682554   0.0000001446   0.0004040090
        0.0000135411   0.0000000636   0.0001703288  -0.0003699009   0.0000000754
        0.0000095195   0.0000545460  -0.0000002345  -0.0006773356   0.0008893339
       -0.0000005354  -0.0003003652   0.0009168570  -0.0000002377
       -0.0000035638   0.0000064969   0.0007248063  -0.0000035453   0.0000001420
        0.0076532613   0.0000003885   0.0000002768  -0.0001685394  -0.0000014333
       -0.0000019720   0.0074372260  -0.0000004906  -0.0000001054   0.0005303773
       -0.0000207498   0.0000516997  -0.0333168718   0.0000283409  -0.0000576176
        0.0234564075   0.0000010615   0.0000018684  -0.0001682692  -0.0000002772
        0.0000003497   0.0000817672  -0.0000000785   0.0000002959  -0.0001105033
        0.0000002883  -0.0000002785  -0.0015555899   0.0000006418  -0.0000002797
       -0.0025413949  -0.0000005827  -0.0000008762  -0.0020226770
        0.0008787874  -0.0027253976   0.0000004751  -0.0040494136   0.0054963971
       -0.0000030187  -0.0418233381  -0.0404635332  -0.0000052408  -0.1361723218
       -0.1068987266  -0.0000078087  -0.0020219611  -0.0004562940   0.0000004672
       -0.0017251718   0.0018748091  -0.0000012369  -0.0002950311  -0.0003127198
        0.0000010615   0.5413006842   0.0161869701   0.0001291215  -0.3611017899
        0.1207358134  -0.0001102459  -0.0014441658  -0.0014541799  -0.0000010441
        0.0021691746  -0.0002780036   0.0000005356   0.0000300105   0.0000794863
        0.0000000654   0.0042545364   0.0082153787  -0.0000031313
       -0.0012632198  -0.0016371755  -0.0000002606   0.0034459470   0.0019911992
        0.0000004755  -0.0141943436  -0.0018035119  -0.0000031548  -0.0768611881
       -0.2258516178   0.0000091372  -0.0319522392  -0.0545135342   0.0000032475
        0.0041258528  -0.0044479119   0.0000036676  -0.0015075864  -0.0024682554
        0.0000018684   0.0161869701   0.3610270899  -0.0000418013   0.0995436143
       -0.0723244679   0.0000351512  -0.0002160336  -0.0001251672  -0.0000014223
       -0.0000049404   0.0004960151  -0.0000013367  -0.0000531973   0.0000222315
       -0.0000004241   0.0027503640  -0.0003648941  -0.0000051477
        0.0000000600  -0.0000001917  -0.0002045133  -0.0000030344   0.0000010339
        0.0057144409  -0.0000072483  -0.0000075948   0.0040755748  -0.0000131163
       -0.0000008191  -0.0366220978   0.0000025714   0.0000065901   0.0046326908
       -0.0000007149   0.0000025780   0.0068183012   0.0000001587   0.0000001446
       -0.0001682692   0.0001291215  -0.0000418013   0.0264659147  -0.0001079730
        0.0000386057  -0.0056865501  -0.0000002943  -0.0000004049   0.0000639272
        0.0000009930  -0.0000002934  -0.0030172486   0.0000002418  -0.0000002144
       -0.0013922659  -0.0000007651   0.0000023672  -0.0006799047
        0.0003989371   0.0001071565   0.0000002035  -0.0016093234   0.0001132340
       -0.0000003783  -0.0011746637  -0.0025090009  -0.0000001514  -0.0310283724
       -0.0109652562  -0.0000072735  -0.0001192760   0.0027839856  -0.0000004052
       -0.0014966765  -0.0007748920  -0.0000002307   0.0001117234   0.0004040090
       -0.0000002772  -0.3611017899   0.0995436143  -0.0001079730   0.3922917984
       -0.0850141772   0.0001142462  -0.0001329623  -0.0003168062   0.0000004517
        0.0006186657  -0.0005528380   0.0000003828   0.0000407758   0.0000054250
        0.0000001801   0.0032011638  -0.0028244539   0.0000012251
       -0.0003723302   0.0001461435   0.0000000623  -0.0013012017  -0.0004252569
        0.0000000722  -0.0022405938  -0.0031846235  -0.0000003341  -0.0303053270
        0.0089753152  -0.0000093587  -0.0026854583  -0.0003745793  -0.0000005828
        0.0000818630   0.0004594692   0.0000001702  -0.0001507752   0.0000135411
        0.0000003497   0.1207358134  -0.0723244679   0.0000386057  -0.0850141772
        0.0664485204  -0.0000270655  -0.0001326577  -0.0002582248   0.0000000021
       -0.0001923045   0.0000226616  -0.0000003975   0.0000558408   0.0000432049
        0.0000003879   0.0015213083   0.0004582964  -0.0000019114
       -0.0000001597  -0.0000000036   0.0000266800  -0.0000008680   0.0000000896
        0.0012797874  -0.0000000705   0.0000002414   0.0014819936  -0.0000039286
       -0.0000069496  -0.0014839894   0.0000001148   0.0000007271  -0.0003894625
        0.0000011239   0.0000007043  -0.0000520244  -0.0000001071   0.0000000636
        0.0000817672  -0.0001102459   0.0000351512  -0.0056865501   0.0001142462
       -0.0000270655   0.0059966302   0.0000001374  -0.0000000175  -0.0002903189
        0.0000001569  -0.0000001443   0.0000059479  -0.0000001427   0.0000000614
       -0.0001060546  -0.0000002568  -0.0000028581  -0.0008644065
       -0.0136999677   0.0033771396  -0.0000032906  -0.3019085672   0.0355484382
       -0.0000571199  -0.0211807107   0.0004210438  -0.0000043017  -0.0008503700
       -0.0027669907  -0.0000015012   0.0006781607  -0.0001584095   0.0000000976
       -0.0003138986   0.0026855995  -0.0000018139  -0.0007501998   0.0001703288
       -0.0000000785  -0.0014441658  -0.0002160336  -0.0000002943  -0.0001329623
       -0.0001326577   0.0000001374   0.3375219389  -0.0388427664   0.0000667217
        0.0007786632   0.0006227353   0.0000005523   0.0007994853  -0.0006148837
        0.0000006389   0.0005025940  -0.0000935437   0.0000002522
        0.0268957447  -0.0047669306   0.0000060843   0.0357239064  -0.0479862292
        0.0000088131  -0.0230091734   0.0018602756  -0.0000045930  -0.0025121166
       -0.0027278010   0.0000006679  -0.0003262317  -0.0008267804   0.0000001208
        0.0026563453  -0.0046765612   0.0000020135   0.0013961035  -0.0003699009
        0.0000002959  -0.0014541799  -0.0001251672  -0.0000004049  -0.0003168062
       -0.0002582248  -0.0000000175  -0.0388427664   0.0584516651  -0.0000120443
       -0.0009039518   0.0007464522  -0.0000005447   0.0008203876   0.0005741558
       -0.0000002637  -0.0001272616   0.0001050464  -0.0000001274
       -0.0000061150   0.0000011657   0.0005829506  -0.0000561701   0.0000093173
       -0.0343284867  -0.0000015982  -0.0000001920   0.0002473892  -0.0000019778
        0.0000023789   0.0081732517   0.0000002133   0.0000003098   0.0004564309
       -0.0000030196   0.0000012393   0.0071593083  -0.0000002862   0.0000000754
       -0.0001105033  -0.0000010441  -0.0000014223   0.0000639272   0.0000004517
        0.0000000021  -0.0002903189   0.0000667217  -0.0000120443   0.0241499229
        0.0000007717  -0.0000002164  -0.0026103169   0.0000005588  -0.0000005171
       -0.0022406800   0.0000014938  -0.0000000964  -0.0012528748
       -0.0013223078  -0.0032663224  -0.0000013225   0.0063409726  -0.0151959142
        0.0000030991  -0.0787882795   0.0903060641  -0.0000201465  -0.0139911451
        0.0302042234  -0.0000070693  -0.0045057278  -0.0000209767  -0.0000024121
       -0.0006082326  -0.0005414977  -0.0000001290  -0.0000003019   0.0000095195
        0.0000002883   0.0021691746  -0.0000049404   0.0000009930   0.0006186657
       -0.0001923045   0.0000001569   0.0007786632  -0.0009039518   0.0000007717
        0.0902787713  -0.1007195827   0.0000256781   0.0002046951  -0.0008420399
        0.0000001632  -0.0011749479   0.0011677232  -0.0000000710
       -0.0037840362  -0.0030704185   0.0000004347   0.0077601439  -0.0240395023
        0.0000044918   0.0911965930  -0.2730934400   0.0000469211   0.0048775575
       -0.0064362578   0.0000019328   0.0009048532   0.0004353317   0.0000010042
       -0.0002467926   0.0007800722  -0.0000002179  -0.0000714556   0.0000545460
       -0.0000002785  -0.0002780036   0.0004960151  -0.0000002934  -0.0005528380
        0.0000226616  -0.0000001443   0.0006227353   0.0007464522  -0.0000002164
       -0.1007195827   0.3053961014  -0.0000537894   0.0004106260  -0.0012449332
        0.0000002669  -0.0001198003  -0.0000466284  -0.0000001116
       -0.0000008434   0.0000007025   0.0075680830   0.0000007462  -0.0000001645
       -0.0001004918  -0.0000208592   0.0000466740  -0.0326576917  -0.0000035071
        0.0000085632   0.0016939546  -0.0000026010   0.0000006179   0.0075276745
       -0.0000011599  -0.0000006924  -0.0001472473   0.0000003578  -0.0000002345
       -0.0015555899   0.0000005356  -0.0000013367  -0.0030172486   0.0000003828
       -0.0000003975   0.0000059479   0.0000005523  -0.0000005447  -0.0026103169
        0.0000256781  -0.0000537894   0.0234440316  -0.0000000400  -0.0000000521
        0.0001374970   0.0000007579   0.0000006544  -0.0002886022
       -0.1394485063  -0.1274547758  -0.0000038495   0.0059664402   0.0072421443
        0.0000002911   0.0002462355   0.0021957393  -0.0000017380  -0.0003263658
        0.0007730561  -0.0000002365  -0.0046549604   0.0011087247  -0.0000025801
       -0.0216244994  -0.0234203499  -0.0000012399   0.0005584200  -0.0006773356
        0.0000006418   0.0000300105  -0.0000531973   0.0000002418   0.0000407758
        0.0000558408  -0.0000001427   0.0007994853   0.0008203876   0.0000005588
        0.0002046951   0.0004106260  -0.0000000400   0.1593001065   0.1399707175
        0.0000080919  -0.0010918372  -0.0009715779   0.0000000014
       -0.1275819223  -0.2110704859  -0.0000020684  -0.0163116452  -0.0244508421
       -0.0000001202   0.0025329133  -0.0050641544   0.0000022740   0.0008711044
        0.0004958682   0.0000001357   0.0006711379   0.0009618601   0.0000009980
        0.0003512652   0.0015519875  -0.0000001555   0.0007776583   0.0008893339
       -0.0000002797   0.0000794863   0.0000222315  -0.0000002144   0.0000054250
        0.0000432049   0.0000000614  -0.0006148837   0.0005741558  -0.0000005171
       -0.0008420399  -0.0012449332  -0.0000000521   0.1399707175   0.2372240529
       -0.0000000609   0.0000907832   0.0000677208  -0.0000000009
       -0.0000042891  -0.0000020039  -0.0321499056   0.0000036288   0.0000047912
       -0.0000739056  -0.0000017216   0.0000018657   0.0068486290  -0.0000006938
        0.0000003415   0.0007102453  -0.0000022823   0.0000012219   0.0074732506
       -0.0000042201  -0.0000051373  -0.0003522383   0.0000005369  -0.0000005354
       -0.0025413949   0.0000000654  -0.0000004241  -0.0013922659   0.0000001801
        0.0000003879  -0.0001060546   0.0000006389  -0.0000002637  -0.0022406800
        0.0000001632   0.0000002669   0.0001374970   0.0000080919  -0.0000000609
        0.0234949968  -0.0000000983  -0.0000004496   0.0001918262
        0.0000599210  -0.0035121760  -0.0000002259  -0.0007288489  -0.0022228244
        0.0000007570   0.0048995380   0.0046348227  -0.0000005083  -0.0378665017
        0.0086691425  -0.0000101390  -0.1259764611   0.0137386711  -0.0000263360
       -0.0366617444  -0.0030234824  -0.0000095833   0.0017354534  -0.0003003652
       -0.0000005827   0.0042545364   0.0027503640  -0.0000007651   0.0032011638
        0.0015213083  -0.0000002568   0.0005025940  -0.0001272616   0.0000014938
       -0.0011749479  -0.0001198003   0.0000007579  -0.0010918372   0.0000907832
       -0.0000000983   0.1888471347  -0.0220991817   0.0000454866
       -0.0011712966  -0.0029144709   0.0000005325  -0.0001032110   0.0009506131
       -0.0000000580   0.0000173131  -0.0040542290   0.0000010748   0.0232454680
       -0.0086849278   0.0000065966   0.0138311332  -0.0272693748   0.0000041265
       -0.0183172726   0.0038985659  -0.0000043935  -0.0008964787   0.0009168570
       -0.0000008762   0.0082153787  -0.0003648941   0.0000023672  -0.0028244539
        0.0004582964  -0.0000028581  -0.0000935437   0.0001050464  -0.0000000964
        0.0011677232  -0.0000466284   0.0000006544  -0.0009715779   0.0000677208
       -0.0000004496  -0.0220991817   0.0369374254  -0.0000066202
        0.0000010022  -0.0000002660   0.0052922406   0.0000014176   0.0000007915
       -0.0001029763  -0.0000016842   0.0000006074   0.0048496045  -0.0000092950
        0.0000131228   0.0015723353  -0.0000250156   0.0000043500  -0.0177156426
       -0.0000113429  -0.0000044489   0.0008787155   0.0000011549  -0.0000002377
       -0.0020226770  -0.0000031313  -0.0000051477  -0.0006799047   0.0000012251
       -0.0000019114  -0.0008644065   0.0000002522  -0.0000001274  -0.0012528748
       -0.0000000710  -0.0000001116  -0.0002886022   0.0000000014  -0.0000000009
        0.0001918262   0.0000454866  -0.0000066202   0.0101423620
