           1           2   1.42761049094280     
           2           3   1.45714150235976     
           3           4   1.35501704075645     
           4           5   1.33799098645954     
           1           6   1.43287426891526     
           3           6  0.107132639830764     
           5           6   1.42057422083379     
           6           7  0.966352259213308     
           4           8   1.10150473237657     
           8           9  0.834753126735489     
           2          10  0.967401516769554     
           3          11  0.964244539783323     
           1          12  0.967410859521587     
           5          13  0.928116274688266     
