           1           2   1.00283006064639     
           2           3  0.992690438956002     
           1           4  0.992686940013128     
           1           5  0.984227121510125     
           1           6  0.982609468919477     
           2           7  0.984226546526541     
           2           8  0.982603652896052     
           3           9  0.977695378948335     
           3          10  0.979649174324822     
           4          11  0.977700781180585     
           4          12  0.979656441758310     
           3          13   1.01083328454028     
           4          13   1.01081728789107     
          13          14  0.954296747953666     
