$hessian                                                                        
        0.5877626359   0.0134467234  -0.0000119312  -0.1388814163   0.1181306382
       -0.0000044691  -0.0471665025   0.0158334761  -0.0000004432   0.0233428075
        0.0049573574  -0.0000000589  -0.0406417087  -0.0214834952   0.0000010529
       -0.1214876043  -0.1077893263   0.0000083445  -0.0173749803  -0.0011641783
       -0.0000000771   0.0020112602  -0.0010356233  -0.0000001183   0.0076695743
       -0.0097311598   0.0000007153  -0.0061664133  -0.0001560964   0.0000000428
       -0.0058102096  -0.0004190904  -0.0000002463  -0.1737141212   0.0147086368
        0.0000115657  -0.0496054488  -0.0525624533  -0.0000030937  -0.0218107931
        0.0118102845  -0.0000009498  -0.0015506426   0.0001977514  -0.0005027530
       -0.0015495697   0.0001966797   0.0005036836  -0.0018118043   0.0022805283
        0.0000003974   0.0067849367   0.0127793472  -0.0000016615
        0.0134467234   0.6595560161  -0.0000191630   0.0670904880  -0.2454151998
        0.0000060149   0.0699584976   0.0266142353  -0.0000017296   0.0033978034
       -0.0602223622   0.0000026798  -0.0765399018   0.0186874296  -0.0000010553
       -0.0560879731  -0.2616063414   0.0000119019  -0.0009085413   0.0018367237
        0.0000001390   0.0000400633   0.0006426908  -0.0000000901   0.0114331681
       -0.0270272409   0.0000020871  -0.0010713307   0.0015456600   0.0000004921
        0.0004330635   0.0015768068   0.0000002746   0.0012766766  -0.0645101521
        0.0000024319  -0.0508095795  -0.0215243838  -0.0000019152   0.0228624670
       -0.0011932961  -0.0000021271   0.0003875578  -0.0000521747  -0.0002088277
        0.0003872821  -0.0000515121   0.0002088879   0.0031488048  -0.0041910471
        0.0000001072  -0.0084452692  -0.0246658519  -0.0000001084
       -0.0000119312  -0.0000191630   0.1178127389  -0.0000014930   0.0000057856
       -0.0511973788  -0.0000029696  -0.0000007774   0.0030653280  -0.0000005961
        0.0000019748  -0.0069444464   0.0000031693   0.0000000856   0.0035504958
        0.0000062633   0.0000120289  -0.0491995946   0.0000002974  -0.0000000680
       -0.0002629877  -0.0000000106  -0.0000000344  -0.0000213952  -0.0000007152
        0.0000013754   0.0013428263  -0.0000001331   0.0000002848   0.0084892456
        0.0000001331   0.0000004155   0.0084421364   0.0000097933   0.0000004842
       -0.0639484088  -0.0000037002  -0.0000018790   0.0156485081  -0.0000007290
       -0.0000016082   0.0102105708   0.0014912299  -0.0014763635   0.0004221980
       -0.0014893262   0.0014757817   0.0004221773   0.0000000819   0.0000004635
        0.0018717211   0.0000006360   0.0000012135   0.0002962653
       -0.1388814163   0.0670904880  -0.0000014930   0.6865447790   0.0192352122
        0.0000008036  -0.3525404547   0.0298981574  -0.0000088065  -0.0390627861
       -0.0852709272   0.0000035142  -0.0434120670   0.0222637625  -0.0000009761
        0.0488170073   0.0273224109  -0.0000017958   0.0069098019  -0.0002686168
        0.0000001145  -0.0010972942   0.0013382958  -0.0000002437  -0.1008885069
       -0.1081096339   0.0000084805  -0.0193943901   0.0022478938  -0.0000003841
       -0.0001261046   0.0007456529  -0.0000002302  -0.0438682577   0.0167602419
       -0.0000018686   0.0022870977   0.0111676981   0.0000011321  -0.0046637813
       -0.0025596015   0.0000017995   0.0004849838  -0.0000585676   0.0000370795
        0.0004850579  -0.0000585785  -0.0000370611  -0.0009444059   0.0013584836
       -0.0000001415  -0.0006492627  -0.0031023715   0.0000000766
        0.1181306382  -0.2454151998   0.0000057856   0.0192352122   0.6384397777
       -0.0000249004  -0.0457093883  -0.0935895375   0.0000027320  -0.0237556972
        0.0246096807  -0.0000017091   0.0252009101  -0.0092772321  -0.0000001049
       -0.0167242809  -0.0620780786   0.0000029536  -0.0072979787  -0.0062993799
        0.0000001379   0.0002787685  -0.0006937855   0.0000001314  -0.1073844622
       -0.2435033960   0.0000142334   0.0256928023  -0.0003888097   0.0000007244
        0.0004724221   0.0005049370  -0.0000001408   0.0247258976   0.0075630061
        0.0000008721  -0.0071266563  -0.0077802727  -0.0000007567  -0.0017894940
        0.0027207528  -0.0000011034  -0.0004668764  -0.0001454223  -0.0000894110
       -0.0004668283  -0.0001455191   0.0000895053  -0.0003130659   0.0001227311
        0.0000003088  -0.0027019226  -0.0046442522   0.0000007418
       -0.0000044691   0.0000060149  -0.0511973788   0.0000008036  -0.0000249004
        0.1202273288  -0.0000040024   0.0000025684  -0.0441052048   0.0000010737
       -0.0000019085  -0.0025128656  -0.0000011697   0.0000005088  -0.0036849008
        0.0000009461   0.0000035076   0.0017559473   0.0000001292   0.0000006104
        0.0067031822  -0.0000000064   0.0000000623   0.0003826052   0.0000074539
        0.0000134702  -0.0358095126  -0.0000013719   0.0000000321  -0.0002423340
       -0.0000000368  -0.0000000050  -0.0000734653   0.0000001829  -0.0000007809
       -0.0009871304  -0.0000002330   0.0000003313   0.0003821447   0.0000002956
       -0.0000000224   0.0023579651   0.0001779364  -0.0001698368   0.0000261998
       -0.0001777012   0.0001695767   0.0000261412  -0.0000000166   0.0000000853
        0.0001012470   0.0000001857   0.0000006861   0.0066500309
       -0.0471665025   0.0699584976  -0.0000029696  -0.3525404547  -0.0457093883
       -0.0000040024   0.6807524472  -0.0158061290   0.0000111267  -0.1174113162
       -0.0377491475   0.0000000257   0.0498181596  -0.0172719506   0.0000008056
       -0.0393225245  -0.0281165603   0.0000017226  -0.0497845171  -0.0416121079
        0.0000008305   0.0022530603  -0.0028168668   0.0000002309  -0.0164387127
       -0.0025488112  -0.0000010350  -0.1134225398   0.1142966029  -0.0000062090
       -0.0014294799   0.0032908053  -0.0000002057   0.0086031552   0.0072660753
        0.0000000976  -0.0012296865  -0.0043342491  -0.0000004091  -0.0015271167
        0.0016401625  -0.0000006047  -0.0003820324  -0.0001007447   0.0001301435
       -0.0003820547  -0.0001010399  -0.0001300905  -0.0001606414   0.0002222095
        0.0000001177  -0.0002292432  -0.0005073577   0.0000004250
        0.0158334761   0.0266142353  -0.0000007774   0.0298981574  -0.0935895375
        0.0000025684  -0.0158061290   0.6492365432  -0.0000227348  -0.1158757762
       -0.2676366591   0.0000071369   0.0264890563  -0.0572467841   0.0000029210
       -0.0247534127  -0.0132007361   0.0000006589  -0.0145197196  -0.0054898590
        0.0000002129   0.0021441963   0.0015704305  -0.0000001047  -0.0264470289
       -0.0025925788  -0.0000003292   0.1133970852  -0.2306520492   0.0000097607
        0.0027400281  -0.0039239928   0.0000005575   0.0102417037  -0.0017249368
        0.0000007887  -0.0032671793  -0.0031770281  -0.0000002548   0.0008408439
        0.0013957639  -0.0000008936  -0.0002929239   0.0000325477  -0.0000863358
       -0.0002929025   0.0000324016   0.0000865374   0.0001833631  -0.0002494048
        0.0000001171  -0.0005128380   0.0006016441   0.0000001708
       -0.0000004432  -0.0000017296   0.0030653280  -0.0000088065   0.0000027320
       -0.0441052048   0.0000111267  -0.0000227348   0.1086556452   0.0000034285
        0.0000076560  -0.0522702012  -0.0000010845   0.0000025052   0.0011549261
        0.0000008962   0.0000005123  -0.0034166156   0.0000000965  -0.0000000712
        0.0075443956  -0.0000001566  -0.0000001833  -0.0018533768   0.0000013663
        0.0000001791   0.0015375552  -0.0000062144   0.0000099859  -0.0320534913
       -0.0000003147   0.0000005907   0.0067449249  -0.0000002355   0.0000000729
        0.0072502450   0.0000003835   0.0000003968  -0.0009777946   0.0000000306
        0.0000001229  -0.0008713881  -0.0001350033   0.0001424202   0.0000028041
        0.0001348144  -0.0001422859   0.0000027340   0.0000000799  -0.0000001260
       -0.0001668676   0.0000000361  -0.0000000433  -0.0002436182
        0.0233428075   0.0033978034  -0.0000005961  -0.0390627861  -0.0237556972
        0.0000010737  -0.1174113162  -0.1158757762   0.0000034285   0.6287529891
       -0.0007322313   0.0000090067  -0.1319095668   0.1235694234  -0.0000080373
       -0.0469773923   0.0180199629  -0.0000020070  -0.2788649681  -0.0163295085
       -0.0000023706  -0.0284605803   0.0097576003  -0.0000009507  -0.0043673343
       -0.0000052796  -0.0000002872   0.0053308995   0.0150453705  -0.0000006298
        0.0076369025  -0.0126461429   0.0000010183  -0.0244039368  -0.0077907934
       -0.0000008171   0.0083221000   0.0110826106   0.0000008639   0.0019648854
       -0.0031509960   0.0000012995   0.0002208646  -0.0000818289   0.0002991585
        0.0002205034  -0.0000815887  -0.0002995648   0.0005182202  -0.0001701016
       -0.0000004328  -0.0048522914  -0.0002528268  -0.0000001557
        0.0049573574  -0.0602223622   0.0000019748  -0.0852709272   0.0246096807
       -0.0000019085  -0.0377491475  -0.2676366591   0.0000076560  -0.0007322313
        0.6533964123  -0.0000253682   0.0528970109  -0.2497685524   0.0000128535
        0.0763227097   0.0329256202  -0.0000017304  -0.0449234339  -0.0851379818
        0.0000024228   0.0319618695   0.0053932450   0.0000001375   0.0006980270
        0.0013723496   0.0000007428  -0.0090358250  -0.0262707392   0.0000010641
        0.0127498916  -0.0275510238   0.0000016672  -0.0021134421  -0.0023844381
        0.0000001367  -0.0000914394   0.0007449568  -0.0000000871   0.0005887631
       -0.0008678683   0.0000002860   0.0002818776   0.0001837031  -0.0001596379
        0.0002819690   0.0001838182   0.0001596969   0.0000479803  -0.0000518234
        0.0000000134  -0.0008710097   0.0010816624   0.0000000803
       -0.0000000589   0.0000026798  -0.0069444464   0.0000035142  -0.0000017091
       -0.0025128656   0.0000000257   0.0000071369  -0.0522702012   0.0000090067
       -0.0000253682   0.1356990224  -0.0000042359   0.0000126943  -0.0540682535
       -0.0000043600  -0.0000018891  -0.0025924003  -0.0000008840   0.0000025359
       -0.0376217280  -0.0000027929  -0.0000001132  -0.0020221552  -0.0000000652
        0.0000004192   0.0091449498   0.0000004667   0.0000013596   0.0012410340
       -0.0000006507   0.0000015131   0.0020883811   0.0000001211   0.0000002642
        0.0007385062   0.0000000502   0.0000000113  -0.0002079180  -0.0000001249
       -0.0000000394  -0.0000950258  -0.0000980705  -0.0000028994  -0.0000062145
        0.0000980686   0.0000029095  -0.0000063157   0.0000000245  -0.0000000371
       -0.0000189041  -0.0000000350   0.0000005317   0.0094545348
       -0.0406417087  -0.0765399018   0.0000031693  -0.0434120670   0.0252009101
       -0.0000011697   0.0498181596   0.0264890563  -0.0000010845  -0.1319095668
        0.0528970109  -0.0000042359   0.6922832406   0.0221830269   0.0000058444
       -0.3550907986   0.0258604892  -0.0000038772  -0.0508917916   0.0376380336
       -0.0000025539  -0.0039964414  -0.0001156995  -0.0000001937  -0.0003563458
        0.0005683669   0.0000003300  -0.0006724594  -0.0031391467   0.0000001304
       -0.1022388217  -0.1091974828   0.0000045337   0.0116435310   0.0011554946
        0.0000004743  -0.0051532100  -0.0062705659  -0.0000003770   0.0000319599
        0.0011837263  -0.0000006361  -0.0001381853   0.0001150672  -0.0000083068
       -0.0001382215   0.0001150065   0.0000085859   0.0001165522  -0.0000743912
        0.0000000294  -0.0192538255   0.0019309994  -0.0000006623
       -0.0214834952   0.0186874296   0.0000000856   0.0222637625  -0.0092772321
        0.0000005088  -0.0172719506  -0.0572467841   0.0000025052   0.1235694234
       -0.2497685524   0.0000126943   0.0221830269   0.6456432252  -0.0000300352
       -0.0492282421  -0.0946158254   0.0000023102   0.0146958154   0.0019409493
        0.0000002949  -0.0012732319   0.0005786345   0.0000001250   0.0004186148
        0.0005892199  -0.0000000596  -0.0025111795  -0.0044613777   0.0000004076
       -0.1098262476  -0.2472148635   0.0000106457  -0.0080972710  -0.0060359629
        0.0000003006   0.0003160818   0.0025903098  -0.0000001316   0.0008094073
       -0.0005984113   0.0000000768  -0.0000565609  -0.0001069054  -0.0001589316
       -0.0000566094  -0.0001067368   0.0001590176   0.0001484878   0.0001742961
       -0.0000000308   0.0254001683  -0.0007714128   0.0000002165
        0.0000010529  -0.0000010553   0.0035504958  -0.0000009761  -0.0000001049
       -0.0036849008   0.0000008056   0.0000029210   0.0011549261  -0.0000080373
        0.0000128535  -0.0540682535   0.0000058444  -0.0000300352   0.1101832976
       -0.0000013515   0.0000024827  -0.0434481406  -0.0000015942   0.0000006884
        0.0042232121  -0.0000000960   0.0000001204   0.0023657438  -0.0000000000
        0.0000000068  -0.0002406836  -0.0000000950   0.0000004251   0.0067470259
        0.0000049065   0.0000104144  -0.0331163639   0.0000007597   0.0000009837
        0.0072738908   0.0000003809   0.0000000434  -0.0012518923  -0.0000000935
       -0.0000000697  -0.0010839980  -0.0002702423   0.0000862267   0.0000165955
        0.0002702599  -0.0000860412   0.0000164038   0.0000000020  -0.0000000489
       -0.0000098323  -0.0000015258   0.0000001892   0.0013724737
       -0.1214876043  -0.0560879731   0.0000062633   0.0488170073  -0.0167242809
        0.0000009461  -0.0393225245  -0.0247534127   0.0000008962  -0.0469773923
        0.0763227097  -0.0000043600  -0.3550907986  -0.0492282421  -0.0000013515
        0.6722652137  -0.0202112289   0.0000034343   0.0082374670   0.0015221188
       -0.0000001703  -0.0019893884  -0.0000052655   0.0000000875  -0.0014980807
        0.0033053860  -0.0000002643  -0.0000537887  -0.0007714393  -0.0000002044
       -0.0163413768  -0.0030843315   0.0000002325  -0.0275534792  -0.0273053203
        0.0000007747  -0.0046938934   0.0019102116   0.0000001993  -0.0007239471
       -0.0016208270   0.0000011555  -0.0008061506  -0.0004538183   0.0002898987
       -0.0008081067  -0.0004544315  -0.0002897914   0.0001007193  -0.0004388515
       -0.0000005300  -0.1120738759   0.1180789965  -0.0000072162
       -0.1077893263  -0.2616063414   0.0000120289   0.0273224109  -0.0620780786
        0.0000035076  -0.0281165603  -0.0132007361   0.0000005123   0.0180199629
        0.0329256202  -0.0000018891   0.0258604892  -0.0946158254   0.0000024827
       -0.0202112289   0.6525155602  -0.0000314720   0.0067232122  -0.0060708375
        0.0000007104   0.0011249614  -0.0003929777   0.0000002161   0.0029970247
       -0.0043614699   0.0000000457  -0.0004380428   0.0004069282  -0.0000001518
       -0.0262479307  -0.0026420084  -0.0000002154  -0.0244190969  -0.0085036292
       -0.0000013713   0.0055008974   0.0081398891   0.0000014167   0.0006648304
       -0.0027291928   0.0000007921   0.0008663238   0.0001958337   0.0006445393
        0.0008670748   0.0001960135  -0.0006451664   0.0003282597  -0.0005483563
       -0.0000002914   0.1169467385  -0.2376303916   0.0000143055
        0.0000083445   0.0000119019  -0.0491995946  -0.0000017958   0.0000029536
        0.0017559473   0.0000017226   0.0000006589  -0.0034166156  -0.0000020070
       -0.0000017304  -0.0025924003  -0.0000038772   0.0000023102  -0.0434481406
        0.0000034343  -0.0000314720   0.1187704119   0.0000001661   0.0000006717
        0.0052758054  -0.0000001387   0.0000001368   0.0013409790  -0.0000000529
        0.0000004418   0.0066168859   0.0000000297  -0.0000000345  -0.0001489692
        0.0000012162   0.0000001168  -0.0003020667   0.0000001645   0.0000008961
       -0.0034863974  -0.0000000089  -0.0000000126   0.0033069598   0.0000002891
       -0.0000003013  -0.0005041851  -0.0001139272  -0.0000848216   0.0001428969
        0.0001142929   0.0000850391   0.0001430388  -0.0000000045   0.0000002124
        0.0001648112  -0.0000078477   0.0000130329  -0.0344193667
       -0.0173749803  -0.0009085413   0.0000002974   0.0069098019  -0.0072979787
        0.0000001292  -0.0497845171  -0.0145197196   0.0000000965  -0.2788649681
       -0.0449234339  -0.0000008840  -0.0508917916   0.0146958154  -0.0000015942
        0.0082374670   0.0067232122   0.0000001661   0.4613483944  -0.1016495968
        0.0000142396  -0.0916202480   0.1471875478  -0.0000120668  -0.0020437588
       -0.0003494482   0.0000001663   0.0025657239   0.0014129411   0.0000001544
        0.0012216076  -0.0006319093   0.0000000195   0.0213124632   0.0061999778
        0.0000004928  -0.0071716723  -0.0088463595  -0.0000007556  -0.0019853158
        0.0027853243  -0.0000010701  -0.0001422354  -0.0000092789  -0.0000764524
       -0.0001420132  -0.0000095153   0.0000766727  -0.0004101928   0.0000726089
        0.0000003330  -0.0011637647   0.0000683538   0.0000000554
       -0.0011641783   0.0018367237  -0.0000000680  -0.0002686168  -0.0062993799
        0.0000006104  -0.0416121079  -0.0054898590  -0.0000000712  -0.0163295085
       -0.0851379818   0.0000025359   0.0376380336   0.0019409493   0.0000006884
        0.0015221188  -0.0060708375   0.0000006717  -0.1016495968   0.4475366234
       -0.0000290190   0.1232012846  -0.3513004331   0.0000252035  -0.0016049333
       -0.0003283600  -0.0000000046  -0.0009403764   0.0018040948  -0.0000001382
       -0.0007062026   0.0015875905  -0.0000003099   0.0012730297   0.0003199054
       -0.0000000681  -0.0005577486  -0.0005022327  -0.0000000179  -0.0000714346
        0.0003270185  -0.0000000820  -0.0000612624  -0.0000465991  -0.0000359139
       -0.0000613304  -0.0000466210   0.0000359501  -0.0000196015   0.0000141979
        0.0000000596   0.0014124315  -0.0001447996  -0.0000000267
       -0.0000000771   0.0000001390  -0.0002629877   0.0000001145   0.0000001379
        0.0067031822   0.0000008305   0.0000002129   0.0075443956  -0.0000023706
        0.0000024228  -0.0376217280  -0.0000025539   0.0000002949   0.0042232121
       -0.0000001703   0.0000007104   0.0052758054   0.0000142396  -0.0000290190
        0.0267934972  -0.0000102236   0.0000255722  -0.0063303311   0.0000000334
       -0.0000000278  -0.0008247271   0.0000001349  -0.0000000935  -0.0015039676
        0.0000001723  -0.0000002068  -0.0028507668   0.0000004341   0.0000000454
       -0.0015903117  -0.0000002692  -0.0000000655   0.0002783897  -0.0000001283
       -0.0000000579   0.0001917413   0.0000581282  -0.0000024898   0.0000118278
       -0.0000581922   0.0000024379   0.0000117667   0.0000000107  -0.0000000202
        0.0000026474  -0.0000001132   0.0000000071  -0.0000516454
        0.0020112602   0.0000400633  -0.0000000106  -0.0010972942   0.0002787685
       -0.0000000064   0.0022530603   0.0021441963  -0.0000001566  -0.0284605803
        0.0319618695  -0.0000027929  -0.0039964414  -0.0012732319  -0.0000000960
       -0.0019893884   0.0011249614  -0.0000001387  -0.0916202480   0.1232012846
       -0.0000102236   0.1237947481  -0.1553536690   0.0000131263   0.0001117665
        0.0000962851  -0.0000000603   0.0004239365  -0.0016836798  -0.0000000164
       -0.0000097538  -0.0005323850   0.0000000611  -0.0021685375  -0.0006126868
       -0.0000000620   0.0007569758   0.0009231688   0.0000000572   0.0002422362
       -0.0003116599   0.0000001776   0.0000408580   0.0000324413   0.0000250622
        0.0000408375   0.0000324141  -0.0000249986   0.0000383753   0.0000280435
        0.0000000067  -0.0003718106  -0.0000961838   0.0000000709
       -0.0010356233   0.0006426908  -0.0000000344   0.0013382958  -0.0006937855
        0.0000000623  -0.0028168668   0.0015704305  -0.0000001833   0.0097576003
        0.0053932450  -0.0000001132  -0.0001156995   0.0005786345   0.0000001204
       -0.0000052655  -0.0003929777   0.0000001368   0.1471875478  -0.3513004331
        0.0000255722  -0.1553536690   0.3431118776  -0.0000253718  -0.0001256366
        0.0000450239   0.0000000373   0.0003308921   0.0001010775   0.0000000349
       -0.0000298604   0.0007787616  -0.0000000589   0.0009854991   0.0002656296
       -0.0000000174  -0.0001749861  -0.0002946287  -0.0000000528  -0.0000743870
        0.0001116532  -0.0000000866  -0.0000284899   0.0000156289  -0.0000161282
       -0.0000285578   0.0000156037   0.0000160948   0.0000016629   0.0000120511
        0.0000000254   0.0001875437   0.0000395172  -0.0000000377
       -0.0000001183  -0.0000000901  -0.0000213952  -0.0000002437   0.0000001314
        0.0003826052   0.0000002309  -0.0000001047  -0.0018533768  -0.0000009507
        0.0000001375  -0.0020221552  -0.0000001937   0.0000001250   0.0023657438
        0.0000000875   0.0000002161   0.0013409790  -0.0000120668   0.0000252035
       -0.0063303311   0.0000131263  -0.0000253718   0.0067968031   0.0000000396
        0.0000000086   0.0001644479  -0.0000000314  -0.0000000733  -0.0004137794
        0.0000000013  -0.0000000844   0.0000413992   0.0000004523  -0.0000001274
       -0.0002128952  -0.0000002420   0.0000000552   0.0000626016  -0.0000000866
        0.0000000400   0.0001092729   0.0000217432  -0.0000039055   0.0000102470
       -0.0000218337   0.0000038971   0.0000101717   0.0000000834  -0.0000000232
        0.0000402314   0.0000000022  -0.0000000338  -0.0004705699
        0.0076695743   0.0114331681  -0.0000007152  -0.1008885069  -0.1073844622
        0.0000074539  -0.0164387127  -0.0264470289   0.0000013663  -0.0043673343
        0.0006980270  -0.0000000652  -0.0003563458   0.0004186148  -0.0000000000
       -0.0014980807   0.0029970247  -0.0000000529  -0.0020437588  -0.0016049333
        0.0000000334   0.0001117665  -0.0001256366   0.0000000396   0.1169655507
        0.1189711432  -0.0000079612   0.0007798475  -0.0008404742   0.0000000733
       -0.0000522948   0.0000369165   0.0000000198   0.0005991224   0.0018114842
       -0.0000000794  -0.0009560787  -0.0000887360   0.0000000789   0.0000988192
       -0.0005935927   0.0000000372   0.0000648109  -0.0000775115   0.0000516153
        0.0000647776  -0.0000776150  -0.0000517302  -0.0000268901   0.0000078230
        0.0000000004   0.0002737335   0.0008657889  -0.0000001140
       -0.0097311598  -0.0270272409   0.0000013754  -0.1081096339  -0.2435033960
        0.0000134702  -0.0025488112  -0.0025925788   0.0000001791  -0.0000052796
        0.0013723496   0.0000004192   0.0005683669   0.0005892199   0.0000000068
        0.0033053860  -0.0043614699   0.0000004418  -0.0003494482  -0.0003283600
       -0.0000000278   0.0000962851   0.0000450239   0.0000000086   0.1189711432
        0.2755781277  -0.0000157295   0.0007456288   0.0009840735  -0.0000002319
        0.0000383951   0.0000948021  -0.0000000229  -0.0020202476  -0.0015814683
       -0.0000002488   0.0000423426   0.0017048971   0.0000001063  -0.0001607362
        0.0002240011   0.0000000291  -0.0001005832   0.0000306716  -0.0000598480
       -0.0001006104   0.0000306826   0.0000599392   0.0000154880   0.0001232484
       -0.0000000261  -0.0006565256  -0.0013825836   0.0000001591
        0.0000007153   0.0000020871   0.0013428263   0.0000084805   0.0000142334
       -0.0358095126  -0.0000010350  -0.0000003292   0.0015375552  -0.0000002872
        0.0000007428   0.0091449498   0.0000003300  -0.0000000596  -0.0002406836
       -0.0000002643   0.0000000457   0.0066168859   0.0000001663  -0.0000000046
       -0.0008247271  -0.0000000603   0.0000000373   0.0001644479  -0.0000079612
       -0.0000157295   0.0246825337   0.0000000240  -0.0000001606  -0.0029589802
        0.0000000423  -0.0000000977  -0.0015600952  -0.0000000408  -0.0000010263
       -0.0027687102  -0.0000002947   0.0000001636   0.0001643952  -0.0000000080
        0.0000000704   0.0000901146   0.0000189120  -0.0000423800   0.0000214514
       -0.0000187878   0.0000424808   0.0000213632   0.0000001129  -0.0000000992
        0.0000660596  -0.0000000439   0.0000000256   0.0003101262
       -0.0061664133  -0.0010713307  -0.0000001331  -0.0193943901   0.0256928023
       -0.0000013719  -0.1134225398   0.1133970852  -0.0000062144   0.0053308995
       -0.0090358250   0.0000004667  -0.0006724594  -0.0025111795  -0.0000000950
       -0.0000537887  -0.0004380428   0.0000000297   0.0025657239  -0.0009403764
        0.0000001349   0.0004239365   0.0003308921  -0.0000000314   0.0007798475
        0.0007456288   0.0000000240   0.1309213115  -0.1270516595   0.0000071442
        0.0002499032  -0.0005263410   0.0000000442   0.0005313392   0.0020007516
       -0.0000000378  -0.0001810197  -0.0005806487  -0.0000000841  -0.0007124698
        0.0000992639   0.0000000059   0.0000024749  -0.0000835844   0.0000200678
        0.0000024547  -0.0000836487  -0.0000200589  -0.0001251591   0.0000552268
        0.0000000411  -0.0000796511   0.0000009860   0.0000000680
       -0.0001560964   0.0015456600   0.0000002848   0.0022478938  -0.0003888097
        0.0000000321   0.1142966029  -0.2306520492   0.0000099859   0.0150453705
       -0.0262707392   0.0000013596  -0.0031391467  -0.0044613777   0.0000004251
       -0.0007714393   0.0004069282  -0.0000000345   0.0014129411   0.0018040948
       -0.0000000935  -0.0016836798   0.0001010775  -0.0000000733  -0.0008404742
        0.0009840735  -0.0000001606  -0.1270516595   0.2582288564  -0.0000117648
        0.0008678548  -0.0013885826   0.0000000971  -0.0004306937  -0.0002422215
        0.0000000210   0.0001290177   0.0001581057  -0.0000000146   0.0001076986
        0.0000128425   0.0000000122  -0.0000206312   0.0000195881  -0.0000101122
       -0.0000206728   0.0000195757   0.0000101063   0.0000282402   0.0000248147
        0.0000000153  -0.0000211259   0.0000981628  -0.0000000862
        0.0000000428   0.0000004921   0.0084892456  -0.0000003841   0.0000007244
       -0.0002423340  -0.0000062090   0.0000097607  -0.0320534913  -0.0000006298
        0.0000010641   0.0012410340   0.0000001304   0.0000004076   0.0067470259
       -0.0000002044  -0.0000001518  -0.0001489692   0.0000001544  -0.0000001382
       -0.0015039676  -0.0000000164   0.0000000349  -0.0004137794   0.0000000733
       -0.0000002319  -0.0029589802   0.0000071442  -0.0000117648   0.0227326510
       -0.0000000183   0.0000000098  -0.0003616491   0.0000001226  -0.0000005717
        0.0002954496  -0.0000001966   0.0000003063   0.0000948174  -0.0000000843
        0.0000001679  -0.0002747904  -0.0000299127   0.0000368352   0.0000028065
        0.0000298585  -0.0000367276   0.0000027136   0.0000001378  -0.0000001139
       -0.0000188946  -0.0000000083  -0.0000001031  -0.0016288881
       -0.0058102096   0.0004330635   0.0000001331  -0.0001261046   0.0004724221
       -0.0000000368  -0.0014294799   0.0027400281  -0.0000003147   0.0076369025
        0.0127498916  -0.0000006507  -0.1022388217  -0.1098262476   0.0000049065
       -0.0163413768  -0.0262479307   0.0000012162   0.0012216076  -0.0007062026
        0.0000001723  -0.0000097538  -0.0000298604   0.0000000013  -0.0000522948
        0.0000383951   0.0000000423   0.0002499032   0.0008678548  -0.0000000183
        0.1168555590   0.1219521771  -0.0000054755   0.0005039749  -0.0009559501
        0.0000001456  -0.0009632814  -0.0005763766  -0.0000001292  -0.0001474553
        0.0001121949  -0.0000000521   0.0000141977  -0.0000783588   0.0000158119
        0.0000142203  -0.0000784130  -0.0000157933  -0.0000046770   0.0000189801
        0.0000000007   0.0006270898  -0.0008856674   0.0000000405
       -0.0004190904   0.0015768068   0.0000004155   0.0007456529   0.0005049370
       -0.0000000050   0.0032908053  -0.0039239928   0.0000005907  -0.0126461429
       -0.0275510238   0.0000015131  -0.1091974828  -0.2472148635   0.0000104144
       -0.0030843315  -0.0026420084   0.0000001168  -0.0006319093   0.0015875905
       -0.0000002068  -0.0005323850   0.0007787616  -0.0000000844   0.0000369165
        0.0000948021  -0.0000000977  -0.0005263410  -0.0013885826   0.0000000098
        0.1219521771   0.2773904676  -0.0000124390   0.0005742889  -0.0000596136
        0.0000000200  -0.0002976010  -0.0002173497  -0.0000000462  -0.0000575614
        0.0000732976  -0.0000000182  -0.0000095882  -0.0000076562  -0.0000178702
       -0.0000096425  -0.0000076822   0.0000178837  -0.0000000589   0.0000028492
        0.0000000214   0.0008122942   0.0010032604  -0.0000002179
       -0.0000002463   0.0000002746   0.0084421364  -0.0000002302  -0.0000001408
       -0.0000734653  -0.0000002057   0.0000005575   0.0067449249   0.0000010183
        0.0000016672   0.0020883811   0.0000045337   0.0000106457  -0.0331163639
        0.0000002325  -0.0000002154  -0.0003020667   0.0000000195  -0.0000003099
       -0.0028507668   0.0000000611  -0.0000000589   0.0000413992   0.0000000198
       -0.0000000229  -0.0015600952   0.0000000442   0.0000000971  -0.0003616491
       -0.0000054755  -0.0000124390   0.0237643576   0.0000005333   0.0000007679
        0.0006319286  -0.0000001126  -0.0000004022  -0.0004023401  -0.0000000735
       -0.0000002022  -0.0000053645   0.0000173765  -0.0000101290  -0.0000096805
       -0.0000174249   0.0000100469  -0.0000096464  -0.0000000879   0.0000000951
        0.0000089250   0.0000000175  -0.0000002317  -0.0030306145
       -0.1737141212   0.0012766766   0.0000097933  -0.0438682577   0.0247258976
        0.0000001829   0.0086031552   0.0102417037  -0.0000002355  -0.0244039368
       -0.0021134421   0.0000001211   0.0116435310  -0.0080972710   0.0000007597
       -0.0275534792  -0.0244190969   0.0000001645   0.0213124632   0.0012730297
        0.0000004341  -0.0021685375   0.0009854991   0.0000004523   0.0005991224
       -0.0020202476  -0.0000000408   0.0005313392  -0.0004306937   0.0000001226
        0.0005039749   0.0005742889   0.0000005333   0.5267082045   0.1225497718
        0.0000073250  -0.1709807413  -0.1950258472  -0.0000207960  -0.1155159418
        0.0488600483   0.0000062537   0.0056849488  -0.0035423732   0.0011095178
        0.0056942062  -0.0035569817  -0.0011149100  -0.0242407096   0.0270991857
        0.0000000804   0.0011647793   0.0016198521   0.0000002416
        0.0147086368  -0.0645101521   0.0000004842   0.0167602419   0.0075630061
       -0.0000007809   0.0072660753  -0.0017249368   0.0000000729  -0.0077907934
       -0.0023844381   0.0000002642   0.0011554946  -0.0060359629   0.0000009837
       -0.0273053203  -0.0085036292   0.0000008961   0.0061999778   0.0003199054
        0.0000000454  -0.0006126868   0.0002656296  -0.0000001274   0.0018114842
       -0.0015814683  -0.0000010263   0.0020007516  -0.0002422215  -0.0000005717
       -0.0009559501  -0.0000596136   0.0000007679   0.1225497718   0.7444377888
        0.0000400867  -0.2072462114  -0.5054034611  -0.0000458788   0.0622687972
       -0.1310671812  -0.0000066009   0.0050004887  -0.0181558084   0.0033554059
        0.0049977644  -0.0181645892  -0.0033471592  -0.0000219473   0.0055056604
        0.0000029305  -0.0007865750  -0.0002585278   0.0000002079
        0.0000115657   0.0000024319  -0.0639484088  -0.0000018686   0.0000008721
       -0.0009871304   0.0000000976   0.0000007887   0.0072502450  -0.0000008171
        0.0000001367   0.0007385062   0.0000004743   0.0000003006   0.0072738908
        0.0000007747  -0.0000013713  -0.0034863974   0.0000004928  -0.0000000681
       -0.0015903117  -0.0000000620  -0.0000000174  -0.0002128952  -0.0000000794
       -0.0000002488  -0.0027687102  -0.0000000378   0.0000000210   0.0002954496
        0.0000001456   0.0000000200   0.0006319286   0.0000073250   0.0000400867
        0.1858950883  -0.0000194356  -0.0000423612  -0.0561048320   0.0000004381
       -0.0000008148  -0.0686552872  -0.0128760182   0.0213764735  -0.0015104244
        0.0128699919  -0.0213669588  -0.0015089557   0.0000069267  -0.0000090981
        0.0010586695   0.0000000862  -0.0000001928  -0.0023704250
       -0.0496054488  -0.0508095795  -0.0000037002   0.0022870977  -0.0071266563
       -0.0000002330  -0.0012296865  -0.0032671793   0.0000003835   0.0083221000
       -0.0000914394   0.0000000502  -0.0051532100   0.0003160818   0.0000003809
       -0.0046938934   0.0055008974  -0.0000000089  -0.0071716723  -0.0005577486
       -0.0000002692   0.0007569758  -0.0001749861  -0.0000002420  -0.0009560787
        0.0000423426  -0.0000002947  -0.0001810197   0.0001290177  -0.0000001966
       -0.0009632814  -0.0002976010  -0.0000001126  -0.1709807413  -0.2072462114
       -0.0000194356   0.2132217894   0.2494076081   0.0000237519   0.0148060605
        0.0102182604   0.0000022841  -0.0004909804   0.0024596916  -0.0007718309
       -0.0004903709   0.0024621121   0.0007714404   0.0025135038  -0.0010836243
       -0.0000019453   0.0000088560   0.0001190142  -0.0000000221
       -0.0525624533  -0.0215243838  -0.0000018790   0.0111676981  -0.0077802727
        0.0000003313  -0.0043342491  -0.0031770281   0.0000003968   0.0110826106
        0.0007449568   0.0000000113  -0.0062705659   0.0025903098   0.0000000434
        0.0019102116   0.0081398891  -0.0000000126  -0.0088463595  -0.0005022327
       -0.0000000655   0.0009231688  -0.0002946287   0.0000000552  -0.0000887360
        0.0017048971   0.0000001636  -0.0005806487   0.0001581057   0.0000003063
       -0.0005763766  -0.0002173497  -0.0000004022  -0.1950258472  -0.5054034611
       -0.0000423612   0.2494076081   0.6028038819   0.0000527117  -0.0114727996
       -0.0690748273  -0.0000062212   0.0034393951  -0.0056691194  -0.0003847492
        0.0034457931  -0.0056771391   0.0003825876  -0.0020693156   0.0028930681
       -0.0000005303   0.0004508659   0.0002853341  -0.0000003858
       -0.0000030937  -0.0000019152   0.0156485081   0.0000011321  -0.0000007567
        0.0003821447  -0.0000004091  -0.0000002548  -0.0009777946   0.0000008639
       -0.0000000871  -0.0002079180  -0.0000003770  -0.0000001316  -0.0012518923
        0.0000001993   0.0000014167   0.0033069598  -0.0000007556  -0.0000000179
        0.0002783897   0.0000000572  -0.0000000528   0.0000626016   0.0000000789
        0.0000001063   0.0001643952  -0.0000000841  -0.0000000146   0.0000948174
       -0.0000001292  -0.0000000462  -0.0004023401  -0.0000207960  -0.0000458788
       -0.0561048320   0.0000237519   0.0000527117   0.0204682913   0.0000017381
       -0.0000033613   0.0201499411   0.0009902310  -0.0028413352  -0.0001654254
       -0.0009906496   0.0028382466  -0.0001644150  -0.0000017638   0.0000014399
       -0.0013246237   0.0000000056  -0.0000000691   0.0000431922
       -0.0218107931   0.0228624670  -0.0000007290  -0.0046637813  -0.0017894940
        0.0000002956  -0.0015271167   0.0008408439   0.0000000306   0.0019648854
        0.0005887631  -0.0000001249   0.0000319599   0.0008094073  -0.0000000935
       -0.0007239471   0.0006648304   0.0000002891  -0.0019853158  -0.0000714346
       -0.0000001283   0.0002422362  -0.0000743870  -0.0000000866   0.0000988192
       -0.0001607362  -0.0000000080  -0.0007124698   0.0001076986  -0.0000000843
       -0.0001474553  -0.0000575614  -0.0000000735  -0.1155159418   0.0622687972
        0.0000004381   0.0148060605  -0.0114727996   0.0000017381   0.5094173477
        0.0449514802  -0.0000015498  -0.0524580149  -0.0295082457   0.0427011330
       -0.0525191927  -0.0296003176  -0.0427859691  -0.2725671899  -0.0607756161
        0.0000843637  -0.0019300904   0.0004163046   0.0000005588
        0.0118102845  -0.0011932961  -0.0000016082  -0.0025596015   0.0027207528
       -0.0000000224   0.0016401625   0.0013957639   0.0000001229  -0.0031509960
       -0.0008678683  -0.0000000394   0.0011837263  -0.0005984113  -0.0000000697
       -0.0016208270  -0.0027291928  -0.0000003013   0.0027853243   0.0003270185
       -0.0000000579  -0.0003116599   0.0001116532   0.0000000400  -0.0005935927
        0.0002240011   0.0000000704   0.0000992639   0.0000128425   0.0000001679
        0.0001121949   0.0000732976  -0.0000002022   0.0488600483  -0.1310671812
       -0.0000008148   0.0102182604  -0.0690748273  -0.0000033613   0.0449514802
        0.4739775952   0.0000262968  -0.0268791875  -0.1070081251   0.1089628067
       -0.0269711807  -0.1071137173  -0.1090010338  -0.0593537245  -0.0598054759
        0.0000175552  -0.0002199754   0.0006151705   0.0000004511
       -0.0000009498  -0.0000021271   0.0102105708   0.0000017995  -0.0000011034
        0.0023579651  -0.0000006047  -0.0000008936  -0.0008713881   0.0000012995
        0.0000002860  -0.0000950258  -0.0000006361   0.0000000768  -0.0010839980
        0.0000011555   0.0000007921  -0.0005041851  -0.0000010701  -0.0000000820
        0.0001917413   0.0000001776  -0.0000000866   0.0001092729   0.0000000372
        0.0000000291   0.0000901146   0.0000000059   0.0000000122  -0.0002747904
       -0.0000000521  -0.0000000182  -0.0000053645   0.0000062537  -0.0000066009
       -0.0686552872   0.0000022841  -0.0000062212   0.0201499411  -0.0000015498
        0.0000262968   0.4875594771   0.0407818068   0.1141320647  -0.2026349598
       -0.0408727382  -0.1141611379  -0.2024948432   0.0000831858   0.0000188482
       -0.0451946515  -0.0000004046  -0.0000001350   0.0011454106
       -0.0015506426   0.0003875578   0.0014912299   0.0004849838  -0.0004668764
        0.0001779364  -0.0003820324  -0.0002929239  -0.0001350033   0.0002208646
        0.0002818776  -0.0000980705  -0.0001381853  -0.0000565609  -0.0002702423
       -0.0008061506   0.0008663238  -0.0001139272  -0.0001422354  -0.0000612624
        0.0000581282   0.0000408580  -0.0000284899   0.0000217432   0.0000648109
       -0.0001005832   0.0000189120   0.0000024749  -0.0000206312  -0.0000299127
        0.0000141977  -0.0000095882   0.0000173765   0.0056849488   0.0050004887
       -0.0128760182  -0.0004909804   0.0034393951   0.0009902310  -0.0524580149
       -0.0268791875   0.0407818068   0.0580019996   0.0334005176  -0.0495369699
        0.0025089336   0.0025284040  -0.0052819640  -0.0094475084  -0.0174829081
        0.0253468223  -0.0016083220  -0.0005055531  -0.0005620781
        0.0001977514  -0.0000521747  -0.0014763635  -0.0000585676  -0.0001454223
       -0.0001698368  -0.0001007447   0.0000325477   0.0001424202  -0.0000818289
        0.0001837031  -0.0000028994   0.0001150672  -0.0001069054   0.0000862267
       -0.0004538183   0.0001958337  -0.0000848216  -0.0000092789  -0.0000465991
       -0.0000024898   0.0000324413   0.0000156289  -0.0000039055  -0.0000775115
        0.0000306716  -0.0000423800  -0.0000835844   0.0000195881   0.0000368352
       -0.0000783588  -0.0000076562  -0.0000101290  -0.0035423732  -0.0181558084
        0.0213764735   0.0024596916  -0.0056691194  -0.0028413352  -0.0295082457
       -0.1070081251   0.1141320647   0.0334005176   0.1255365946  -0.1258323551
        0.0025226020   0.0094286733  -0.0130395900  -0.0043827650  -0.0047301199
        0.0079847042  -0.0003509939   0.0004786894  -0.0002526186
       -0.0005027530  -0.0002088277   0.0004221980   0.0000370795  -0.0000894110
        0.0000261998   0.0001301435  -0.0000863358   0.0000028041   0.0002991585
       -0.0001596379  -0.0000062145  -0.0000083068  -0.0001589316   0.0000165955
        0.0002898987   0.0006445393   0.0001428969  -0.0000764524  -0.0000359139
        0.0000118278   0.0000250622  -0.0000161282   0.0000102470   0.0000516153
       -0.0000598480   0.0000214514   0.0000200678  -0.0000101122   0.0000028065
        0.0000158119  -0.0000178702  -0.0000096805   0.0011095178   0.0033554059
       -0.0015104244  -0.0007718309  -0.0003847492  -0.0001654254   0.0427011330
        0.1089628067  -0.2026349598  -0.0495369699  -0.1258323551   0.2323179737
        0.0052618066   0.0130207531  -0.0270901145   0.0021312193   0.0016591238
       -0.0013889908  -0.0011762015  -0.0005825082  -0.0001691906
       -0.0015495697   0.0003872821  -0.0014893262   0.0004850579  -0.0004668283
       -0.0001777012  -0.0003820547  -0.0002929025   0.0001348144   0.0002205034
        0.0002819690   0.0000980686  -0.0001382215  -0.0000566094   0.0002702599
       -0.0008081067   0.0008670748   0.0001142929  -0.0001420132  -0.0000613304
       -0.0000581922   0.0000408375  -0.0000285578  -0.0000218337   0.0000647776
       -0.0001006104  -0.0000187878   0.0000024547  -0.0000206728   0.0000298585
        0.0000142203  -0.0000096425  -0.0000174249   0.0056942062   0.0049977644
        0.0128699919  -0.0004903709   0.0034457931  -0.0009906496  -0.0525191927
       -0.0269711807  -0.0408727382   0.0025089336   0.0025226020   0.0052618066
        0.0580731924   0.0335065469   0.0496375213  -0.0094643010  -0.0174947882
       -0.0253331968  -0.0016103530  -0.0005059091   0.0005632363
        0.0001966797  -0.0000515121   0.0014757817  -0.0000585785  -0.0001455191
        0.0001695767  -0.0001010399   0.0000324016  -0.0001422859  -0.0000815887
        0.0001838182   0.0000029095   0.0001150065  -0.0001067368  -0.0000860412
       -0.0004544315   0.0001960135   0.0000850391  -0.0000095153  -0.0000466210
        0.0000024379   0.0000324141   0.0000156037   0.0000038971  -0.0000776150
        0.0000306826   0.0000424808  -0.0000836487   0.0000195757  -0.0000367276
       -0.0000784130  -0.0000076822   0.0000100469  -0.0035569817  -0.0181645892
       -0.0213669588   0.0024621121  -0.0056771391   0.0028382466  -0.0296003176
       -0.1071137173  -0.1141611379   0.0025284040   0.0094286733   0.0130207531
        0.0335065469   0.1256620633   0.1258695668  -0.0043879632  -0.0047350282
       -0.0079799801  -0.0003510702   0.0004797132   0.0002523954
        0.0005036836   0.0002088879   0.0004221773  -0.0000370611   0.0000895053
        0.0000261412  -0.0001300905   0.0000865374   0.0000027340  -0.0002995648
        0.0001596969  -0.0000063157   0.0000085859   0.0001590176   0.0000164038
       -0.0002897914  -0.0006451664   0.0001430388   0.0000766727   0.0000359501
        0.0000117667  -0.0000249986   0.0000160948   0.0000101717  -0.0000517302
        0.0000599392   0.0000213632  -0.0000200589   0.0000101063   0.0000027136
       -0.0000157933   0.0000178837  -0.0000096464  -0.0011149100  -0.0033471592
       -0.0015089557   0.0007714404   0.0003825876  -0.0001644150  -0.0427859691
       -0.1090010338  -0.2024948432  -0.0052819640  -0.0130395900  -0.0270901145
        0.0496375213   0.1258695668   0.2321536926  -0.0021237929  -0.0016457513
       -0.0013670392   0.0011778210   0.0005829272  -0.0001688735
       -0.0018118043   0.0031488048   0.0000000819  -0.0009444059  -0.0003130659
       -0.0000000166  -0.0001606414   0.0001833631   0.0000000799   0.0005182202
        0.0000479803   0.0000000245   0.0001165522   0.0001484878   0.0000000020
        0.0001007193   0.0003282597  -0.0000000045  -0.0004101928  -0.0000196015
        0.0000000107   0.0000383753   0.0000016629   0.0000000834  -0.0000268901
        0.0000154880   0.0000001129  -0.0001251591   0.0000282402   0.0000001378
       -0.0000046770  -0.0000000589  -0.0000000879  -0.0242407096  -0.0000219473
        0.0000069267   0.0025135038  -0.0020693156  -0.0000017638  -0.2725671899
       -0.0593537245   0.0000831858  -0.0094475084  -0.0043827650   0.0021312193
       -0.0094643010  -0.0043879632  -0.0021237929   0.3159547357   0.0664605883
       -0.0000960430  -0.0000386270   0.0001855668  -0.0000001563
        0.0022805283  -0.0041910471   0.0000004635   0.0013584836   0.0001227311
        0.0000000853   0.0002222095  -0.0002494048  -0.0000001260  -0.0001701016
       -0.0000518234  -0.0000000371  -0.0000743912   0.0001742961  -0.0000000489
       -0.0004388515  -0.0005483563   0.0000002124   0.0000726089   0.0000141979
       -0.0000000202   0.0000280435   0.0000120511  -0.0000000232   0.0000078230
        0.0001232484  -0.0000000992   0.0000552268   0.0000248147  -0.0000001139
        0.0000189801   0.0000028492   0.0000000951   0.0270991857   0.0055056604
       -0.0000090981  -0.0010836243   0.0028930681   0.0000014399  -0.0607756161
       -0.0598054759   0.0000188482  -0.0174829081  -0.0047301199   0.0016591238
       -0.0174947882  -0.0047350282  -0.0016457513   0.0664605883   0.0651910140
       -0.0000250316  -0.0000833966   0.0002473246   0.0000000812
        0.0000003974   0.0000001072   0.0018717211  -0.0000001415   0.0000003088
        0.0001012470   0.0000001177   0.0000001171  -0.0001668676  -0.0000004328
        0.0000000134  -0.0000189041   0.0000000294  -0.0000000308  -0.0000098323
       -0.0000005300  -0.0000002914   0.0001648112   0.0000003330   0.0000000596
        0.0000026474   0.0000000067   0.0000000254   0.0000402314   0.0000000004
       -0.0000000261   0.0000660596   0.0000000411   0.0000000153  -0.0000188946
        0.0000000007   0.0000000214   0.0000089250   0.0000000804   0.0000029305
        0.0010586695  -0.0000019453  -0.0000005303  -0.0013246237   0.0000843637
        0.0000175552  -0.0451946515   0.0253468223   0.0079847042  -0.0013889908
       -0.0253331968  -0.0079799801  -0.0013670392  -0.0000960430  -0.0000250316
        0.0463239407   0.0000000966   0.0000000322  -0.0001484491
        0.0067849367  -0.0084452692   0.0000006360  -0.0006492627  -0.0027019226
        0.0000001857  -0.0002292432  -0.0005128380   0.0000000361  -0.0048522914
       -0.0008710097  -0.0000000350  -0.0192538255   0.0254001683  -0.0000015258
       -0.1120738759   0.1169467385  -0.0000078477  -0.0011637647   0.0014124315
       -0.0000001132  -0.0003718106   0.0001875437   0.0000000022   0.0002737335
       -0.0006565256  -0.0000000439  -0.0000796511  -0.0000211259  -0.0000000083
        0.0006270898   0.0008122942   0.0000000175   0.0011647793  -0.0007865750
        0.0000000862   0.0000088560   0.0004508659   0.0000000056  -0.0019300904
       -0.0002199754  -0.0000004046  -0.0016083220  -0.0003509939  -0.0011762015
       -0.0016103530  -0.0003510702   0.0011778210  -0.0000386270  -0.0000833966
        0.0000000966   0.1350017222  -0.1302093400   0.0000072931
        0.0127793472  -0.0246658519   0.0000012135  -0.0031023715  -0.0046442522
        0.0000006861  -0.0005073577   0.0006016441  -0.0000000433  -0.0002528268
        0.0010816624   0.0000005317   0.0019309994  -0.0007714128   0.0000001892
        0.1180789965  -0.2376303916   0.0000130329   0.0000683538  -0.0001447996
        0.0000000071  -0.0000961838   0.0000395172  -0.0000000338   0.0008657889
       -0.0013825836   0.0000000256   0.0000009860   0.0000981628  -0.0000001031
       -0.0008856674   0.0010032604  -0.0000002317   0.0016198521  -0.0002585278
       -0.0000001928   0.0001190142   0.0002853341  -0.0000000691   0.0004163046
        0.0006151705  -0.0000001350  -0.0005055531   0.0004786894  -0.0005825082
       -0.0005059091   0.0004797132   0.0005829272   0.0001855668   0.0002473246
        0.0000000322  -0.1302093400   0.2645673408  -0.0000153283
       -0.0000016615  -0.0000001084   0.0002962653   0.0000000766   0.0000007418
        0.0066500309   0.0000004250   0.0000001708  -0.0002436182  -0.0000001557
        0.0000000803   0.0094545348  -0.0000006623   0.0000002165   0.0013724737
       -0.0000072162   0.0000143055  -0.0344193667   0.0000000554  -0.0000000267
       -0.0000516454   0.0000000709  -0.0000000377  -0.0004705699  -0.0000001140
        0.0000001591   0.0003101262   0.0000000680  -0.0000000862  -0.0016288881
        0.0000000405  -0.0000002179  -0.0030306145   0.0000002416   0.0000002079
       -0.0023704250  -0.0000000221  -0.0000003858   0.0000431922   0.0000005588
        0.0000004511   0.0011454106  -0.0005620781  -0.0002526186  -0.0001691906
        0.0005632363   0.0002523954  -0.0001688735  -0.0000001563   0.0000000812
       -0.0001484491   0.0000072931  -0.0000153283   0.0234296073
