           1           2   1.36009676814379     
           2           3   1.48196687108126     
           3           4   1.34846157998445     
           4           5   1.33579802001679     
           1           6   1.35409229985782     
           5           6   1.49468973376714     
           4           7   1.11167673060221     
           7           8  0.831262512255714     
           2           9  0.966100241843862     
           3          10  0.963902655419989     
           5          11  0.965958409288554     
           1          12   1.06115029023387     
          12          13   1.73956925641561     
          12          14   1.01464242922258     
          14          15  0.955398444590946     
          14          16  0.955430250274281     
          14          17  0.983087108586113     
           6          18  0.963597264433007     
