           1           2   1.42355818478247     
           2           3   1.45105034619228     
           3           4   1.37662104109176     
           2           5  0.101198793810724     
           4           5   1.32991088488103     
           1           6   1.44802984319059     
           3           6  0.104971340319229     
           5           6   1.39546616632825     
           6           7  0.968833744887384     
           4           8   1.06705976066837     
           8           9  0.847101272742950     
           2          10  0.970561472067980     
           3          11  0.967604852676448     
           1          12  0.970120722617551     
           5          13   1.03802433624071     
          13          14   1.38686563297223     
          13          15   1.39069080346297     
          14          16   1.45393104731571     
          15          16  0.108037189568688     
          14          17  0.969223157004145     
          14          18  0.109622634502528     
          15          18   1.44280569880005     
          15          19  0.966869901338232     
          13          20  0.105927645133694     
          16          20   1.43077957263604     
          18          20   1.43947883218591     
          16          21  0.970352884209142     
          18          22  0.970331429992149     
          20          23  0.971037355105214     
