           1           2   1.39668128951770     
           2           3   1.41415793657541     
           3           4   1.32233785821532     
           4           5   1.31995721625830     
           1           6   1.39767489121937     
           5           6   1.41516769529690     
           2           7  0.956838307497921     
           6           8  0.955706142035395     
           4           9   1.12977471204689     
           9          10  0.820533119798193     
           3          11  0.964822491185234     
           1          12  0.966543526456880     
           5          13  0.978604754630243     
