$hessian                                                                        
        0.4635435044  -0.0000060688   0.0047612387  -0.1283803007  -0.1307565604
       -0.0010276804  -0.0380016497  -0.0248216003  -0.0006544118  -0.0012710277
       -0.0000003671   0.0001481734  -0.0380006672   0.0248221081  -0.0006547572
       -0.1283816299   0.1307614468  -0.0010299521   0.0055399194   0.0130866791
        0.0001123458  -0.0046530659   0.0000457081  -0.0001677728  -0.0046532061
       -0.0000456482  -0.0001677242   0.0055398100  -0.0130867526   0.0001126004
        0.0018388989   0.0000000008  -0.0003190521  -0.0000147659   0.0000601814
        0.0001527955  -0.0000147905  -0.0000602474   0.0001527845  -0.1330910292
        0.0000011205  -0.0014185878
       -0.0000060688   0.6382580087  -0.0000048716  -0.0613453955  -0.2746042375
       -0.0005652531  -0.0840012823   0.0228102943  -0.0017710852  -0.0000003458
       -0.0647391720   0.0000005728   0.0840018634   0.0228094701   0.0017705750
        0.0613504466  -0.2746165496   0.0005694084  -0.0116825759  -0.0263196816
       -0.0001063683   0.0005752674   0.0017263931  -0.0000346263  -0.0005751168
        0.0017264010   0.0000347419   0.0116824318  -0.0263194312   0.0001067854
       -0.0000000571   0.0036194542  -0.0000001022   0.0003185703   0.0004599667
        0.0005873895  -0.0003185899   0.0004599687  -0.0005873559   0.0000008526
       -0.0252708850   0.0000001897
        0.0047612387  -0.0000048716   0.0916864411  -0.0010139791  -0.0016862545
       -0.0448707238  -0.0005562025  -0.0003485102   0.0014381912   0.0001187864
        0.0000005037  -0.0059979670  -0.0005574844   0.0003481002   0.0014381369
       -0.0010151475   0.0016903333  -0.0448695392   0.0000577412   0.0001377773
        0.0006415249  -0.0001474441  -0.0000067782   0.0080389742  -0.0001473987
        0.0000068860   0.0080384772   0.0000574966  -0.0001372344   0.0006411555
       -0.0000928760  -0.0000000341  -0.0000211464  -0.0000151339   0.0000767747
        0.0001561015  -0.0000151209  -0.0000767810   0.0001560358  -0.0014344758
        0.0000000889  -0.0164756620
       -0.1283803007  -0.0613453955  -0.0010139791   0.6650681756  -0.0173802689
        0.0067449117  -0.3496237212  -0.0353663145  -0.0030464457  -0.0361737427
        0.0763219556  -0.0000640193  -0.0422399678  -0.0226383519  -0.0008508296
        0.0494481692  -0.0272767128   0.0007676874  -0.1085866399   0.1130238124
       -0.0008236207  -0.0186346773  -0.0028410165  -0.0002929444  -0.0002518590
       -0.0008590296  -0.0000421341  -0.0007993485   0.0031313524  -0.0000814838
        0.0037091797  -0.0009167337  -0.0021914878  -0.0004424911  -0.0010039046
        0.0000245593  -0.0007235799   0.0003921229   0.0012651015  -0.0323691965
       -0.0232415152  -0.0003953153
       -0.1307565604  -0.2746042375  -0.0016862545  -0.0173802689   0.6650042698
        0.0000893999   0.0387989701  -0.0914321520   0.0008574595   0.0247180185
        0.0288405151   0.0002325202  -0.0291060336  -0.0121089201  -0.0005894707
        0.0272756424  -0.0642690020   0.0004649168   0.1140737823  -0.2382233901
        0.0010407944  -0.0267746709  -0.0022409189  -0.0004377514  -0.0004589457
        0.0005137181  -0.0000463495   0.0025915017  -0.0040947267   0.0000430001
        0.0025411139  -0.0065822775   0.0000899761  -0.0001904885  -0.0007863776
       -0.0000993727   0.0015390833  -0.0000741132   0.0001302530  -0.0068711444
        0.0000576127  -0.0000891211
       -0.0010276804  -0.0005652531  -0.0448707238   0.0067449117   0.0000893999
        0.1109645731  -0.0039074271  -0.0004077235  -0.0400669602  -0.0002844288
        0.0008359200  -0.0022284707  -0.0005733614  -0.0003247595  -0.0025636357
        0.0007672606  -0.0004638096  -0.0003811465  -0.0008318871   0.0011086586
       -0.0336081358  -0.0001974221  -0.0000197555  -0.0006610808  -0.0000206658
       -0.0000099618   0.0001579637  -0.0000814269   0.0000645854   0.0067281101
       -0.0008566805  -0.0001633072   0.0040359415   0.0002511384   0.0003011684
        0.0002478298   0.0004324196  -0.0001697759   0.0015223787  -0.0004147501
       -0.0002753861   0.0007233566
       -0.0380016497  -0.0840012823  -0.0005562025  -0.3496237212   0.0387989701
       -0.0039074271   0.6837204589   0.0121396587   0.0062976509  -0.1322169373
        0.0508432905  -0.0016750232   0.0495882792   0.0210330186   0.0008888678
       -0.0422394863   0.0291062540  -0.0005738384  -0.0173271641   0.0026325829
       -0.0002146535  -0.1046752337  -0.1098857282  -0.0010765202  -0.0010325522
       -0.0032497016  -0.0000360425  -0.0002187924   0.0005036554  -0.0000102948
       -0.0428019465   0.0396862438   0.0017376650   0.0019879742   0.0037006293
       -0.0003944664  -0.0057697958  -0.0010535215  -0.0003972465  -0.0013894333
       -0.0002540697  -0.0000824686
       -0.0248216003   0.0228102943  -0.0003485102  -0.0353663145  -0.0914321520
       -0.0004077235   0.0121396587   0.6405228162   0.0002302175   0.1191949116
       -0.2521486510   0.0024252703  -0.0210339138  -0.0551941946  -0.0002194484
        0.0226385851  -0.0121095039   0.0003248540   0.0258009733  -0.0018229650
        0.0003566268  -0.1091208489  -0.2408569728  -0.0008368619  -0.0024733823
       -0.0042514061  -0.0000438660   0.0005743487   0.0006057301  -0.0000277500
        0.0175470738  -0.0046848614  -0.0032908479  -0.0020869634   0.0001800267
        0.0007096386  -0.0006821018   0.0018081227   0.0011658478  -0.0023104262
       -0.0034262832  -0.0000374471
       -0.0006544118  -0.0017710852   0.0014381912  -0.0030464457   0.0008574595
       -0.0400669602   0.0062976509   0.0002302175   0.1060566859  -0.0014202742
        0.0007051258  -0.0515946589   0.0008893102   0.0002203695   0.0006654741
       -0.0008512832   0.0005897038  -0.0025637715  -0.0001436661   0.0000153656
        0.0004199574  -0.0011074544  -0.0011748890  -0.0308783138  -0.0000859034
       -0.0000062463   0.0064894355   0.0000010489   0.0000030464  -0.0001729573
        0.0003993495  -0.0000205697   0.0044741972   0.0004215350   0.0000670414
       -0.0010111368  -0.0006261393   0.0002690028   0.0021573715  -0.0000733163
        0.0000154578   0.0045864857
       -0.0012710277  -0.0000003458   0.0001187864  -0.0361737427   0.0247180185
       -0.0002844288  -0.1322169373   0.1191949116  -0.0014202742   0.6926183837
        0.0000080893   0.0044226476  -0.1322211103  -0.1192011795  -0.0014185140
       -0.0361751380  -0.0247174104  -0.0002839974  -0.0048618216  -0.0004176416
       -0.0001826392   0.0063935594  -0.0134238520  -0.0000515425   0.0063936256
        0.0134232398  -0.0000517531  -0.0048619959   0.0004176989  -0.0001826326
       -0.3252151377  -0.0000009065  -0.0187315720  -0.0197186502  -0.0107309249
        0.0089883703  -0.0197187136   0.0107303221   0.0089881470   0.0070287064
       -0.0000000196   0.0000894025
       -0.0000003671  -0.0647391720   0.0000005037   0.0763219556   0.0288405151
        0.0008359200   0.0508432905  -0.2521486510   0.0007051258   0.0000080893
        0.6490764247  -0.0000028862  -0.0508501318  -0.2521568031  -0.0007026303
       -0.0763215385   0.0288415031  -0.0008363887  -0.0009247540   0.0013689910
       -0.0000828980   0.0101678310  -0.0262736024   0.0001340311  -0.0101682955
       -0.0262730805  -0.0001337677   0.0009247462   0.0013689873   0.0000830251
       -0.0000005958  -0.0859414454  -0.0000002218  -0.0276509221  -0.0013774243
        0.0025604435   0.0276505360  -0.0013768190  -0.0025602831   0.0000001562
        0.0007905765   0.0000000266
        0.0001481734   0.0000005728  -0.0059979670  -0.0000640193   0.0002325202
       -0.0022284707  -0.0016750232   0.0024252703  -0.0515946589   0.0044226476
       -0.0000028862   0.1320998395  -0.0016749252  -0.0024229950  -0.0515934241
       -0.0000624898  -0.0002330877  -0.0022285707  -0.0001858105   0.0000217664
        0.0086846843   0.0001523143  -0.0001084692   0.0011703141   0.0001524923
        0.0001089231   0.0011698486  -0.0001857389  -0.0000215964   0.0086843021
        0.0141490921   0.0000000844  -0.0297543094  -0.0073644078  -0.0002782349
       -0.0042967789  -0.0073643530   0.0002781313  -0.0042969916  -0.0004479521
        0.0000000009   0.0001821827
       -0.0380006672   0.0840018634  -0.0005574844  -0.0422399678  -0.0291060336
       -0.0005733614   0.0495882792  -0.0210339138   0.0008893102  -0.1322211103
       -0.0508501318  -0.0016749252   0.6837014535  -0.0121320838   0.0062971716
       -0.3496077090  -0.0387963333  -0.0039051168  -0.0002188428  -0.0005036406
       -0.0000103092  -0.0010325760   0.0032496903  -0.0000359996  -0.1046685909
        0.1098822015  -0.0010786118  -0.0173275410  -0.0026325215  -0.0002146596
       -0.0428016898  -0.0396862714   0.0017383554  -0.0057698130   0.0010536344
       -0.0003973175   0.0019881446  -0.0037003862  -0.0003945395  -0.0013893695
        0.0002539266  -0.0000825123
        0.0248221081   0.0228094701   0.0003481002  -0.0226383519  -0.0121089201
       -0.0003247595   0.0210330186  -0.0551941946   0.0002203695  -0.1192011795
       -0.2521568031  -0.0024229950  -0.0121320838   0.6405391476  -0.0002389611
        0.0353696774  -0.0914328076   0.0004087695  -0.0005742376   0.0006058046
        0.0000276775   0.0024734078  -0.0042515949   0.0000439866   0.1091166122
       -0.2408643033   0.0008411876  -0.0258011004  -0.0018228739  -0.0003564848
       -0.0175470593  -0.0046846839   0.0032911998   0.0006821069   0.0018080846
       -0.0011659087   0.0020868628   0.0001798204  -0.0007097439   0.0023102187
       -0.0034261459   0.0000375623
       -0.0006547572   0.0017705750   0.0014381369  -0.0008508296  -0.0005894707
       -0.0025636357   0.0008888678  -0.0002194484   0.0006654741  -0.0014185140
       -0.0007026303  -0.0515934241   0.0062971716  -0.0002389611   0.1060564271
       -0.0030457153  -0.0008563627  -0.0400680008   0.0000010567  -0.0000030524
       -0.0001729705  -0.0000859420   0.0000064206   0.0064890573  -0.0011095052
        0.0011789606  -0.0308780310  -0.0001431252  -0.0000153353   0.0004202860
        0.0003993802   0.0000206757   0.0044739743  -0.0006261747  -0.0002689915
        0.0021571508   0.0004215105  -0.0000670667  -0.0010112746  -0.0000734237
       -0.0000153128   0.0045868301
       -0.1283816299   0.0613504466  -0.0010151475   0.0494481692   0.0272756424
        0.0007672606  -0.0422394863   0.0226385851  -0.0008512832  -0.0361751380
       -0.0763215385  -0.0000624898  -0.3496077090   0.0353696774  -0.0030457153
        0.6650519225   0.0173706248   0.0067420343  -0.0007994802  -0.0031313928
       -0.0000814084  -0.0002518929   0.0008590104  -0.0000421646  -0.0186345299
        0.0028413160  -0.0002929924  -0.1085848285  -0.1130229453  -0.0008205483
        0.0037093946   0.0009168170  -0.0021917109  -0.0007236143  -0.0003920636
        0.0012651477  -0.0004425033   0.0010039666   0.0000245981  -0.0323686741
        0.0232418539  -0.0003955803
        0.1307614468  -0.2746165496   0.0016903333  -0.0272767128  -0.0642690020
       -0.0004638096   0.0291062540  -0.0121095039   0.0005897038  -0.0247174104
        0.0288415031  -0.0002330877  -0.0387963333  -0.0914328076  -0.0008563627
        0.0173706248   0.6650192240  -0.0001009118  -0.0025916077  -0.0040948512
       -0.0000428240   0.0004588667   0.0005137653   0.0000463832   0.0267751342
       -0.0022414842   0.0004377221  -0.1140722951  -0.2382249611  -0.0010355340
       -0.0025411042  -0.0065821738  -0.0000897867  -0.0015390775  -0.0000740428
       -0.0001302419   0.0001905497  -0.0007862698   0.0000993806   0.0068716648
        0.0000571535   0.0000890353
       -0.0010299521   0.0005694084  -0.0448695392   0.0007676874   0.0004649168
       -0.0003811465  -0.0005738384   0.0003248540  -0.0025637715  -0.0002839974
       -0.0008363887  -0.0022285707  -0.0039051168   0.0004087695  -0.0400680008
        0.0067420343  -0.0001009118   0.1109645649  -0.0000814013  -0.0000643281
        0.0067276568  -0.0000206737   0.0000099654   0.0001578744  -0.0001979009
        0.0000197547  -0.0006608368  -0.0008289168  -0.0011035499  -0.0336080707
       -0.0008567080   0.0001634371   0.0040362887   0.0004324748   0.0001697865
        0.0015224408   0.0002511400  -0.0003011184   0.0002480697  -0.0004148313
        0.0002754045   0.0007230408
        0.0055399194  -0.0116825759   0.0000577412  -0.1085866399   0.1140737823
       -0.0008318871  -0.0173271641   0.0258009733  -0.0001436661  -0.0048618216
       -0.0009247540  -0.0001858105  -0.0002188428  -0.0005742376   0.0000010567
       -0.0007994802  -0.0025916077  -0.0000814013   0.1253484006  -0.1251602318
        0.0011040135   0.0005978204   0.0007537453   0.0000450290  -0.0000558092
       -0.0000415162   0.0000096897   0.0002417162  -0.0007289072   0.0000033999
       -0.0012361665   0.0015094509   0.0000274032   0.0001193335   0.0002134815
       -0.0000593813  -0.0004257439   0.0000142599   0.0000217526   0.0016644781
       -0.0006618627   0.0000320605
        0.0130866791  -0.0263196816   0.0001377773   0.1130238124  -0.2382233901
        0.0011086586   0.0026325829  -0.0018229650   0.0000153656  -0.0004176416
        0.0013689910   0.0000217664  -0.0005036406   0.0006058046  -0.0000030524
       -0.0031313928  -0.0040948512  -0.0000643281  -0.1251602318   0.2681918709
       -0.0012166387  -0.0007441104   0.0010405157  -0.0000047610   0.0000742189
        0.0000394588   0.0000091476   0.0007289112  -0.0014842933   0.0000066116
        0.0004314756  -0.0002360777  -0.0000883209   0.0000174057  -0.0000043365
        0.0000661195   0.0000233230   0.0000676063  -0.0000003480  -0.0000613915
        0.0008713482   0.0000120027
        0.0001123458  -0.0001063683   0.0006415249  -0.0008236207   0.0010407944
       -0.0336081358  -0.0002146535   0.0003566268   0.0004199574  -0.0001826392
       -0.0000828980   0.0086846843  -0.0000103092   0.0000276775  -0.0001729705
       -0.0000814084  -0.0000428240   0.0067276568   0.0011040135  -0.0012166387
        0.0238126765   0.0000460621   0.0000165967  -0.0029604327   0.0000148462
       -0.0000031630  -0.0015045604   0.0000033835  -0.0000065784   0.0000771067
        0.0000108696   0.0000368692  -0.0000228294  -0.0000229821  -0.0000196037
        0.0000564484   0.0000230514   0.0000101113  -0.0003061392   0.0000210410
       -0.0000106019  -0.0018449869
       -0.0046530659   0.0005752674  -0.0001474441  -0.0186346773  -0.0267746709
       -0.0001974221  -0.1046752337  -0.1091208489  -0.0011074544   0.0063935594
        0.0101678310   0.0001523143  -0.0010325760   0.0024734078  -0.0000859420
       -0.0002518929   0.0004588667  -0.0000206737   0.0005978204  -0.0007441104
        0.0000460621   0.1223727126   0.1223738854   0.0013653124   0.0002988061
        0.0006172015   0.0000460689  -0.0000558197  -0.0000741922   0.0000148484
        0.0014397095   0.0012530845   0.0003272553  -0.0004378005  -0.0000581427
       -0.0002605770  -0.0000966904  -0.0001229197  -0.0001068680  -0.0012648516
       -0.0010246595  -0.0000254802
        0.0000457081   0.0017263931  -0.0000067782  -0.0028410165  -0.0022409189
       -0.0000197555  -0.1098857282  -0.2408569728  -0.0011748890  -0.0134238520
       -0.0262736024  -0.0001084692   0.0032496903  -0.0042515949   0.0000064206
        0.0008590104   0.0005137653   0.0000099654   0.0007537453   0.0010405157
        0.0000165967   0.1223738854   0.2700956516   0.0011538124  -0.0006172520
       -0.0015570988   0.0000193868   0.0000414962   0.0000394751   0.0000031510
       -0.0012410548   0.0014378840  -0.0000958462   0.0011744803  -0.0001272441
        0.0003581885  -0.0003570695   0.0005638553  -0.0001570806  -0.0001320430
       -0.0001101083  -0.0000047028
       -0.0001677728  -0.0000346263   0.0080389742  -0.0002929444  -0.0004377514
       -0.0006610808  -0.0010765202  -0.0008368619  -0.0308783138  -0.0000515425
        0.0001340311   0.0011703141  -0.0000359996   0.0000439866   0.0064890573
       -0.0000421646   0.0000463832   0.0001578744   0.0000450290  -0.0000047610
       -0.0029604327   0.0013653124   0.0011538124   0.0223271956   0.0000460654
       -0.0000193789  -0.0007361945   0.0000096810  -0.0000091660  -0.0015045375
        0.0004701608   0.0001459727  -0.0014852874  -0.0001026944  -0.0001938556
       -0.0003625453  -0.0000993005   0.0000379756   0.0000741475  -0.0000673096
       -0.0000257605   0.0003308290
       -0.0046532061  -0.0005751168  -0.0001473987  -0.0002518590  -0.0004589457
       -0.0000206658  -0.0010325522  -0.0024733823  -0.0000859034   0.0063936256
       -0.0101682955   0.0001524923  -0.1046685909   0.1091166122  -0.0011095052
       -0.0186345299   0.0267751342  -0.0001979009  -0.0000558092   0.0000742189
        0.0000148462   0.0002988061  -0.0006172520   0.0000460654   0.1223661046
       -0.1223701200   0.0013675560   0.0005976458   0.0007442121   0.0000460450
        0.0014397154  -0.0012528386   0.0003272515  -0.0000966731   0.0001229222
       -0.0001068776  -0.0004378238   0.0000581394  -0.0002605026  -0.0012648534
        0.0010247117  -0.0000255022
       -0.0000456482   0.0017264010   0.0000068860  -0.0008590296   0.0005137181
       -0.0000099618  -0.0032497016  -0.0042514061  -0.0000062463   0.0134232398
       -0.0262730805   0.0001089231   0.1098822015  -0.2408643033   0.0011789606
        0.0028413160  -0.0022414842   0.0000197547  -0.0000415162   0.0000394588
       -0.0000031630   0.0006172015  -0.0015570988  -0.0000193789  -0.1223701200
        0.2701028099  -0.0011585251  -0.0007538059   0.0010405599  -0.0000166728
        0.0012410714   0.0014379325   0.0000957640   0.0003570373   0.0005638640
        0.0001570816  -0.0011743183  -0.0001272112  -0.0003581369   0.0001320720
       -0.0001101602   0.0000047147
       -0.0001677242   0.0000347419   0.0080384772  -0.0000421341  -0.0000463495
        0.0001579637  -0.0000360425  -0.0000438660   0.0064894355  -0.0000517531
       -0.0001337677   0.0011698486  -0.0010786118   0.0008411876  -0.0308780310
       -0.0002929924   0.0004377221  -0.0006608368   0.0000096897   0.0000091476
       -0.0015045604   0.0000460689   0.0000193868  -0.0007361945   0.0013675560
       -0.0011585251   0.0223271216   0.0000450295   0.0000046623  -0.0029604513
        0.0004701432  -0.0001459554  -0.0014852148  -0.0000993128  -0.0000379995
        0.0000742511  -0.0001026344   0.0001938575  -0.0003626145  -0.0000672819
        0.0000257575   0.0003308056
        0.0055398100   0.0116824318   0.0000574966  -0.0007993485   0.0025915017
       -0.0000814269  -0.0002187924   0.0005743487   0.0000010489  -0.0048619959
        0.0009247462  -0.0001857389  -0.0173275410  -0.0258011004  -0.0001431252
       -0.1085848285  -0.1140722951  -0.0008289168   0.0002417162   0.0007289112
        0.0000033835  -0.0000558197   0.0000414962   0.0000096810   0.0005976458
       -0.0007538059   0.0000450295   0.1253471656   0.1251592832   0.0011007444
       -0.0012361609  -0.0015094754   0.0000274199  -0.0004257383  -0.0000142702
        0.0000217615   0.0001193281  -0.0002135069  -0.0000593746   0.0016645595
        0.0006617348   0.0000320171
       -0.0130867526  -0.0263194312  -0.0001372344   0.0031313524  -0.0040947267
        0.0000645854   0.0005036554   0.0006057301   0.0000030464   0.0004176989
        0.0013689873  -0.0000215964  -0.0026325215  -0.0018228739  -0.0000153353
       -0.1130229453  -0.2382249611  -0.0011035499  -0.0007289072  -0.0014842933
       -0.0000065784  -0.0000741922   0.0000394751  -0.0000091660   0.0007442121
        0.0010405599   0.0000046623   0.1251592832   0.2681929725   0.0012106777
       -0.0004314800  -0.0002360825   0.0000883176  -0.0000233110   0.0000675701
        0.0000003526  -0.0000174164  -0.0000043518  -0.0000661220   0.0000613243
        0.0008714255  -0.0000120597
        0.0001126004   0.0001067854   0.0006411555  -0.0000814838   0.0000430001
        0.0067281101  -0.0000102948  -0.0000277500  -0.0001729573  -0.0001826326
        0.0000830251   0.0086843021  -0.0002146596  -0.0003564848   0.0004202860
       -0.0008205483  -0.0010355340  -0.0336080707   0.0000033999   0.0000066116
        0.0000771067   0.0000148484   0.0000031510  -0.0015045375   0.0000460450
       -0.0000166728  -0.0029604513   0.0011007444   0.0012106777   0.0238126117
        0.0000108814  -0.0000368479  -0.0000228193   0.0000230559  -0.0000101267
       -0.0003061880  -0.0000229897   0.0000196099   0.0000564154   0.0000210333
        0.0000105554  -0.0018449633
        0.0018388989  -0.0000000571  -0.0000928760   0.0037091797   0.0025411139
       -0.0008566805  -0.0428019465   0.0175470738   0.0003993495  -0.3252151377
       -0.0000005958   0.0141490921  -0.0428016898  -0.0175470593   0.0003993802
        0.0037093946  -0.0025411042  -0.0008567080  -0.0012361665   0.0004314756
        0.0000108696   0.0014397095  -0.0012410548   0.0004701608   0.0014397154
        0.0012410714   0.0004701432  -0.0012361609  -0.0004314800   0.0000108814
        0.6455935898  -0.0000021733   0.1041092151  -0.1195999436  -0.1384301669
       -0.0591588230  -0.1196049556   0.1384329179  -0.0591593068  -0.0052344873
        0.0000000386   0.0001053024
        0.0000000008   0.0036194542  -0.0000000341  -0.0009167337  -0.0065822775
       -0.0001633072   0.0396862438  -0.0046848614  -0.0000205697  -0.0000009065
       -0.0859414454   0.0000000844  -0.0396862714  -0.0046846839   0.0000206757
        0.0009168170  -0.0065821738   0.0001634371   0.0015094509  -0.0002360777
        0.0000368692   0.0012530845   0.0014378840   0.0001459727  -0.0012528386
        0.0014379325  -0.0001459554  -0.0015094754  -0.0002360825  -0.0000368479
       -0.0000021733   0.7323919170   0.0000022069  -0.1395566008  -0.3149993202
       -0.0886268503   0.1395594396  -0.3149933152   0.0886243239  -0.0000000368
        0.0000530497  -0.0000000054
       -0.0003190521  -0.0000001022  -0.0000211464  -0.0021914878   0.0000899761
        0.0040359415   0.0017376650  -0.0032908479   0.0044741972  -0.0187315720
       -0.0000002218  -0.0297543094   0.0017383554   0.0032911998   0.0044739743
       -0.0021917109  -0.0000897867   0.0040362887   0.0000274032  -0.0000883209
       -0.0000228294   0.0003272553  -0.0000958462  -0.0014852874   0.0003272515
        0.0000957640  -0.0014852148   0.0000274199   0.0000883176  -0.0000228193
        0.1041092151   0.0000022069   0.0651682882  -0.0432658642  -0.0710503015
       -0.0244213767  -0.0432663990   0.0710479881  -0.0244208943   0.0016715206
       -0.0000000254  -0.0005548121
       -0.0000147659   0.0003185703  -0.0000151339  -0.0004424911  -0.0001904885
        0.0002511384   0.0019879742  -0.0020869634   0.0004215350  -0.0197186502
       -0.0276509221  -0.0073644078  -0.0057698130   0.0006821069  -0.0006261747
       -0.0007236143  -0.0015390775   0.0004324748   0.0001193335   0.0000174057
       -0.0000229821  -0.0004378005   0.0011744803  -0.0001026944  -0.0000966731
        0.0003570373  -0.0000993128  -0.0004257383  -0.0000233110   0.0000230559
       -0.1195999436  -0.1395566008  -0.0432658642   0.1379224603   0.1568040562
        0.0469396654   0.0066699772   0.0116302763   0.0034877757   0.0005297447
        0.0000634301  -0.0000590752
        0.0000601814   0.0004599667   0.0000767747  -0.0010039046  -0.0007863776
        0.0003011684   0.0037006293   0.0001800267   0.0000670414  -0.0107309249
       -0.0013774243  -0.0002782349   0.0010536344   0.0018080846  -0.0002689915
       -0.0003920636  -0.0000740428   0.0001697865   0.0002134815  -0.0000043365
       -0.0000196037  -0.0000581427  -0.0001272441  -0.0001938556   0.0001229222
        0.0005638640  -0.0000379995  -0.0000142702   0.0000675701  -0.0000101267
       -0.1384301669  -0.3149993202  -0.0710503015   0.1568040562   0.3358337367
        0.0784462932  -0.0116297815  -0.0215555310  -0.0071217124   0.0003043493
        0.0000110277  -0.0000802385
        0.0001527955   0.0005873895   0.0001561015   0.0000245593  -0.0000993727
        0.0002478298  -0.0003944664   0.0007096386  -0.0010111368   0.0089883703
        0.0025604435  -0.0042967789  -0.0003973175  -0.0011659087   0.0021571508
        0.0012651477  -0.0001302419   0.0015224408  -0.0000593813   0.0000661195
        0.0000564484  -0.0002605770   0.0003581885  -0.0003625453  -0.0001068776
        0.0001570816   0.0000742511   0.0000217615   0.0000003526  -0.0003061880
       -0.0591588230  -0.0886268503  -0.0244213767   0.0469396654   0.0784462932
        0.0281838837   0.0034876826   0.0071217487  -0.0017472400  -0.0005025393
        0.0000151177  -0.0002528404
       -0.0000147905  -0.0003185899  -0.0000151209  -0.0007235799   0.0015390833
        0.0004324196  -0.0057697958  -0.0006821018  -0.0006261393  -0.0197187136
        0.0276505360  -0.0073643530   0.0019881446   0.0020868628   0.0004215105
       -0.0004425033   0.0001905497   0.0002511400  -0.0004257439   0.0000233230
        0.0000230514  -0.0000966904  -0.0003570695  -0.0000993005  -0.0004378238
       -0.0011743183  -0.0001026344   0.0001193281  -0.0000174164  -0.0000229897
       -0.1196049556   0.1395594396  -0.0432663990   0.0066699772  -0.0116297815
        0.0034876826   0.1379273931  -0.1568070765   0.0469402123   0.0005297538
       -0.0000634405  -0.0000590795
       -0.0000602474   0.0004599687  -0.0000767810   0.0003921229  -0.0000741132
       -0.0001697759  -0.0010535215   0.0018081227   0.0002690028   0.0107303221
       -0.0013768190   0.0002781313  -0.0037003862   0.0001798204  -0.0000670667
        0.0010039666  -0.0007862698  -0.0003011184   0.0000142599   0.0000676063
        0.0000101113  -0.0001229197   0.0005638553   0.0000379756   0.0000581394
       -0.0001272112   0.0001938575  -0.0002135069  -0.0000043518   0.0000196099
        0.1384329179  -0.3149933152   0.0710479881   0.0116302763  -0.0215555310
        0.0071217487  -0.1568070765   0.3358271740  -0.0784439150  -0.0003043469
        0.0000110639   0.0000802319
        0.0001527845  -0.0005873559   0.0001560358   0.0012651015   0.0001302530
        0.0015223787  -0.0003972465   0.0011658478   0.0021573715   0.0089881470
       -0.0025602831  -0.0042969916  -0.0003945395  -0.0007097439  -0.0010112746
        0.0000245981   0.0000993806   0.0002480697   0.0000217526  -0.0000003480
       -0.0003061392  -0.0001068680  -0.0001570806   0.0000741475  -0.0002605026
       -0.0003581369  -0.0003626145  -0.0000593746  -0.0000661220   0.0000564154
       -0.0591593068   0.0886243239  -0.0244208943   0.0034877757  -0.0071217124
       -0.0017472400   0.0469402123  -0.0784439150   0.0281835157  -0.0005025338
       -0.0000151074  -0.0002527802
       -0.1330910292   0.0000008526  -0.0014344758  -0.0323691965  -0.0068711444
       -0.0004147501  -0.0013894333  -0.0023104262  -0.0000733163   0.0070287064
        0.0000001562  -0.0004479521  -0.0013893695   0.0023102187  -0.0000734237
       -0.0323686741   0.0068716648  -0.0004148313   0.0016644781  -0.0000613915
        0.0000210410  -0.0012648516  -0.0001320430  -0.0000673096  -0.0012648534
        0.0001320720  -0.0000672819   0.0016645595   0.0000613243   0.0000210333
       -0.0052344873  -0.0000000368   0.0016715206   0.0005297447   0.0003043493
       -0.0005025393   0.0005297538  -0.0003043469  -0.0005025338   0.1969546523
       -0.0000012491   0.0022848189
        0.0000011205  -0.0252708850   0.0000000889  -0.0232415152   0.0000576127
       -0.0002753861  -0.0002540697  -0.0034262832   0.0000154578  -0.0000000196
        0.0007905765   0.0000000009   0.0002539266  -0.0034261459  -0.0000153128
        0.0232418539   0.0000571535   0.0002754045  -0.0006618627   0.0008713482
       -0.0000106019  -0.0010246595  -0.0001101083  -0.0000257605   0.0010247117
       -0.0001101602   0.0000257575   0.0006617348   0.0008714255   0.0000105554
        0.0000000386   0.0000530497  -0.0000000254   0.0000634301   0.0000110277
        0.0000151177  -0.0000634405   0.0000110639  -0.0000151074  -0.0000012491
        0.0296203250  -0.0000001886
       -0.0014185878   0.0000001897  -0.0164756620  -0.0003953153  -0.0000891211
        0.0007233566  -0.0000824686  -0.0000374471   0.0045864857   0.0000894025
        0.0000000266   0.0001821827  -0.0000825123   0.0000375623   0.0045868301
       -0.0003955803   0.0000890353   0.0007230408   0.0000320605   0.0000120027
       -0.0018449869  -0.0000254802  -0.0000047028   0.0003308290  -0.0000255022
        0.0000047147   0.0003308056   0.0000320171  -0.0000120597  -0.0018449633
        0.0001053024  -0.0000000054  -0.0005548121  -0.0000590752  -0.0000802385
       -0.0002528404  -0.0000590795   0.0000802319  -0.0002527802   0.0022848189
       -0.0000001886   0.0097625144
