           1           2   1.39593885699178     
           2           3   1.46703039557123     
           3           4   1.32560113886427     
           4           5   1.32561665914450     
           1           6   1.39595774206538     
           5           6   1.46701032989062     
           2           7  0.967949289587023     
           3           8  0.966295346171211     
           5           9  0.966295868324196     
           6          10  0.967949482782005     
           4          11   1.21020650246346     
          11          12  0.937259028362866     
          11          13  0.937259342689485     
           1          14  0.916870581704397     
