$hessian                                                                        
        0.6124123248   0.0081350779   0.0595973341  -0.2159268962  -0.1476189858
       -0.0139474703  -0.0599744459   0.0070235062  -0.0083754376  -0.0024754565
       -0.0210665940   0.0019313709   0.0047055417   0.0318551130  -0.0014651136
       -0.0964009747   0.0770726315  -0.0124375108  -0.0007163330   0.0004004219
       -0.0003227036   0.0001592254   0.0003857479   0.0000320827   0.0035466564
        0.0014707191  -0.0001094516  -0.0051756664   0.0020179401  -0.0019037999
        0.0010306865  -0.0008438392   0.0000252659  -0.0002176888  -0.0001336602
        0.0000872519   0.0002644797   0.0000122188   0.0000389395  -0.0003118459
       -0.0002102490  -0.0000914021   0.0014188659  -0.0227199410   0.0013581263
       -0.0047846674   0.0023394525  -0.0019758593  -0.1892011115   0.0432489081
       -0.0285499697  -0.0233999153   0.0026637775  -0.0037872192  -0.0038896607
        0.0054227336  -0.0010235026  -0.0212485645   0.0103988471   0.0098866315
        0.0002879358  -0.0002869534  -0.0004313670  -0.0010390138   0.0008456924
        0.0021114718   0.0009365241  -0.0004125650  -0.0006476674
        0.0081350779   0.6597310413  -0.0328176361  -0.0727016525  -0.1829072654
       -0.0006582015  -0.0471492441   0.0573612679  -0.0111358646  -0.0181967960
       -0.0599339196   0.0012358107   0.0891832676  -0.0149682874   0.0137776502
        0.0011094366  -0.3185512435   0.0196794394  -0.0036371428   0.0024865624
       -0.0006386015   0.0002960058   0.0007121464   0.0000266431  -0.0207425379
       -0.0237526351  -0.0010767893   0.0002981784  -0.0043740245   0.0009120295
       -0.0001763401  -0.0001518302   0.0000475432  -0.0002327466  -0.0004534603
       -0.0001091896  -0.0000241043   0.0001280264  -0.0000170938  -0.0002034517
       -0.0004270260   0.0000719745  -0.0000407841  -0.0220921257   0.0017357700
        0.0016327576   0.0007686982   0.0006755628   0.0451385961  -0.0829589402
        0.0112778257  -0.0191737998   0.0056338882  -0.0039886632   0.0240338436
       -0.0128592580   0.0056625697   0.0117615758  -0.0035903667  -0.0038173609
       -0.0008548803   0.0004179531   0.0005709569   0.0010330875   0.0000628634
       -0.0014445223   0.0005116535  -0.0002820646   0.0000301470
        0.0595973341  -0.0328176361   0.1563992255  -0.0185643439  -0.0113248536
       -0.0475645173  -0.0052074862  -0.0026915687  -0.0035842077   0.0021471790
        0.0007209430  -0.0040218059  -0.0063770187   0.0053764298  -0.0006458525
       -0.0066087059   0.0301059044  -0.0506510790  -0.0005404091   0.0001124041
       -0.0000959662   0.0000797429   0.0000356733  -0.0000228428   0.0019145884
        0.0020603861   0.0005359836  -0.0016644882   0.0010497781   0.0066732959
        0.0000483594  -0.0000193354   0.0009214335  -0.0004001700  -0.0002143291
       -0.0001862656   0.0000382452  -0.0000174490  -0.0000054307   0.0003815022
        0.0001981658  -0.0001556080   0.0000956889  -0.0017265869   0.0003054237
       -0.0017724407   0.0007426551   0.0070000983  -0.0209595785   0.0079912212
       -0.0609036885  -0.0122743669   0.0031258829  -0.0012799645  -0.0166551738
        0.0078603361  -0.0025718822   0.0220105921  -0.0082582889   0.0029565539
        0.0006430130  -0.0002701417   0.0006006906   0.0035740624  -0.0019982750
       -0.0044004753   0.0004938746  -0.0000413155   0.0006968811
       -0.2159268962  -0.0727016525  -0.0185643439   0.6517433676  -0.0069401360
        0.0786661261  -0.2915913096   0.0385984761  -0.0382508324   0.0002491429
        0.0828613943  -0.0055619601  -0.0566129921  -0.0090035702  -0.0070892054
        0.0382592247  -0.0649743863   0.0101909514   0.0046639176  -0.0022402080
       -0.0000767965  -0.0008351450  -0.0015994191  -0.0000517595  -0.0521950773
        0.0484656460  -0.0068832675  -0.0415611002   0.0016869457  -0.0065607918
       -0.0005639144   0.0014262963   0.0000898411   0.0002317769  -0.0000564951
       -0.0003783395   0.0000236698   0.0009071289  -0.0001071492   0.0002200033
       -0.0000543538   0.0004096503   0.0006996238   0.0009930966  -0.0008564201
       -0.0004896946  -0.0004332775   0.0000418426  -0.0311278176  -0.0146576401
       -0.0034201026  -0.0052354821   0.0009119963  -0.0010501666   0.0003795731
       -0.0017919048   0.0007368075  -0.0002347441  -0.0012186100  -0.0016394757
       -0.0002099553  -0.0000758179   0.0002941940  -0.0000416559  -0.0000457907
        0.0003931014   0.0001554848  -0.0000577181  -0.0003319034
       -0.1476189858  -0.1829072654  -0.0113248536  -0.0069401360   0.6584697519
       -0.0399889856   0.1175916115  -0.1261295542   0.0225531607   0.0300397918
       -0.0077760211   0.0046055715  -0.0141146908   0.0003409987  -0.0022162287
       -0.0104605171  -0.0533247272   0.0023080053   0.0018014658  -0.0066047827
        0.0011757134  -0.0001016685   0.0000252803  -0.0000693633   0.0481281418
       -0.2905158297   0.0255657992  -0.0258362230   0.0055912231  -0.0038630715
       -0.0012897905   0.0020954089  -0.0003840689  -0.0000275378   0.0003181208
        0.0003596351  -0.0000056064  -0.0003410844   0.0000357514   0.0000886891
        0.0003174276  -0.0003593048   0.0007182009  -0.0057018750   0.0010981048
       -0.0002961334   0.0008389863  -0.0000828635   0.0026237340   0.0055056337
        0.0007581870   0.0022327494  -0.0002052244   0.0004314645   0.0017850673
        0.0007150794   0.0001299826   0.0011574473  -0.0007088957  -0.0003276927
       -0.0001542670  -0.0001285183   0.0000186368   0.0004491570  -0.0001637267
       -0.0002049210   0.0002295003   0.0002895942  -0.0002186587
       -0.0139474703  -0.0006582015  -0.0475645173   0.0786661261  -0.0399889856
        0.1196720944  -0.0436136184   0.0111449032  -0.0495664722  -0.0015334666
        0.0123972527  -0.0039963122  -0.0070575721  -0.0014634557  -0.0031613005
        0.0063429629  -0.0055732914   0.0028719714  -0.0004346944   0.0006068626
        0.0064509133  -0.0000706178  -0.0002554788  -0.0002936888  -0.0067867303
        0.0254781839  -0.0333471720  -0.0044617325   0.0000231287   0.0024276204
        0.0001727634   0.0000222154  -0.0013539055   0.0003653084  -0.0002457076
        0.0000947126  -0.0000459123   0.0001749779   0.0002940621  -0.0002996966
        0.0002172548   0.0001596448  -0.0009936471   0.0010783906   0.0068671170
       -0.0000276083  -0.0001361298  -0.0001408340  -0.0048553971  -0.0017480356
       -0.0005203165  -0.0018300808   0.0000856089   0.0003083443  -0.0000442517
       -0.0006856759   0.0004730597   0.0003091632  -0.0007783604  -0.0001893197
       -0.0000698881   0.0000291207   0.0001750418   0.0001793370   0.0000089871
        0.0001303586   0.0000367233   0.0002664361   0.0002088984
       -0.0599744459  -0.0471492441  -0.0052074862  -0.2915913096   0.1175916115
       -0.0436136184   0.6478603307  -0.0431387573   0.0788821670  -0.0645317810
       -0.0076171607  -0.0012737451   0.0322111515  -0.0145456200   0.0060037333
       -0.0182914337   0.0301844618  -0.0044633398  -0.0430498054   0.0477568702
       -0.0097685710  -0.0003549702   0.0031308740  -0.0004090833  -0.0050418712
        0.0053889505  -0.0009583105  -0.2011570753  -0.0769283598  -0.0186721460
        0.0049732479  -0.0145617321   0.0021966838   0.0010268607   0.0012661277
       -0.0012975858   0.0001624656   0.0002004275  -0.0000845912   0.0009486692
        0.0017196161   0.0012383028   0.0005651456   0.0012955593  -0.0001563755
       -0.0028326629  -0.0030411976  -0.0013462878  -0.0011251739  -0.0025916145
       -0.0021056041  -0.0005743278   0.0006305856   0.0002995993   0.0002740681
       -0.0001806681   0.0001964194   0.0002322323   0.0002106267   0.0005925435
       -0.0000700200   0.0001813975  -0.0002073605   0.0005252981  -0.0000200636
       -0.0000833268  -0.0001845926   0.0002173094   0.0002379828
        0.0070235062   0.0573612679  -0.0026915687   0.0385984761  -0.1261295542
        0.0111449032  -0.0431387573   0.6043553145  -0.0395490302   0.0802841102
       -0.2664458959   0.0258749972  -0.0669771423  -0.0460216576  -0.0064151139
        0.0347278707  -0.0383962101   0.0075643973   0.0112696453  -0.0211401942
        0.0034515917  -0.0022165042   0.0003998047  -0.0002768089   0.0289277007
       -0.0139110412   0.0050916013  -0.0515892399  -0.1139367908  -0.0019985281
       -0.0314215382  -0.0296013901  -0.0026456991  -0.0000640110   0.0016640322
       -0.0012335829   0.0000772187  -0.0068402177   0.0004815287  -0.0005052865
        0.0016675460   0.0010201119   0.0008878448   0.0002927709   0.0002011573
       -0.0021663435  -0.0007902458   0.0003414319  -0.0036410700  -0.0015380817
       -0.0006922346  -0.0005037525   0.0002602852  -0.0001795673   0.0000900969
       -0.0005933567   0.0003033322   0.0002384457  -0.0005091591   0.0001031316
       -0.0001376767   0.0001701859   0.0001462590   0.0003186342  -0.0002090875
       -0.0000828123  -0.0000822276  -0.0001083247   0.0000405029
       -0.0083754376  -0.0111358646  -0.0035842077  -0.0382508324   0.0225531607
       -0.0495664722   0.0788821670  -0.0395490302   0.1308576223  -0.0075868637
        0.0136651374  -0.0526147230   0.0097071917   0.0010406491  -0.0013234733
       -0.0045583969   0.0068354875  -0.0047616885  -0.0072566915   0.0083338056
        0.0025618649   0.0000128184   0.0004566092   0.0006358346  -0.0027470273
        0.0017501787  -0.0002062447  -0.0204154956  -0.0055195014  -0.0353214631
        0.0032417239  -0.0003657553  -0.0031731808   0.0009888748   0.0011593244
        0.0005068380  -0.0000582854   0.0005034299   0.0005284356  -0.0008539968
       -0.0008669781   0.0006066998  -0.0000738176   0.0002146155   0.0005274885
       -0.0013737043   0.0002127282   0.0078200368  -0.0006553533   0.0005365218
        0.0059238626   0.0005988532  -0.0001004112   0.0002507486   0.0003068008
       -0.0003378021   0.0001133344  -0.0012862974   0.0004730027   0.0000991991
       -0.0000092845   0.0000167196  -0.0001034100  -0.0001730104   0.0001633824
        0.0002992916  -0.0000639352  -0.0000394098  -0.0000763936
       -0.0024754565  -0.0181967960   0.0021471790   0.0002491429   0.0300397918
       -0.0015334666  -0.0645317810   0.0802841102  -0.0075868637   0.6422705615
        0.0449105293   0.0692688232  -0.2214173053  -0.1575790960  -0.0135536429
       -0.0592924681   0.0038985631  -0.0083764576  -0.2358797975   0.0556597477
       -0.0315982032  -0.0345639213   0.0015213040  -0.0047236726  -0.0038691745
        0.0012940207  -0.0017587108  -0.0185306326  -0.0454932201   0.0002430551
       -0.0055495410   0.0012803919  -0.0010298095   0.0003901411  -0.0000788690
        0.0001572632  -0.0000863353  -0.0016928421   0.0000950335   0.0003815279
       -0.0001188432  -0.0000094390  -0.0033673456   0.0020050122  -0.0016976118
        0.0042426358   0.0029969090   0.0002102050  -0.0005718629  -0.0002249750
       -0.0014870956   0.0007266942   0.0002503460   0.0004969518   0.0006482354
       -0.0005921798   0.0005767016   0.0008346505  -0.0000386384   0.0006006588
       -0.0001297016   0.0001947035  -0.0001188087   0.0007448139  -0.0002946776
       -0.0003245944  -0.0002230800  -0.0000252923   0.0000025052
       -0.0210665940  -0.0599339196   0.0007209430   0.0828613943  -0.0077760211
        0.0123972527  -0.0076171607  -0.2664458959   0.0136651374   0.0449105293
        0.6439543964  -0.0299554543  -0.0783170368  -0.2009645737   0.0000297820
       -0.0500895953   0.0568401487  -0.0115348214   0.0853595705  -0.1084368891
        0.0168674786  -0.0207784471   0.0135930883  -0.0038031474   0.0001973938
        0.0011191136   0.0005628904  -0.0131053450  -0.0428200628   0.0013282098
       -0.0009056999  -0.0025547128   0.0001557652  -0.0005110744  -0.0006992825
        0.0002601101   0.0004762510  -0.0006625944   0.0001019323  -0.0004062597
       -0.0007130494  -0.0003357765   0.0022838616   0.0002113078   0.0007710010
       -0.0230496262  -0.0253895200  -0.0014198903   0.0002184758  -0.0004268603
        0.0009857856  -0.0003417195   0.0000255612  -0.0000854311   0.0000691373
        0.0004341085  -0.0004694830  -0.0001524532   0.0003275382  -0.0003833501
        0.0001592342  -0.0001074418  -0.0001661496  -0.0003119789   0.0002741492
        0.0001376825   0.0001171428   0.0001514114   0.0001695328
        0.0019313709   0.0012358107  -0.0040218059  -0.0055619601   0.0046055715
       -0.0039963122  -0.0012737451   0.0258749972  -0.0526147230   0.0692688232
       -0.0299554543   0.1302538780  -0.0188668875  -0.0111001263  -0.0470769876
       -0.0046931283  -0.0034294668  -0.0025910884  -0.0336162375   0.0128021502
       -0.0390183004  -0.0030169555  -0.0008178580  -0.0016075220  -0.0016490385
        0.0006459922   0.0075298084  -0.0020680197  -0.0031954381   0.0029896090
       -0.0008782566   0.0003986504   0.0010365616  -0.0000134061  -0.0001276559
       -0.0000662286  -0.0000704976  -0.0001828376   0.0001840564   0.0002048264
        0.0001926730  -0.0000501018  -0.0016714782   0.0008009547   0.0071905351
        0.0020140475   0.0022905350   0.0015429409  -0.0003015785   0.0000845416
        0.0001484022   0.0001477304   0.0000936551   0.0000605601   0.0000595638
       -0.0001967745   0.0001016515   0.0000312536   0.0000204980   0.0001342648
       -0.0000280836   0.0000357676  -0.0000420557   0.0000999455  -0.0000460217
       -0.0000483247  -0.0000482884  -0.0000301640  -0.0000388177
        0.0047055417   0.0891832676  -0.0063770187  -0.0566129921  -0.0141146908
       -0.0070575721   0.0322111515  -0.0669771423   0.0097071917  -0.2214173053
       -0.0783170368  -0.0188668875   0.6625606053  -0.0058048077   0.0787056558
       -0.3010510866   0.0372887861  -0.0389691693  -0.0451072578  -0.0226715349
       -0.0051263025  -0.0048418272   0.0010827946  -0.0009891238  -0.0004485282
       -0.0001794074  -0.0001089848   0.0076021805   0.0072301321  -0.0001892235
       -0.0003290304  -0.0002441990  -0.0001394031   0.0001077136   0.0004902594
       -0.0002822642  -0.0001016047   0.0001801764  -0.0000184467   0.0000158257
        0.0004700679   0.0002573484  -0.0247984461   0.0058082658  -0.0037830563
       -0.0525013597   0.0464411437  -0.0060070286   0.0014514386   0.0004078161
       -0.0013663188   0.0000339792  -0.0001536994   0.0000148775  -0.0007033597
        0.0003219503   0.0002564392  -0.0006125454  -0.0002507350   0.0003659999
       -0.0001363817   0.0000065336   0.0001213826  -0.0000491358  -0.0001126480
        0.0000597943   0.0000224247  -0.0000852924  -0.0002078895
        0.0318551130  -0.0149682874   0.0053764298  -0.0090035702   0.0003409987
       -0.0014634557  -0.0145456200  -0.0460216576   0.0010406491  -0.1575790960
       -0.2009645737  -0.0111001263  -0.0058048077   0.6674355694  -0.0404485222
        0.1125779771  -0.1187697571   0.0214288066   0.0063882732   0.0111077326
        0.0003253962   0.0018618806  -0.0003407097   0.0003119357  -0.0001735777
        0.0007893620  -0.0001059982   0.0050836516  -0.0027462394   0.0012098225
       -0.0015279097  -0.0021688842   0.0000029983  -0.0000352980   0.0001897592
       -0.0002196583  -0.0000062671  -0.0004188569   0.0000280442  -0.0000870289
        0.0002430570   0.0001848633  -0.0180647807   0.0051706232  -0.0029637780
        0.0476863179  -0.2936757001   0.0250394458   0.0004812744  -0.0046110958
        0.0012859564  -0.0002951819  -0.0000771211  -0.0000584560   0.0011175242
       -0.0004940163   0.0001689756   0.0000982504  -0.0000850683  -0.0000780749
        0.0000035941  -0.0000360496   0.0000067405  -0.0000912997   0.0000517223
       -0.0000561290   0.0000605811   0.0000491929   0.0000841346
       -0.0014651136   0.0137776502  -0.0006458525  -0.0070892054  -0.0022162287
       -0.0031613005   0.0060037333  -0.0064151139  -0.0013234733  -0.0135536429
        0.0000297820  -0.0470769876   0.0787056558  -0.0404485222   0.1209749934
       -0.0445857978   0.0108131753  -0.0486225107  -0.0070935844  -0.0036969411
        0.0024255501  -0.0009053331   0.0002248875   0.0006733431  -0.0000296113
       -0.0001027543  -0.0002131427  -0.0000766379   0.0014972671   0.0048263032
       -0.0000744064   0.0001612764   0.0009938389  -0.0000357588  -0.0001400722
       -0.0000249859  -0.0000107958   0.0000572421  -0.0000216996   0.0000665091
        0.0002575453   0.0000032985  -0.0021543032   0.0004302642  -0.0005437060
       -0.0061608165   0.0249141669  -0.0351204269  -0.0008497243   0.0004050251
        0.0062739575   0.0003038885   0.0001056622   0.0000436250   0.0007307147
       -0.0004729508   0.0002675563  -0.0013934624   0.0006679279   0.0000151727
       -0.0000797970   0.0000469719  -0.0000689811  -0.0002360102   0.0000923763
        0.0003733615  -0.0000165007   0.0000113630  -0.0000479335
       -0.0964009747   0.0011094366  -0.0066087059   0.0382592247  -0.0104605171
        0.0063429629  -0.0182914337   0.0347278707  -0.0045583969  -0.0592924681
       -0.0500895953  -0.0046931283  -0.3010510866   0.1125779771  -0.0445857978
        0.6569711072   0.0118805334   0.0765595958  -0.0024141435  -0.0019785973
       -0.0010268391  -0.0011351938   0.0005621740  -0.0002902849  -0.0029173455
       -0.0037209824  -0.0010850583  -0.0054400954  -0.0039400552  -0.0004535298
        0.0001978132   0.0004273030  -0.0000409899   0.0000215298  -0.0003150619
        0.0001517276   0.0000470757   0.0000922407   0.0000040857   0.0000395358
       -0.0003454887  -0.0000979289  -0.1885319112  -0.1274925008  -0.0133109487
       -0.0055195831   0.0035990819  -0.0011188707  -0.0099606317   0.0273197637
       -0.0039773821   0.0006339999   0.0021970216   0.0003269926  -0.0040913974
        0.0025805607  -0.0011013875  -0.0008799040   0.0009901212  -0.0011217088
        0.0001707201   0.0000001722  -0.0001333899  -0.0003241444   0.0002305335
        0.0006040768  -0.0000906934   0.0000480084   0.0002149060
        0.0770726315  -0.3185512435   0.0301059044  -0.0649743863  -0.0533247272
       -0.0055732914   0.0301844618  -0.0383962101   0.0068354875   0.0038985631
        0.0568401487  -0.0034294668   0.0372887861  -0.1187697571   0.0108131753
        0.0118805334   0.6579870178  -0.0377436597  -0.0006216127  -0.0052921832
        0.0006534608  -0.0014310474  -0.0003694234  -0.0000939735  -0.0032706125
       -0.0019920256   0.0000146620   0.0030512630   0.0029446116   0.0001652459
       -0.0004573928  -0.0002480953  -0.0000352541   0.0001458026   0.0003344911
       -0.0002723243  -0.0000966562   0.0000922218  -0.0000191999   0.0000814776
        0.0003754556   0.0002670389  -0.1270194874  -0.1550341283  -0.0092690924
        0.0267420882  -0.0119883847   0.0046458405   0.0097830171  -0.0150188346
        0.0018280461  -0.0018377103   0.0008871143  -0.0005155465   0.0009661861
       -0.0004117205   0.0002689584  -0.0011837562  -0.0001232343   0.0014163464
        0.0000244735   0.0003071585   0.0002628940  -0.0002935889   0.0000610334
       -0.0001789874   0.0000669667  -0.0003092852  -0.0001462642
       -0.0124375108   0.0196794394  -0.0506510790   0.0101909514   0.0023080053
        0.0028719714  -0.0044633398   0.0075643973  -0.0047616885  -0.0083764576
       -0.0115348214  -0.0025910884  -0.0389691693   0.0214288066  -0.0486225107
        0.0765595958  -0.0377436597   0.1243771525  -0.0011579994   0.0005334369
        0.0057148311  -0.0002094551   0.0001875804   0.0011097113  -0.0012034113
        0.0001161897   0.0067272208  -0.0009752259  -0.0007832085  -0.0001849549
        0.0000481407   0.0000840857   0.0001137831  -0.0000475649  -0.0001064078
        0.0000300320   0.0000160913   0.0000047440  -0.0000168554   0.0000433841
       -0.0000382016  -0.0000482142  -0.0132674392  -0.0092546704  -0.0337045020
       -0.0026489286   0.0013466374  -0.0005413588  -0.0028731914   0.0044894521
        0.0001068570   0.0004985326   0.0004315532   0.0001869807  -0.0014709945
        0.0011364626  -0.0001113228   0.0007384561   0.0002656366  -0.0004299456
       -0.0000848637  -0.0000850996   0.0001709564   0.0001429762  -0.0000474920
        0.0001352009  -0.0000525766   0.0000171337   0.0001188231
       -0.0007163330  -0.0036371428  -0.0005404091   0.0046639176   0.0018014658
       -0.0004346944  -0.0430498054   0.0112696453  -0.0072566915  -0.2358797975
        0.0853595705  -0.0336162375  -0.0451072578   0.0063882732  -0.0070935844
       -0.0024141435  -0.0006216127  -0.0011579994   0.4748032728   0.0878221995
        0.0556304393  -0.1645801189  -0.1916810001  -0.0082153790  -0.0014770237
        0.0008562409  -0.0001959746   0.0155926536   0.0048845172   0.0019048503
        0.0013538451  -0.0038763017   0.0004147419  -0.0005786075   0.0000721658
       -0.0000508153   0.0002037789   0.0000784177   0.0000075672  -0.0005257462
        0.0000316477  -0.0001512266  -0.0020242349   0.0000751473  -0.0003430998
        0.0017950862   0.0003709360   0.0005632632  -0.0002469840   0.0004118559
        0.0019122770  -0.0004709777  -0.0002171482  -0.0003296254  -0.0003592261
        0.0004381639  -0.0004617646  -0.0007743582   0.0001108259  -0.0007914691
        0.0001882111  -0.0002455706  -0.0000474497  -0.0006710245   0.0002860575
        0.0003385529   0.0002748736   0.0000216462  -0.0000852715
        0.0004004219   0.0024865624   0.0001124041  -0.0022402080  -0.0066047827
        0.0006068626   0.0477568702  -0.0211401942   0.0083338056   0.0556597477
       -0.1084368891   0.0128021502  -0.0226715349   0.0111077326  -0.0036969411
       -0.0019785973  -0.0052921832   0.0005334369   0.0878221995   0.4087065530
       -0.0150204154  -0.1668655350  -0.2795424536  -0.0035007553   0.0019794937
       -0.0011591915   0.0003397534  -0.0013722727  -0.0037332063  -0.0000138126
        0.0004750866   0.0022041091  -0.0000541717   0.0002576258  -0.0000811244
       -0.0000046681  -0.0001268959   0.0001765982  -0.0000299593   0.0002238327
       -0.0000610075   0.0000943358  -0.0009120686   0.0002308872  -0.0001344864
        0.0008189192   0.0013410880  -0.0001698139   0.0001447790  -0.0000104590
       -0.0006762909   0.0002246462   0.0000354995   0.0001051878   0.0000649256
       -0.0001537684   0.0001337194   0.0002968896   0.0000510719   0.0002869611
       -0.0000623266   0.0000397819   0.0000151667   0.0002469900  -0.0001451653
       -0.0001151026  -0.0001429887  -0.0000194583   0.0000526338
       -0.0003227036  -0.0006386015  -0.0000959662  -0.0000767965   0.0011757134
        0.0064509133  -0.0097685710   0.0034515917   0.0025618649  -0.0315982032
        0.0168674786  -0.0390183004  -0.0051263025   0.0003253962   0.0024255501
       -0.0010268391   0.0006534608   0.0057148311   0.0556304393  -0.0150204154
        0.0341031037  -0.0101489414  -0.0068751164  -0.0066666684  -0.0002931542
        0.0001745821  -0.0006147787   0.0023876552   0.0007919878  -0.0011484096
        0.0001010473  -0.0006889084   0.0004425525  -0.0000029305  -0.0000590160
        0.0000939981   0.0000509037  -0.0000065345  -0.0000919954  -0.0002153749
        0.0001054778   0.0000283661  -0.0002517334   0.0000124255   0.0001440180
        0.0005926784  -0.0002681377  -0.0031738690   0.0002262167  -0.0000715387
       -0.0008477320  -0.0001586476  -0.0000548355  -0.0000699100  -0.0001077363
        0.0001923024  -0.0001082586   0.0001162343  -0.0000797347  -0.0000816976
        0.0000124482  -0.0000464581  -0.0000091719  -0.0000622589   0.0000227279
       -0.0000045365   0.0000425700   0.0000361530  -0.0000339037
        0.0001592254   0.0002960058   0.0000797429  -0.0008351450  -0.0001016685
       -0.0000706178  -0.0003549702  -0.0022165042   0.0000128184  -0.0345639213
       -0.0207784471  -0.0030169555  -0.0048418272   0.0018618806  -0.0009053331
       -0.0011351938  -0.0014310474  -0.0002094551  -0.1645801189  -0.1668655350
       -0.0101489414   0.2049489852   0.1873855530   0.0140588452   0.0001653764
       -0.0001831682   0.0000109618   0.0002922170   0.0013373317   0.0001767152
        0.0002077787   0.0004079960   0.0000268053   0.0001263005  -0.0002686320
        0.0000840347   0.0000943285  -0.0002413906   0.0000118422   0.0001011358
       -0.0002484488   0.0000018496  -0.0002769472   0.0002673459  -0.0000449258
        0.0001906598   0.0007211844  -0.0000235507   0.0000653970   0.0000256961
       -0.0001877489   0.0000957574   0.0000463327   0.0000564058   0.0000217310
       -0.0000384690   0.0000466346   0.0001106117  -0.0000131732   0.0000867313
       -0.0000244811   0.0000314659  -0.0000169465   0.0000781380  -0.0000170094
       -0.0000372770  -0.0000450375   0.0000227011   0.0000083649
        0.0003857479   0.0007121464   0.0000356733  -0.0015994191   0.0000252803
       -0.0002554788   0.0031308740   0.0003998047   0.0004566092   0.0015213040
        0.0135930883  -0.0008178580   0.0010827946  -0.0003407097   0.0002248875
        0.0005621740  -0.0003694234   0.0001875804  -0.1916810001  -0.2795424536
       -0.0068751164   0.1873855530   0.2632943947   0.0074338918   0.0001157601
        0.0000364919   0.0000233314  -0.0005044011   0.0019367381  -0.0002801018
       -0.0005671119  -0.0006785521  -0.0000602634  -0.0000596056   0.0001458824
       -0.0001007869  -0.0000108727  -0.0001731319   0.0000275661  -0.0000654120
        0.0001412098   0.0000591943   0.0000413557   0.0000688322  -0.0000036552
        0.0002236254   0.0006776520  -0.0000107414  -0.0000079678  -0.0000010643
       -0.0000759022   0.0000097068   0.0000199016   0.0000207292   0.0000018643
        0.0000331600   0.0000077525  -0.0000001101  -0.0000487195   0.0000204111
        0.0000075794   0.0000222675  -0.0000114811   0.0000054534   0.0000273427
       -0.0000115001   0.0000221078   0.0000198620   0.0000052583
        0.0000320827   0.0000266431  -0.0000228428  -0.0000517595  -0.0000693633
       -0.0002936888  -0.0004090833  -0.0002768089   0.0006358346  -0.0047236726
       -0.0038031474  -0.0016075220  -0.0009891238   0.0003119357   0.0006733431
       -0.0002902849  -0.0000939735   0.0011097113  -0.0082153790  -0.0035007553
       -0.0066666684   0.0140588452   0.0074338918   0.0075594315   0.0000012546
       -0.0000169989   0.0001683981   0.0003603343  -0.0000086782  -0.0010812773
        0.0000933867   0.0000794761  -0.0002875430  -0.0000906332   0.0000233762
       -0.0001194010  -0.0000040541  -0.0000175238   0.0001237780   0.0001560186
       -0.0001166546  -0.0001091460  -0.0000368852   0.0000184059  -0.0000693902
        0.0000169154   0.0000607738   0.0000925513   0.0000726135  -0.0000053943
       -0.0001280538   0.0000015069  -0.0000220366   0.0000177423  -0.0000302106
        0.0000142832   0.0000157990   0.0000357029  -0.0000247163  -0.0000356554
        0.0000144972   0.0000070000   0.0000182983  -0.0000005878  -0.0000069719
       -0.0000090308  -0.0000014841  -0.0000127628   0.0000153321
        0.0035466564  -0.0207425379   0.0019145884  -0.0521950773   0.0481281418
       -0.0067867303  -0.0050418712   0.0289277007  -0.0027470273  -0.0038691745
        0.0001973938  -0.0016490385  -0.0004485282  -0.0001735777  -0.0000296113
       -0.0029173455  -0.0032706125  -0.0012034113  -0.0014770237   0.0019794937
       -0.0002931542   0.0001653764   0.0001157601   0.0000012546   0.0635595149
       -0.0500443928   0.0096509923   0.0021919732  -0.0005312670   0.0006345976
       -0.0013856601  -0.0002135704  -0.0001749156  -0.0014711697  -0.0011127302
        0.0010912320   0.0001219479   0.0000474590   0.0000486600  -0.0008652993
       -0.0010098487  -0.0012306095   0.0000397201  -0.0012335013   0.0001183709
       -0.0000731091   0.0000247410   0.0001982117   0.0006461315  -0.0013347832
        0.0008780456   0.0001595313   0.0002162018  -0.0000223820  -0.0005068453
       -0.0000278552  -0.0006093053  -0.0001904494  -0.0001557918  -0.0000926527
        0.0000991074   0.0001139462  -0.0000984679  -0.0000098934   0.0000534429
        0.0000002056  -0.0000785124   0.0000461875   0.0004011470
        0.0014707191  -0.0237526351   0.0020603861   0.0484656460  -0.2905158297
        0.0254781839   0.0053889505  -0.0139110412   0.0017501787   0.0012940207
        0.0011191136   0.0006459922  -0.0001794074   0.0007893620  -0.0001027543
       -0.0037209824  -0.0019920256   0.0001161897   0.0008562409  -0.0011591915
        0.0001745821  -0.0001831682   0.0000364919  -0.0000169989  -0.0500443928
        0.3297881184  -0.0290583601  -0.0007855097  -0.0008615080  -0.0001970673
       -0.0018878652  -0.0001608821  -0.0002824681  -0.0008488941   0.0000526704
        0.0000863560  -0.0003794419   0.0002460969  -0.0000811055  -0.0008583099
       -0.0000665147  -0.0003329055   0.0000528086  -0.0013237876   0.0000878103
        0.0000068345   0.0000097960  -0.0001048201   0.0014886547   0.0009066178
       -0.0000367444   0.0003993957   0.0001131201  -0.0000400278  -0.0006085046
        0.0003906881  -0.0004141717   0.0001542789   0.0000977618  -0.0000122810
        0.0000726873  -0.0000487956  -0.0000446481   0.0000440322   0.0000318279
        0.0000039096  -0.0001977930   0.0002105463   0.0003207643
       -0.0001094516  -0.0010767893   0.0005359836  -0.0068832675   0.0255657992
       -0.0333471720  -0.0009583105   0.0050916013  -0.0002062447  -0.0017587108
        0.0005628904   0.0075298084  -0.0001089848  -0.0001059982  -0.0002131427
       -0.0010850583   0.0000146620   0.0067272208  -0.0001959746   0.0003397534
       -0.0006147787   0.0000109618   0.0000233314   0.0001683981   0.0096509923
       -0.0290583601   0.0258619229   0.0006135241  -0.0001760458  -0.0018793021
       -0.0000320044  -0.0000251063  -0.0002220034   0.0007831107   0.0005199109
        0.0000813022   0.0000728142  -0.0000252997  -0.0001819903  -0.0009652299
       -0.0008285758  -0.0004313415   0.0000313593  -0.0000845437   0.0001648727
        0.0001910973  -0.0000983955  -0.0014213441   0.0005246036  -0.0007666724
       -0.0020266584  -0.0001910888   0.0000741396  -0.0000777156  -0.0003792041
        0.0002302058  -0.0001677408   0.0005363672  -0.0000445295   0.0001127565
       -0.0000116263  -0.0000249256  -0.0000458832   0.0000071442  -0.0001110237
       -0.0001669572   0.0002569369   0.0000039716  -0.0001799907
       -0.0051756664   0.0002981784  -0.0016644882  -0.0415611002  -0.0258362230
       -0.0044617325  -0.2011570753  -0.0515892399  -0.0204154956  -0.0185306326
       -0.0131053450  -0.0020680197   0.0076021805   0.0050836516  -0.0000766379
       -0.0054400954   0.0030512630  -0.0009752259   0.0155926536  -0.0013722727
        0.0023876552   0.0002922170  -0.0005044011   0.0003603343   0.0021919732
       -0.0007855097   0.0006135241   0.3299719156   0.0505994976   0.0345624820
       -0.0794300375   0.0280722857  -0.0067585903  -0.0010312032   0.0160254852
       -0.0023233625   0.0014494360  -0.0317180638   0.0021462144  -0.0021162283
        0.0236639274  -0.0013137963  -0.0003177466  -0.0002183220   0.0001411373
        0.0000224402  -0.0001052696   0.0000290897  -0.0010484679  -0.0017542165
        0.0006953864  -0.0008932755  -0.0001341938  -0.0002602614   0.0000051799
        0.0002180703  -0.0002161540  -0.0003630032   0.0001786579  -0.0003376358
        0.0001643298  -0.0001535028  -0.0000938782  -0.0003697153   0.0001539755
        0.0001504009   0.0001419216  -0.0000684330  -0.0001209457
        0.0020179401  -0.0043740245   0.0010497781   0.0016869457   0.0055912231
        0.0000231287  -0.0769283598  -0.1139367908  -0.0055195014  -0.0454932201
       -0.0428200628  -0.0031954381   0.0072301321  -0.0027462394   0.0014972671
       -0.0039400552   0.0029446116  -0.0007832085   0.0048845172  -0.0037332063
        0.0007919878   0.0013373317   0.0019367381  -0.0000086782  -0.0005312670
       -0.0008615080  -0.0001760458   0.0505994976   0.4525175249  -0.0186075609
        0.0444945461  -0.2020481057   0.0165530504   0.0086427372  -0.0301420602
        0.0142834077  -0.0045018803  -0.0254823718   0.0010808794   0.0120044405
       -0.0349672761  -0.0070199877  -0.0002108547  -0.0003871226  -0.0000910137
       -0.0012892367  -0.0016672401  -0.0000538500   0.0005638798   0.0000605802
        0.0007170666  -0.0001198146  -0.0001884785  -0.0001299345  -0.0000909625
        0.0001657911  -0.0001881877  -0.0001552276   0.0003096047  -0.0002382931
        0.0000803065  -0.0001182314  -0.0000253840  -0.0002975958   0.0000612406
        0.0000920093   0.0000161997  -0.0001145961  -0.0000514915
       -0.0019037999   0.0009120295   0.0066732959  -0.0065607918  -0.0038630715
        0.0024276204  -0.0186721460  -0.0019985281  -0.0353214631   0.0002430551
        0.0013282098   0.0029896090  -0.0001892235   0.0012098225   0.0048263032
       -0.0004535298   0.0001652459  -0.0001849549   0.0019048503  -0.0000138126
       -0.0011484096   0.0001767152  -0.0002801018  -0.0010812773   0.0006345976
       -0.0001970673  -0.0018793021   0.0345624820  -0.0186075609   0.0665275858
       -0.0077497490   0.0143635118  -0.0476742378  -0.0043391632   0.0322601796
       -0.0010335058   0.0003742889  -0.0027133366   0.0010235375   0.0019362577
       -0.0223468358   0.0051146206   0.0001561214  -0.0000936184  -0.0012722065
        0.0001010288   0.0000906070  -0.0001246096  -0.0002136858  -0.0002747697
        0.0001997430  -0.0000240033   0.0000036107  -0.0000785070   0.0000444833
        0.0000134480  -0.0000281180  -0.0000328066   0.0000174093   0.0000270124
        0.0000055986  -0.0000250044  -0.0000051501  -0.0000040405   0.0000331397
        0.0000347323   0.0000034604   0.0000164932  -0.0000123182
        0.0010306865  -0.0001763401   0.0000483594  -0.0005639144  -0.0012897905
        0.0001727634   0.0049732479  -0.0314215382   0.0032417239  -0.0055495410
       -0.0009056999  -0.0008782566  -0.0003290304  -0.0015279097  -0.0000744064
        0.0001978132  -0.0004573928   0.0000481407   0.0013538451   0.0004750866
        0.0001010473   0.0002077787  -0.0005671119   0.0000933867  -0.0013856601
       -0.0018878652  -0.0000320044  -0.0794300375   0.0444945461  -0.0077497490
        0.5273000443   0.0142645869   0.0049571016  -0.0734639098   0.0151828143
       -0.0735274649  -0.2517916455  -0.0751290994  -0.0241222450  -0.1224007633
        0.0393111872   0.0976316371  -0.0000105581  -0.0001791731   0.0000519655
       -0.0002641731  -0.0003431972   0.0000328294   0.0001554979   0.0001833772
        0.0000154872  -0.0000172048  -0.0000409361  -0.0000288816  -0.0000071664
       -0.0000313922   0.0000188205   0.0001224710   0.0001254235  -0.0000248353
       -0.0000379055  -0.0000420797   0.0000382863  -0.0000382807  -0.0000082267
        0.0000072284  -0.0000515940  -0.0000292693  -0.0000209342
       -0.0008438392  -0.0001518302  -0.0000193354   0.0014262963   0.0020954089
        0.0000222154  -0.0145617321  -0.0296013901  -0.0003657553   0.0012803919
       -0.0025547128   0.0003986504  -0.0002441990  -0.0021688842   0.0001612764
        0.0004273030  -0.0002480953   0.0000840857  -0.0038763017   0.0022041091
       -0.0006889084   0.0004079960  -0.0006785521   0.0000794761  -0.0002135704
       -0.0001608821  -0.0000251063   0.0280722857  -0.2020481057   0.0143635118
        0.0142645869   0.4064067312   0.0068062877   0.0158058246  -0.0470393724
        0.0407834186  -0.0821500736  -0.0670912297  -0.0099009389   0.0402624769
       -0.0589715340  -0.0515622603   0.0001097378   0.0001863059  -0.0000259963
       -0.0004317887  -0.0001039973  -0.0000944483   0.0000371225  -0.0001295802
       -0.0001801627   0.0000307700   0.0000982863   0.0000638193   0.0000462565
        0.0000020701   0.0000615481   0.0000659071  -0.0001647937   0.0000763870
       -0.0000275665   0.0000417499  -0.0000322455   0.0000706356  -0.0000018679
       -0.0000019885   0.0000414805   0.0000801663  -0.0000035307
        0.0000252659   0.0000475432   0.0009214335   0.0000898411  -0.0003840689
       -0.0013539055   0.0021966838  -0.0026456991  -0.0031731808  -0.0010298095
        0.0001557652   0.0010365616  -0.0001394031   0.0000029983   0.0009938389
       -0.0000409899  -0.0000352541   0.0001137831   0.0004147419  -0.0000541717
        0.0004425525   0.0000268053  -0.0000602634  -0.0002875430  -0.0001749156
       -0.0002824681  -0.0002220034  -0.0067585903   0.0165530504  -0.0476742378
        0.0049571016   0.0068062877   0.4873007750  -0.0742084796   0.0396280358
       -0.2260987081  -0.0236608881  -0.0089313419  -0.0462837675   0.0982004169
       -0.0506822877  -0.1651190083   0.0000367434  -0.0000576511  -0.0002655761
        0.0000347720  -0.0000589370  -0.0002574122   0.0000593959   0.0000045326
       -0.0000490567  -0.0000198734  -0.0000311368   0.0000100077  -0.0000445111
        0.0000082534   0.0000419183  -0.0000145138   0.0000093220  -0.0001078624
        0.0000168437   0.0000187085   0.0000134866  -0.0000224706   0.0000005116
       -0.0000038777   0.0000558334  -0.0000117287   0.0000217822
       -0.0002176888  -0.0002327466  -0.0004001700   0.0002317769  -0.0000275378
        0.0003653084   0.0010268607  -0.0000640110   0.0009888748   0.0003901411
       -0.0005110744  -0.0000134061   0.0001077136  -0.0000352980  -0.0000357588
        0.0000215298   0.0001458026  -0.0000475649  -0.0005786075   0.0002576258
       -0.0000029305   0.0001263005  -0.0000596056  -0.0000906332  -0.0014711697
       -0.0008488941   0.0007831107  -0.0010312032   0.0086427372  -0.0043391632
       -0.0734639098   0.0158058246  -0.0742084796   0.0832946878  -0.0242799343
        0.0876207278  -0.0141657308   0.0039880384  -0.0282627690   0.0057518560
       -0.0029353993   0.0175559354   0.0000093079   0.0000727726   0.0000815973
       -0.0000181422   0.0000406328   0.0000080078  -0.0000214733  -0.0000293465
        0.0000139811   0.0000355797   0.0000400010   0.0000007100  -0.0000483489
        0.0000072715  -0.0000226632  -0.0000118395  -0.0000018995   0.0000244707
        0.0000079249   0.0000276102  -0.0000257365   0.0000191654  -0.0000076741
       -0.0000128145   0.0000052694   0.0000051045   0.0000193653
       -0.0001336602  -0.0004534603  -0.0002143291  -0.0000564951   0.0003181208
       -0.0002457076   0.0012661277   0.0016640322   0.0011593244  -0.0000788690
       -0.0006992825  -0.0001276559   0.0004902594   0.0001897592  -0.0001400722
       -0.0003150619   0.0003344911  -0.0001064078   0.0000721658  -0.0000811244
       -0.0000590160  -0.0002686320   0.0001458824   0.0000233762  -0.0011127302
        0.0000526704   0.0005199109   0.0160254852  -0.0301420602   0.0322601796
        0.0151828143  -0.0470393724   0.0396280358  -0.0242799343   0.0690014679
       -0.0563200872  -0.0037034243   0.0032683779  -0.0089495636  -0.0031469889
        0.0033400190  -0.0075371003  -0.0000151198   0.0000148127   0.0000691193
        0.0000180426   0.0000208956   0.0000542167   0.0000570261   0.0000453843
       -0.0000124541   0.0000156341  -0.0000129110   0.0000072488  -0.0000292496
        0.0000209793   0.0000027194   0.0000079067   0.0000164717  -0.0000202405
        0.0000063822  -0.0000112361   0.0000074907   0.0000085153   0.0000022594
       -0.0000046352  -0.0000101942   0.0000038232   0.0000056478
        0.0000872519  -0.0001091896  -0.0001862656  -0.0003783395   0.0003596351
        0.0000947126  -0.0012975858  -0.0012335829   0.0005068380   0.0001572632
        0.0002601101  -0.0000662286  -0.0002822642  -0.0002196583  -0.0000249859
        0.0001517276  -0.0002723243   0.0000300320  -0.0000508153  -0.0000046681
        0.0000939981   0.0000840347  -0.0001007869  -0.0001194010   0.0010912320
        0.0000863560   0.0000813022  -0.0023233625   0.0142834077  -0.0010335058
       -0.0735274649   0.0407834186  -0.2260987081   0.0876207278  -0.0563200872
        0.2598931148  -0.0037658652   0.0000287095  -0.0053491243  -0.0075737639
        0.0025534231  -0.0278564249   0.0000201267  -0.0000296660   0.0000428255
       -0.0000008296   0.0000021927  -0.0000006437  -0.0000480630   0.0000087825
       -0.0000220425  -0.0000123618  -0.0000115499   0.0000080509   0.0000458851
       -0.0000362833   0.0000525446   0.0000252642   0.0000026821   0.0000409090
       -0.0000244183  -0.0000111249  -0.0000069690   0.0000119115  -0.0000152852
       -0.0000088643  -0.0000102907  -0.0000045106  -0.0000711639
        0.0002644797  -0.0000241043   0.0000382452   0.0000236698  -0.0000056064
       -0.0000459123   0.0001624656   0.0000772187  -0.0000582854  -0.0000863353
        0.0004762510  -0.0000704976  -0.0001016047  -0.0000062671  -0.0000107958
        0.0000470757  -0.0000966562   0.0000160913   0.0002037789  -0.0001268959
        0.0000509037   0.0000943285  -0.0000108727  -0.0000040541   0.0001219479
       -0.0003794419   0.0000728142   0.0014494360  -0.0045018803   0.0003742889
       -0.2517916455  -0.0821500736  -0.0236608881  -0.0141657308  -0.0037034243
       -0.0037658652   0.2856730931   0.0961791191   0.0272276199  -0.0219192557
       -0.0056174824  -0.0001727839  -0.0000102459  -0.0000424242   0.0000021359
        0.0000021627  -0.0000181228   0.0000043538  -0.0000032644   0.0000018980
        0.0000110838  -0.0000180210  -0.0000189551   0.0000068657   0.0000408426
       -0.0000109930   0.0000334787  -0.0000188708  -0.0000047759  -0.0000015026
        0.0000084006  -0.0000056865  -0.0000073027  -0.0000152906   0.0000005121
       -0.0000049677   0.0000385839  -0.0000113362  -0.0000350257
        0.0000122188   0.0001280264  -0.0000174490   0.0009071289  -0.0003410844
        0.0001749779   0.0002004275  -0.0068402177   0.0005034299  -0.0016928421
       -0.0006625944  -0.0001828376   0.0001801764  -0.0004188569   0.0000572421
        0.0000922407   0.0000922218   0.0000047440   0.0000784177   0.0001765982
       -0.0000065345  -0.0002413906  -0.0001731319  -0.0000175238   0.0000474590
        0.0002460969  -0.0000252997  -0.0317180638  -0.0254823718  -0.0027133366
       -0.0751290994  -0.0670912297  -0.0089313419   0.0039880384   0.0032683779
        0.0000287095   0.0961791191   0.0928597638   0.0103059632   0.0072542977
        0.0043201032   0.0008223800  -0.0000047291   0.0000194140  -0.0000018308
       -0.0000968241  -0.0001083152  -0.0000077955  -0.0000342290  -0.0000040257
        0.0000271635   0.0000094596  -0.0000021303  -0.0000057791  -0.0000122990
        0.0000054981  -0.0000190963  -0.0000285042   0.0000104960  -0.0000069726
        0.0000162801  -0.0000025473   0.0000003238   0.0000026318   0.0000048295
       -0.0000034945  -0.0000099142  -0.0000049204   0.0000143581
        0.0000389395  -0.0000170938  -0.0000054307  -0.0001071492   0.0000357514
        0.0002940621  -0.0000845912   0.0004815287   0.0005284356   0.0000950335
        0.0001019323   0.0001840564  -0.0000184467   0.0000280442  -0.0000216996
        0.0000040857  -0.0000191999  -0.0000168554   0.0000075672  -0.0000299593
       -0.0000919954   0.0000118422   0.0000275661   0.0001237780   0.0000486600
       -0.0000811055  -0.0001819903   0.0021462144   0.0010808794   0.0010235375
       -0.0241222450  -0.0099009389  -0.0462837675  -0.0282627690  -0.0089495636
       -0.0053491243   0.0272276199   0.0103059632   0.0484336771   0.0230131955
        0.0069452331   0.0013496319  -0.0000030428  -0.0000081411   0.0000001257
        0.0000123598   0.0000011380  -0.0000135214  -0.0000135771   0.0000041461
        0.0000221035   0.0000015695  -0.0000033350   0.0000014441   0.0000236412
       -0.0000036362  -0.0000076249   0.0000052001   0.0000031547   0.0000136404
        0.0000005411  -0.0000009552   0.0000036917  -0.0000029816   0.0000067997
        0.0000041060  -0.0000216668  -0.0000082084  -0.0000102805
       -0.0003118459  -0.0002034517   0.0003815022   0.0002200033   0.0000886891
       -0.0002996966   0.0009486692  -0.0005052865  -0.0008539968   0.0003815279
       -0.0004062597   0.0002048264   0.0000158257  -0.0000870289   0.0000665091
        0.0000395358   0.0000814776   0.0000433841  -0.0005257462   0.0002238327
       -0.0002153749   0.0001011358  -0.0000654120   0.0001560186  -0.0008652993
       -0.0008583099  -0.0009652299  -0.0021162283   0.0120044405   0.0019362577
       -0.1224007633   0.0402624769   0.0982004169   0.0057518560  -0.0031469889
       -0.0075737639  -0.0219192557   0.0072542977   0.0230131955   0.1406726269
       -0.0547275430  -0.1139966451   0.0000398367   0.0000474581  -0.0000894588
       -0.0000169626   0.0000393501  -0.0000128827  -0.0000283040  -0.0000180582
       -0.0000592321   0.0000321445   0.0000374492   0.0000273301   0.0000052836
       -0.0000058463  -0.0000094921  -0.0000302888  -0.0000610302  -0.0000173844
        0.0000081263   0.0000295263   0.0000062226   0.0000361850   0.0000099169
        0.0000131676  -0.0000380625   0.0000063001   0.0000443266
       -0.0002102490  -0.0004270260   0.0001981658  -0.0000543538   0.0003174276
        0.0002172548   0.0017196161   0.0016675460  -0.0008669781  -0.0001188432
       -0.0007130494   0.0001926730   0.0004700679   0.0002430570   0.0002575453
       -0.0003454887   0.0003754556  -0.0000382016   0.0000316477  -0.0000610075
        0.0001054778  -0.0002484488   0.0001412098  -0.0001166546  -0.0010098487
       -0.0000665147  -0.0008285758   0.0236639274  -0.0349672761  -0.0223468358
        0.0393111872  -0.0589715340  -0.0506822877  -0.0029353993   0.0033400190
        0.0025534231  -0.0056174824   0.0043201032   0.0069452331  -0.0547275430
        0.0846815638   0.0645190471   0.0000001925   0.0000107041  -0.0000620784
        0.0000291942   0.0000136372  -0.0000392420   0.0000456962   0.0000398904
        0.0000008835   0.0000314667  -0.0000084463  -0.0000033762  -0.0000080812
        0.0000132306  -0.0000219154   0.0000125504   0.0000208063   0.0000174770
       -0.0000043877  -0.0000175633  -0.0000007677   0.0000198225   0.0000099495
       -0.0000012486  -0.0000552432   0.0000378172   0.0000009815
       -0.0000914021   0.0000719745  -0.0001556080   0.0004096503  -0.0003593048
        0.0001596448   0.0012383028   0.0010201119   0.0006066998  -0.0000094390
       -0.0003357765  -0.0000501018   0.0002573484   0.0001848633   0.0000032985
       -0.0000979289   0.0002670389  -0.0000482142  -0.0001512266   0.0000943358
        0.0000283661   0.0000018496   0.0000591943  -0.0001091460  -0.0012306095
       -0.0003329055  -0.0004313415  -0.0013137963  -0.0070199877   0.0051146206
        0.0976316371  -0.0515622603  -0.1651190083   0.0175559354  -0.0075371003
       -0.0278564249  -0.0001727839   0.0008223800   0.0013496319  -0.1139966451
        0.0645190471   0.1864864514  -0.0000213436   0.0000464466   0.0000028868
        0.0000007396   0.0000023683  -0.0000142400   0.0000156754  -0.0000144772
        0.0000534132   0.0000242312   0.0000254642  -0.0000211122  -0.0000305442
        0.0000205707  -0.0000759520  -0.0000180903   0.0000072739   0.0000055509
        0.0000187410   0.0000121788  -0.0000084415  -0.0000059794   0.0000040870
        0.0000034335  -0.0000143222   0.0000044768   0.0000755929
        0.0014188659  -0.0000407841   0.0000956889   0.0006996238   0.0007182009
       -0.0009936471   0.0005651456   0.0008878448  -0.0000738176  -0.0033673456
        0.0022838616  -0.0016714782  -0.0247984461  -0.0180647807  -0.0021543032
       -0.1885319112  -0.1270194874  -0.0132674392  -0.0020242349  -0.0009120686
       -0.0002517334  -0.0002769472   0.0000413557  -0.0000368852   0.0000397201
        0.0000528086   0.0000313593  -0.0003177466  -0.0002108547   0.0001561214
       -0.0000105581   0.0001097378   0.0000367434   0.0000093079  -0.0000151198
        0.0000201267  -0.0000102459  -0.0000047291  -0.0000030428   0.0000398367
        0.0000001925  -0.0000213436   0.2151050137   0.1408986099   0.0173180408
        0.0006940631  -0.0006106361   0.0005135752   0.0008650713   0.0016088980
        0.0005592756   0.0000918136   0.0002333553  -0.0001958920  -0.0001420119
       -0.0000255177   0.0000036617  -0.0000771237   0.0001698898  -0.0000029528
        0.0001022193  -0.0000344152  -0.0000142110  -0.0000154360   0.0000174193
       -0.0000076302  -0.0000586737  -0.0000837808  -0.0000402165
       -0.0227199410  -0.0220921257  -0.0017265869   0.0009930966  -0.0057018750
        0.0010783906   0.0012955593   0.0002927709   0.0002146155   0.0020050122
        0.0002113078   0.0008009547   0.0058082658   0.0051706232   0.0004302642
       -0.1274925008  -0.1550341283  -0.0092546704   0.0000751473   0.0002308872
        0.0000124255   0.0002673459   0.0000688322   0.0000184059  -0.0012335013
       -0.0013237876  -0.0000845437  -0.0002183220  -0.0003871226  -0.0000936184
       -0.0001791731   0.0001863059  -0.0000576511   0.0000727726   0.0000148127
       -0.0000296660  -0.0000424242   0.0000194140  -0.0000081411   0.0000474581
        0.0000107041   0.0000464466   0.1408986099   0.1763155878   0.0089904519
        0.0008131641   0.0009381097  -0.0001476224  -0.0014191376   0.0008105940
       -0.0006540859   0.0010282408  -0.0002825694   0.0005960463  -0.0001104114
        0.0003911437  -0.0000157173   0.0000561874   0.0000664781   0.0001095349
        0.0000811873  -0.0000654211  -0.0003396727   0.0000395614   0.0000210289
        0.0000089181  -0.0000661975   0.0001384295   0.0001055218
        0.0013581263   0.0017357700   0.0003054237  -0.0008564201   0.0010981048
        0.0068671170  -0.0001563755   0.0002011573   0.0005274885  -0.0016976118
        0.0007710010   0.0071905351  -0.0037830563  -0.0029637780  -0.0005437060
       -0.0133109487  -0.0092690924  -0.0337045020  -0.0003430998  -0.0001344864
        0.0001440180  -0.0000449258  -0.0000036552  -0.0000693902   0.0001183709
        0.0000878103   0.0001648727   0.0001411373  -0.0000910137  -0.0012722065
        0.0000519655  -0.0000259963  -0.0002655761   0.0000815973   0.0000691193
        0.0000428255   0.0000021359  -0.0000018308   0.0000001257  -0.0000894588
       -0.0000620784   0.0000028868   0.0173180408   0.0089904519   0.0254857864
        0.0003949348  -0.0003315086  -0.0025327682   0.0008641509   0.0001552368
       -0.0020203750  -0.0003751585   0.0000409936  -0.0000771143  -0.0002063267
        0.0000977875  -0.0000495053   0.0004150732  -0.0002771702   0.0000635091
        0.0000358830  -0.0000995819  -0.0000812961   0.0000694903  -0.0000162554
       -0.0001376999   0.0000124758   0.0000290144  -0.0000404490
       -0.0047846674   0.0016327576  -0.0017724407  -0.0004896946  -0.0002961334
       -0.0000276083  -0.0028326629  -0.0021663435  -0.0013737043   0.0042426358
       -0.0230496262   0.0020140475  -0.0525013597   0.0476863179  -0.0061608165
       -0.0055195831   0.0267420882  -0.0026489286   0.0017950862   0.0008189192
        0.0005926784   0.0001906598   0.0002236254   0.0000169154  -0.0000731091
        0.0000068345   0.0001910973   0.0000224402  -0.0012892367   0.0001010288
       -0.0002641731  -0.0004317887   0.0000347720  -0.0000181422   0.0000180426
       -0.0000008296   0.0000021627  -0.0000968241   0.0000123598  -0.0000169626
        0.0000291942   0.0000007396   0.0006940631   0.0008131641   0.0003949348
        0.0600389635  -0.0521770308   0.0088730506  -0.0001951318   0.0013484407
       -0.0001340370   0.0001186305  -0.0000072573   0.0000221977  -0.0003188223
        0.0001677727  -0.0000544788  -0.0001043051   0.0000684727  -0.0000275836
        0.0000437537  -0.0000002770  -0.0000504895  -0.0000300168   0.0000038019
        0.0000330353   0.0000002352  -0.0000449140  -0.0000359404
        0.0023394525   0.0007686982   0.0007426551  -0.0004332775   0.0008389863
       -0.0001361298  -0.0030411976  -0.0007902458   0.0002127282   0.0029969090
       -0.0253895200   0.0022905350   0.0464411437  -0.2936757001   0.0249141669
        0.0035990819  -0.0119883847   0.0013466374   0.0003709360   0.0013410880
       -0.0002681377   0.0007211844   0.0006776520   0.0000607738   0.0000247410
        0.0000097960  -0.0000983955  -0.0001052696  -0.0016672401   0.0000906070
       -0.0003431972  -0.0001039973  -0.0000589370   0.0000406328   0.0000208956
        0.0000021927  -0.0000181228  -0.0001083152   0.0000011380   0.0000393501
        0.0000136372   0.0000023683  -0.0006106361   0.0009381097  -0.0003315086
       -0.0521770308   0.3298306274  -0.0288833716  -0.0000480348  -0.0006272771
       -0.0000005254  -0.0000094152   0.0000287468   0.0000103196   0.0001424314
       -0.0001071050   0.0000468601   0.0000775154  -0.0000050758   0.0000604290
       -0.0000150135  -0.0000012008   0.0000037523   0.0000508238  -0.0000158925
       -0.0000249979  -0.0000430070   0.0000117175   0.0000168401
       -0.0019758593   0.0006755628   0.0070000983   0.0000418426  -0.0000828635
       -0.0001408340  -0.0013462878   0.0003414319   0.0078200368   0.0002102050
       -0.0014198903   0.0015429409  -0.0060070286   0.0250394458  -0.0351204269
       -0.0011188707   0.0046458405  -0.0005413588   0.0005632632  -0.0001698139
       -0.0031738690  -0.0000235507  -0.0000107414   0.0000925513   0.0001982117
       -0.0001048201  -0.0014213441   0.0000290897  -0.0000538500  -0.0001246096
        0.0000328294  -0.0000944483  -0.0002574122   0.0000080078   0.0000542167
       -0.0000006437   0.0000043538  -0.0000077955  -0.0000135214  -0.0000128827
       -0.0000392420  -0.0000142400   0.0005135752  -0.0001476224  -0.0025327682
        0.0088730506  -0.0288833716   0.0268109870   0.0000402160   0.0002826820
        0.0000975946   0.0000237931  -0.0000196066  -0.0000059239   0.0000250367
        0.0000061210  -0.0000296982  -0.0000638757  -0.0000032097   0.0000202573
        0.0000167235   0.0000099987  -0.0000077479  -0.0000264895  -0.0000068803
        0.0000106090  -0.0000053532  -0.0000111437  -0.0000106773
       -0.1892011115   0.0451385961  -0.0209595785  -0.0311278176   0.0026237340
       -0.0048553971  -0.0011251739  -0.0036410700  -0.0006553533  -0.0005718629
        0.0002184758  -0.0003015785   0.0014514386   0.0004812744  -0.0008497243
       -0.0099606317   0.0097830171  -0.0028731914  -0.0002469840   0.0001447790
        0.0002262167   0.0000653970  -0.0000079678   0.0000726135   0.0006461315
        0.0014886547   0.0005246036  -0.0010484679   0.0005638798  -0.0002136858
        0.0001554979   0.0000371225   0.0000593959  -0.0000214733   0.0000570261
       -0.0000480630  -0.0000032644  -0.0000342290  -0.0000135771  -0.0000283040
        0.0000456962   0.0000156754   0.0008650713  -0.0014191376   0.0008641509
       -0.0001951318  -0.0000480348   0.0000402160   0.4758789864   0.0310631835
        0.0286190184  -0.1143932489  -0.0942207891  -0.0555993966  -0.0423485679
       -0.0071645337  -0.0003485003  -0.0794391035   0.0098317496   0.0393941118
       -0.0010268757  -0.0004312927   0.0039134645  -0.0144937834   0.0090126273
        0.0256256095   0.0061692796  -0.0035227615  -0.0126370302
        0.0432489081  -0.0829589402   0.0079912212  -0.0146576401   0.0055056337
       -0.0017480356  -0.0025916145  -0.0015380817   0.0005365218  -0.0002249750
       -0.0004268603   0.0000845416   0.0004078161  -0.0046110958   0.0004050251
        0.0273197637  -0.0150188346   0.0044894521   0.0004118559  -0.0000104590
       -0.0000715387   0.0000256961  -0.0000010643  -0.0000053943  -0.0013347832
        0.0009066178  -0.0007666724  -0.0017542165   0.0000605802  -0.0002747697
        0.0001833772  -0.0001295802   0.0000045326  -0.0000293465   0.0000453843
        0.0000087825   0.0000018980  -0.0000040257   0.0000041461  -0.0000180582
        0.0000398904  -0.0000144772   0.0016088980   0.0008105940   0.0001552368
        0.0013484407  -0.0006272771   0.0002826820   0.0310631835   0.5311210839
       -0.0177392581  -0.0940105454  -0.1646074802  -0.0649845036  -0.0064763265
       -0.1903049332   0.1103793058   0.0108086489  -0.0732346684  -0.0277402924
       -0.0089664793   0.0056936207   0.0203531917   0.0058836099  -0.0029965338
       -0.0097839937   0.0077518890  -0.0077135703  -0.0215657037
       -0.0285499697   0.0112778257  -0.0609036885  -0.0034201026   0.0007581870
       -0.0005203165  -0.0021056041  -0.0006922346   0.0059238626  -0.0014870956
        0.0009857856   0.0001484022  -0.0013663188   0.0012859564   0.0062739575
       -0.0039773821   0.0018280461   0.0001068570   0.0019122770  -0.0006762909
       -0.0008477320  -0.0001877489  -0.0000759022  -0.0001280538   0.0008780456
       -0.0000367444  -0.0020266584   0.0006953864   0.0007170666   0.0001997430
        0.0000154872  -0.0001801627  -0.0000490567   0.0000139811  -0.0000124541
       -0.0000220425   0.0000110838   0.0000271635   0.0000221035  -0.0000592321
        0.0000008835   0.0000534132   0.0005592756  -0.0006540859  -0.0020203750
       -0.0001340370  -0.0000005254   0.0000975946   0.0286190184  -0.0177392581
        0.4601763222  -0.0550633912  -0.0656777765  -0.0806078396   0.0000087261
        0.1106758276  -0.1234490635   0.0484683196  -0.0313350291  -0.1648968487
        0.0092020052  -0.0024805560  -0.0218244330   0.0014813613  -0.0007189593
        0.0000928549   0.0044859149  -0.0072767629  -0.0157990023
       -0.0233999153  -0.0191737998  -0.0122743669  -0.0052354821   0.0022327494
       -0.0018300808  -0.0005743278  -0.0005037525   0.0005988532   0.0007266942
       -0.0003417195   0.0001477304   0.0000339792  -0.0002951819   0.0003038885
        0.0006339999  -0.0018377103   0.0004985326  -0.0004709777   0.0002246462
       -0.0001586476   0.0000957574   0.0000097068   0.0000015069   0.0001595313
        0.0003993957  -0.0001910888  -0.0008932755  -0.0001198146  -0.0000240033
       -0.0000172048   0.0000307700  -0.0000198734   0.0000355797   0.0000156341
       -0.0000123618  -0.0000180210   0.0000094596   0.0000015695   0.0000321445
        0.0000314667   0.0000242312   0.0000918136   0.0010282408  -0.0003751585
        0.0001186305  -0.0000094152   0.0000237931  -0.1143932489  -0.0940105454
       -0.0550633912   0.1372177329   0.1069209630   0.0614772638  -0.0008648645
       -0.0035233807  -0.0005508745   0.0059406983   0.0074546806   0.0052360086
        0.0002402038   0.0001778355  -0.0003342044   0.0005753766   0.0003562758
        0.0002058361  -0.0000348240   0.0009234955   0.0023148370
        0.0026637775   0.0056338882   0.0031258829   0.0009119963  -0.0002052244
        0.0000856089   0.0006305856   0.0002602852  -0.0001004112   0.0002503460
        0.0000255612   0.0000936551  -0.0001536994  -0.0000771211   0.0001056622
        0.0021970216   0.0008871143   0.0004315532  -0.0002171482   0.0000354995
       -0.0000548355   0.0000463327   0.0000199016  -0.0000220366   0.0002162018
        0.0001131201   0.0000741396  -0.0001341938  -0.0001884785   0.0000036107
       -0.0000409361   0.0000982863  -0.0000311368   0.0000400010  -0.0000129110
       -0.0000115499  -0.0000189551  -0.0000021303  -0.0000033350   0.0000374492
       -0.0000084463   0.0000254642   0.0002333553  -0.0002825694   0.0000409936
       -0.0000072573   0.0000287468  -0.0000196066  -0.0942207891  -0.1646074802
       -0.0656777765   0.1069209630   0.1891466022   0.0797247852  -0.0164922040
       -0.0241284028  -0.0084697620  -0.0041188798  -0.0073596970  -0.0074904912
        0.0000588243   0.0006879632   0.0005972673   0.0000215366  -0.0001887122
        0.0000716354   0.0011756719   0.0001242048  -0.0024993170
       -0.0037872192  -0.0039886632  -0.0012799645  -0.0010501666   0.0004314645
        0.0003083443   0.0002995993  -0.0001795673   0.0002507486   0.0004969518
       -0.0000854311   0.0000605601   0.0000148775  -0.0000584560   0.0000436250
        0.0003269926  -0.0005155465   0.0001869807  -0.0003296254   0.0001051878
       -0.0000699100   0.0000564058   0.0000207292   0.0000177423  -0.0000223820
       -0.0000400278  -0.0000777156  -0.0002602614  -0.0001299345  -0.0000785070
       -0.0000288816   0.0000638193   0.0000100077   0.0000007100   0.0000072488
        0.0000080509   0.0000068657  -0.0000057791   0.0000014441   0.0000273301
       -0.0000033762  -0.0000211122  -0.0001958920   0.0005960463  -0.0000771143
        0.0000221977   0.0000103196  -0.0000059239  -0.0555993966  -0.0649845036
       -0.0806078396   0.0614772638   0.0797247852   0.0956572889   0.0096787876
        0.0138192105   0.0068852220  -0.0123501802  -0.0220562899  -0.0164933077
       -0.0006846663  -0.0003086328   0.0004821199  -0.0003707206   0.0001054268
        0.0006384420   0.0022714100  -0.0025280298  -0.0058391818
       -0.0038896607   0.0240338436  -0.0166551738   0.0003795731   0.0017850673
       -0.0000442517   0.0002740681   0.0000900969   0.0003068008   0.0006482354
        0.0000691373   0.0000595638  -0.0007033597   0.0011175242   0.0007307147
       -0.0040913974   0.0009661861  -0.0014709945  -0.0003592261   0.0000649256
       -0.0001077363   0.0000217310   0.0000018643  -0.0000302106  -0.0005068453
       -0.0006085046  -0.0003792041   0.0000051799  -0.0000909625   0.0000444833
       -0.0000071664   0.0000462565  -0.0000445111  -0.0000483489  -0.0000292496
        0.0000458851   0.0000408426  -0.0000122990   0.0000236412   0.0000052836
       -0.0000080812  -0.0000305442  -0.0001420119  -0.0001104114  -0.0002063267
       -0.0003188223   0.0001424314   0.0000250367  -0.0423485679  -0.0064763265
        0.0000087261  -0.0008648645  -0.0164922040   0.0096787876   0.0525214586
        0.0038565919  -0.0041466814  -0.0004116820  -0.0086348732   0.0096931765
       -0.0004778920   0.0007309186   0.0028810141   0.0000336039  -0.0005099676
        0.0002614946   0.0002398688   0.0000680360  -0.0006436899
        0.0054227336  -0.0128592580   0.0078603361  -0.0017919048   0.0007150794
       -0.0006856759  -0.0001806681  -0.0005933567  -0.0003378021  -0.0005921798
        0.0004341085  -0.0001967745   0.0003219503  -0.0004940163  -0.0004729508
        0.0025805607  -0.0004117205   0.0011364626   0.0004381639  -0.0001537684
        0.0001923024  -0.0000384690   0.0000331600   0.0000142832  -0.0000278552
        0.0003906881   0.0002302058   0.0002180703   0.0001657911   0.0000134480
       -0.0000313922   0.0000020701   0.0000082534   0.0000072715   0.0000209793
       -0.0000362833  -0.0000109930   0.0000054981  -0.0000036362  -0.0000058463
        0.0000132306   0.0000205707  -0.0000255177   0.0003911437   0.0000977875
        0.0001677727  -0.0001071050   0.0000061210  -0.0071645337  -0.1903049332
        0.1106758276  -0.0035233807  -0.0241284028   0.0138192105   0.0038565919
        0.2196745819  -0.1278914541   0.0000739155   0.0052410931  -0.0028454544
        0.0004674009   0.0009058344  -0.0012309990  -0.0003098347   0.0003593427
       -0.0001061978   0.0001481438   0.0006999598  -0.0002675806
       -0.0010235026   0.0056625697  -0.0025718822   0.0007368075   0.0001299826
        0.0004730597   0.0001964194   0.0003033322   0.0001133344   0.0005767016
       -0.0004694830   0.0001016515   0.0002564392   0.0001689756   0.0002675563
       -0.0011013875   0.0002689584  -0.0001113228  -0.0004617646   0.0001337194
       -0.0001082586   0.0000466346   0.0000077525   0.0000157990  -0.0006093053
       -0.0004141717  -0.0001677408  -0.0002161540  -0.0001881877  -0.0000281180
        0.0000188205   0.0000615481   0.0000419183  -0.0000226632   0.0000027194
        0.0000525446   0.0000334787  -0.0000190963  -0.0000076249  -0.0000094921
       -0.0000219154  -0.0000759520   0.0000036617  -0.0000157173  -0.0000495053
       -0.0000544788   0.0000468601  -0.0000296982  -0.0003485003   0.1103793058
       -0.1234490635  -0.0005508745  -0.0084697620   0.0068852220  -0.0041466814
       -0.1278914541   0.1467048275   0.0043276484   0.0206731258  -0.0230059955
        0.0029319949  -0.0012620465  -0.0062062330  -0.0002493162   0.0002705902
        0.0006570352  -0.0003344861   0.0006423945   0.0004984464
       -0.0212485645   0.0117615758   0.0220105921  -0.0002347441   0.0011574473
        0.0003091632   0.0002322323   0.0002384457  -0.0012862974   0.0008346505
       -0.0001524532   0.0000312536  -0.0006125454   0.0000982504  -0.0013934624
       -0.0008799040  -0.0011837562   0.0007384561  -0.0007743582   0.0002968896
        0.0001162343   0.0001106117  -0.0000001101   0.0000357029  -0.0001904494
        0.0001542789   0.0005363672  -0.0003630032  -0.0001552276  -0.0000328066
        0.0001224710   0.0000659071  -0.0000145138  -0.0000118395   0.0000079067
        0.0000252642  -0.0000188708  -0.0000285042   0.0000052001  -0.0000302888
        0.0000125504  -0.0000180903  -0.0000771237   0.0000561874   0.0004150732
       -0.0001043051   0.0000775154  -0.0000638757  -0.0794391035   0.0108086489
        0.0484683196   0.0059406983  -0.0041188798  -0.0123501802  -0.0004116820
        0.0000739155   0.0043276484   0.5105103796   0.0073638783   0.0279880194
       -0.0446071426  -0.0056692122   0.0023954098  -0.2512104459   0.0747017577
       -0.0356451613  -0.1175366728  -0.0955670117  -0.0565983165
        0.0103988471  -0.0035903667  -0.0082582889  -0.0012186100  -0.0007088957
       -0.0007783604   0.0002106267  -0.0005091591   0.0004730027  -0.0000386384
        0.0003275382   0.0000204980  -0.0002507350  -0.0000850683   0.0006679279
        0.0009901212  -0.0001232343   0.0002656366   0.0001108259   0.0000510719
       -0.0000797347  -0.0000131732  -0.0000487195  -0.0000247163  -0.0001557918
        0.0000977618  -0.0000445295   0.0001786579   0.0003096047   0.0000174093
        0.0001254235  -0.0001647937   0.0000093220  -0.0000018995   0.0000164717
        0.0000026821  -0.0000047759   0.0000104960   0.0000031547  -0.0000610302
        0.0000208063   0.0000072739   0.0001698898   0.0000664781  -0.0002771702
        0.0000684727  -0.0000050758  -0.0000032097   0.0098317496  -0.0732346684
       -0.0313350291   0.0074546806  -0.0073596970  -0.0220562899  -0.0086348732
        0.0052410931   0.0206731258   0.0073638783   0.5156334331  -0.0174630777
       -0.0053546126  -0.1957775108   0.1158092787   0.0746262004  -0.0716009836
        0.0133417480  -0.0957952339  -0.1685665821  -0.0709706530
        0.0098866315  -0.0038173609   0.0029565539  -0.0016394757  -0.0003276927
       -0.0001893197   0.0005925435   0.0001031316   0.0000991991   0.0006006588
       -0.0003833501   0.0001342648   0.0003659999  -0.0000780749   0.0000151727
       -0.0011217088   0.0014163464  -0.0004299456  -0.0007914691   0.0002869611
       -0.0000816976   0.0000867313   0.0000204111  -0.0000356554  -0.0000926527
       -0.0000122810   0.0001127565  -0.0003376358  -0.0002382931   0.0000270124
       -0.0000248353   0.0000763870  -0.0001078624   0.0000244707  -0.0000202405
        0.0000409090  -0.0000015026  -0.0000069726   0.0000136404  -0.0000173844
        0.0000174770   0.0000055509  -0.0000029528   0.0001095349   0.0000635091
       -0.0000275836   0.0000604290   0.0000202573   0.0393941118  -0.0277402924
       -0.1648968487   0.0052360086  -0.0074904912  -0.0164933077   0.0096931765
       -0.0028454544  -0.0230059955   0.0279880194  -0.0174630777   0.4643647719
        0.0024174771   0.1161310604  -0.1309375800  -0.0355747959   0.0133725341
       -0.0470925426  -0.0566538322  -0.0711706913  -0.0845828430
        0.0002879358  -0.0008548803   0.0006430130  -0.0002099553  -0.0001542670
       -0.0000698881  -0.0000700200  -0.0001376767  -0.0000092845  -0.0001297016
        0.0001592342  -0.0000280836  -0.0001363817   0.0000035941  -0.0000797970
        0.0001707201   0.0000244735  -0.0000848637   0.0001882111  -0.0000623266
        0.0000124482  -0.0000244811   0.0000075794   0.0000144972   0.0000991074
        0.0000726873  -0.0000116263   0.0001643298   0.0000803065   0.0000055986
       -0.0000379055  -0.0000275665   0.0000168437   0.0000079249   0.0000063822
       -0.0000244183   0.0000084006   0.0000162801   0.0000005411   0.0000081263
       -0.0000043877   0.0000187410   0.0001022193   0.0000811873   0.0000358830
        0.0000437537  -0.0000150135   0.0000167235  -0.0010268757  -0.0089664793
        0.0092020052   0.0002402038   0.0000588243  -0.0006846663  -0.0004778920
        0.0004674009   0.0029319949  -0.0446071426  -0.0053546126   0.0024174771
        0.0483393273   0.0060464815  -0.0056461613  -0.0018051413   0.0258950672
       -0.0189179929  -0.0011347633  -0.0173422882   0.0102410155
       -0.0002869534   0.0004179531  -0.0002701417  -0.0000758179  -0.0001285183
        0.0000291207   0.0001813975   0.0001701859   0.0000167196   0.0001947035
       -0.0001074418   0.0000357676   0.0000065336  -0.0000360496   0.0000469719
        0.0000001722   0.0003071585  -0.0000850996  -0.0002455706   0.0000397819
       -0.0000464581   0.0000314659   0.0000222675   0.0000070000   0.0001139462
       -0.0000487956  -0.0000249256  -0.0001535028  -0.0001182314  -0.0000250044
       -0.0000420797   0.0000417499   0.0000187085   0.0000276102  -0.0000112361
       -0.0000111249  -0.0000056865  -0.0000025473  -0.0000009552   0.0000295263
       -0.0000175633   0.0000121788  -0.0000344152  -0.0000654211  -0.0000995819
       -0.0000002770  -0.0000012008   0.0000099987  -0.0004312927   0.0056936207
       -0.0024805560   0.0001778355   0.0006879632  -0.0003086328   0.0007309186
        0.0009058344  -0.0012620465  -0.0056692122  -0.1957775108   0.1161310604
        0.0060464815   0.2244703624  -0.1344970400   0.0021252303  -0.0118007879
        0.0085673451  -0.0027210135  -0.0246415736   0.0142366956
       -0.0004313670   0.0005709569   0.0006006906   0.0002941940   0.0000186368
        0.0001750418  -0.0002073605   0.0001462590  -0.0001034100  -0.0001188087
       -0.0001661496  -0.0000420557   0.0001213826   0.0000067405  -0.0000689811
       -0.0001333899   0.0002628940   0.0001709564  -0.0000474497   0.0000151667
       -0.0000091719  -0.0000169465  -0.0000114811   0.0000182983  -0.0000984679
       -0.0000446481  -0.0000458832  -0.0000938782  -0.0000253840  -0.0000051501
        0.0000382863  -0.0000322455   0.0000134866  -0.0000257365   0.0000074907
       -0.0000069690  -0.0000073027   0.0000003238   0.0000036917   0.0000062226
       -0.0000007677  -0.0000084415  -0.0000142110  -0.0003396727  -0.0000812961
       -0.0000504895   0.0000037523  -0.0000077479   0.0039134645   0.0203531917
       -0.0218244330  -0.0003342044   0.0005972673   0.0004821199   0.0028810141
       -0.0012309990  -0.0062062330   0.0023954098   0.1158092787  -0.1309375800
       -0.0056461613  -0.1344970400   0.1545521837  -0.0019449183   0.0074413075
       -0.0041815797  -0.0004792819  -0.0088848783   0.0075124632
       -0.0010390138   0.0010330875   0.0035740624  -0.0000416559   0.0004491570
        0.0001793370   0.0005252981   0.0003186342  -0.0001730104   0.0007448139
       -0.0003119789   0.0000999455  -0.0000491358  -0.0000912997  -0.0002360102
       -0.0003241444  -0.0002935889   0.0001429762  -0.0006710245   0.0002469900
       -0.0000622589   0.0000781380   0.0000054534  -0.0000005878  -0.0000098934
        0.0000440322   0.0000071442  -0.0003697153  -0.0002975958  -0.0000040405
       -0.0000382807   0.0000706356  -0.0000224706   0.0000191654   0.0000085153
        0.0000119115  -0.0000152906   0.0000026318  -0.0000029816   0.0000361850
        0.0000198225  -0.0000059794  -0.0000154360   0.0000395614   0.0000694903
       -0.0000300168   0.0000508238  -0.0000264895  -0.0144937834   0.0058836099
        0.0014813613   0.0005753766   0.0000215366  -0.0003707206   0.0000336039
       -0.0003098347  -0.0002493162  -0.2512104459   0.0746262004  -0.0355747959
       -0.0018051413   0.0021252303  -0.0019449183   0.2902798753  -0.0880840478
        0.0390999878  -0.0221794783   0.0044424238  -0.0059926364
        0.0008456924   0.0000628634  -0.0019982750  -0.0000457907  -0.0001637267
        0.0000089871  -0.0000200636  -0.0002090875   0.0001633824  -0.0002946776
        0.0002741492  -0.0000460217  -0.0001126480   0.0000517223   0.0000923763
        0.0002305335   0.0000610334  -0.0000474920   0.0002860575  -0.0001451653
        0.0000227279  -0.0000170094   0.0000273427  -0.0000069719   0.0000534429
        0.0000318279  -0.0001110237   0.0001539755   0.0000612406   0.0000331397
       -0.0000082267  -0.0000018679   0.0000005116  -0.0000076741   0.0000022594
       -0.0000152852   0.0000005121   0.0000048295   0.0000067997   0.0000099169
        0.0000099495   0.0000040870   0.0000174193   0.0000210289  -0.0000162554
        0.0000038019  -0.0000158925  -0.0000068803   0.0090126273  -0.0029965338
       -0.0007189593   0.0003562758  -0.0001887122   0.0001054268  -0.0005099676
        0.0003593427   0.0002705902   0.0747017577  -0.0716009836   0.0133725341
        0.0258950672  -0.0118007879   0.0074413075  -0.0880840478   0.0794811871
       -0.0138717991  -0.0224669743   0.0066739810  -0.0046829069
        0.0021114718  -0.0014445223  -0.0044004753   0.0003931014  -0.0002049210
        0.0001303586  -0.0000833268  -0.0000828123   0.0002992916  -0.0003245944
        0.0001376825  -0.0000483247   0.0000597943  -0.0000561290   0.0003733615
        0.0006040768  -0.0001789874   0.0001352009   0.0003385529  -0.0001151026
       -0.0000045365  -0.0000372770  -0.0000115001  -0.0000090308   0.0000002056
        0.0000039096  -0.0001669572   0.0001504009   0.0000920093   0.0000347323
        0.0000072284  -0.0000019885  -0.0000038777  -0.0000128145  -0.0000046352
       -0.0000088643  -0.0000049677  -0.0000034945   0.0000041060   0.0000131676
       -0.0000012486   0.0000034335  -0.0000076302   0.0000089181  -0.0001376999
        0.0000330353  -0.0000249979   0.0000106090   0.0256256095  -0.0097839937
        0.0000928549   0.0002058361   0.0000716354   0.0006384420   0.0002614946
       -0.0001061978   0.0006570352  -0.0356451613   0.0133417480  -0.0470925426
       -0.0189179929   0.0085673451  -0.0041815797   0.0390999878  -0.0138717991
        0.0560232121  -0.0138701984   0.0036690818  -0.0023487491
        0.0009365241   0.0005116535   0.0004938746   0.0001554848   0.0002295003
        0.0000367233  -0.0001845926  -0.0000822276  -0.0000639352  -0.0002230800
        0.0001171428  -0.0000482884   0.0000224247   0.0000605811  -0.0000165007
       -0.0000906934   0.0000669667  -0.0000525766   0.0002748736  -0.0001429887
        0.0000425700  -0.0000450375   0.0000221078  -0.0000014841  -0.0000785124
       -0.0001977930   0.0002569369   0.0001419216   0.0000161997   0.0000034604
       -0.0000515940   0.0000414805   0.0000558334   0.0000052694  -0.0000101942
       -0.0000102907   0.0000385839  -0.0000099142  -0.0000216668  -0.0000380625
       -0.0000552432  -0.0000143222  -0.0000586737  -0.0000661975   0.0000124758
        0.0000002352  -0.0000430070  -0.0000053532   0.0061692796   0.0077518890
        0.0044859149  -0.0000348240   0.0011756719   0.0022714100   0.0002398688
        0.0001481438  -0.0003344861  -0.1175366728  -0.0957952339  -0.0566538322
       -0.0011347633  -0.0027210135  -0.0004792819  -0.0221794783  -0.0224669743
       -0.0138701984   0.1336715188   0.1114494499   0.0639130174
       -0.0004125650  -0.0002820646  -0.0000413155  -0.0000577181   0.0002895942
        0.0002664361   0.0002173094  -0.0001083247  -0.0000394098  -0.0000252923
        0.0001514114  -0.0000301640  -0.0000852924   0.0000491929   0.0000113630
        0.0000480084  -0.0003092852   0.0000171337   0.0000216462  -0.0000194583
        0.0000361530   0.0000227011   0.0000198620  -0.0000127628   0.0000461875
        0.0002105463   0.0000039716  -0.0000684330  -0.0001145961   0.0000164932
       -0.0000292693   0.0000801663  -0.0000117287   0.0000051045   0.0000038232
       -0.0000045106  -0.0000113362  -0.0000049204  -0.0000082084   0.0000063001
        0.0000378172   0.0000044768  -0.0000837808   0.0001384295   0.0000290144
       -0.0000449140   0.0000117175  -0.0000111437  -0.0035227615  -0.0077135703
       -0.0072767629   0.0009234955   0.0001242048  -0.0025280298   0.0000680360
        0.0006999598   0.0006423945  -0.0955670117  -0.1685665821  -0.0711706913
       -0.0173422882  -0.0246415736  -0.0088848783   0.0044424238   0.0066739810
        0.0036690818   0.1114494499   0.1932696690   0.0853230877
       -0.0006476674   0.0000301470   0.0006968811  -0.0003319034  -0.0002186587
        0.0002088984   0.0002379828   0.0000405029  -0.0000763936   0.0000025052
        0.0001695328  -0.0000388177  -0.0002078895   0.0000841346  -0.0000479335
        0.0002149060  -0.0001462642   0.0001188231  -0.0000852715   0.0000526338
       -0.0000339037   0.0000083649   0.0000052583   0.0000153321   0.0004011470
        0.0003207643  -0.0001799907  -0.0001209457  -0.0000514915  -0.0000123182
       -0.0000209342  -0.0000035307   0.0000217822   0.0000193653   0.0000056478
       -0.0000711639  -0.0000350257   0.0000143581  -0.0000102805   0.0000443266
        0.0000009815   0.0000755929  -0.0000402165   0.0001055218  -0.0000404490
       -0.0000359404   0.0000168401  -0.0000106773  -0.0126370302  -0.0215657037
       -0.0157990023   0.0023148370  -0.0024993170  -0.0058391818  -0.0006436899
       -0.0002675806   0.0004984464  -0.0565983165  -0.0709706530  -0.0845828430
        0.0102410155   0.0142366956   0.0075124632  -0.0059926364  -0.0046829069
       -0.0023487491   0.0639130174   0.0853230877   0.0999434849
