           1           2   1.38661906045325     
           2           3   1.41200180206920     
           3           4   1.29006840547959     
           4           5   1.40204157891240     
           1           6   1.42558175454711     
           5           6   1.42353575138611     
           4           7   1.06850849034696     
           7           8  0.840678326689242     
           2           9  0.962900538229028     
           3          10   1.02858155473004     
          10          11  0.972965454480439     
          11          12  0.976977887776948     
          11          13  0.977478796840773     
          11          14  0.977051685667645     
           6          15  0.968422767768971     
           5          16  0.967446487472770     
           1          17   1.01226330611076     
          17          18  0.975039841520830     
          17          19  0.972589107709035     
          17          20   1.00140582837926     
          20          21  0.988461507442146     
          20          22  0.985789704299480     
          20          23  0.988021396090177     
