$hessian                                                                        
        0.6584646631  -0.0012430374   0.0000417165  -0.1256764430   0.1149615959
       -0.0000007575  -0.0438585199   0.0209271318   0.0000007410   0.0179379009
        0.0017224589  -0.0000011300  -0.0428674290  -0.0219083603   0.0000014373
       -0.1219592636  -0.1113762868   0.0000020934  -0.0119713160  -0.0003168455
        0.0000006573   0.0014483439  -0.0008130865   0.0000003295   0.0066414431
       -0.0107104525   0.0000007384  -0.0062527169  -0.0000351957   0.0000007743
       -0.0058175786   0.0000009390   0.0000006680   0.0065851263   0.0111588048
        0.0000003442  -0.2709279523  -0.0016836242  -0.0000444648  -0.0617462580
       -0.0006840415  -0.0000031475
       -0.0012430374   0.6125298066  -0.0000058873   0.0678428416  -0.2551877250
        0.0000010187   0.0753260687   0.0227272011  -0.0000012320   0.0006575599
       -0.0621837933   0.0000007704  -0.0759936903   0.0220005618   0.0000009674
       -0.0638585602  -0.2548671186   0.0000040092  -0.0007321866   0.0021365542
       -0.0000003079  -0.0000219293   0.0006890392   0.0000000642   0.0113976478
       -0.0251833347  -0.0000025682  -0.0002478819   0.0016469618  -0.0000000797
        0.0001719182   0.0016046101   0.0000002479  -0.0108769021  -0.0250848744
        0.0000031115  -0.0018982885  -0.0592311084   0.0000000574  -0.0005235597
        0.0184032197  -0.0000001716
        0.0000417165  -0.0000058873   0.1139629493  -0.0000017805   0.0000007812
       -0.0473637411   0.0000015662   0.0000005693   0.0023532879  -0.0000002386
        0.0000005015  -0.0065999294   0.0000030644  -0.0000009371   0.0023990673
        0.0000001034   0.0000043310  -0.0474428242   0.0000000403  -0.0000001076
       -0.0002156610  -0.0000002130   0.0000001692   0.0001487201  -0.0000003162
        0.0000005606   0.0009355354   0.0000004079   0.0000000222   0.0080199253
        0.0000003375   0.0000001020   0.0081910409   0.0000000313   0.0000001649
        0.0009367383  -0.0000487129  -0.0000002411  -0.0504396582   0.0000039937
       -0.0000000289   0.0151145495
       -0.1256764430   0.0678428416  -0.0000017805   0.6686378166   0.0188442674
       -0.0000241367  -0.3491700788   0.0361857993   0.0000237082  -0.0409093872
       -0.0824283193   0.0000037732  -0.0419145033   0.0242138733   0.0000008218
        0.0499805397   0.0243140008  -0.0000018640   0.0051222451  -0.0006413916
       -0.0000003087  -0.0009191314   0.0012745120   0.0000000862  -0.1079143807
       -0.1130457414   0.0000008611  -0.0182195737   0.0026705065   0.0000007545
       -0.0000034984   0.0007617941   0.0000001893  -0.0007681719  -0.0031338547
        0.0000004889  -0.0449233022   0.0258667894  -0.0000013253   0.0066778691
       -0.0027250775  -0.0000012681
        0.1149615959  -0.2551877250   0.0000007812   0.0188442674   0.6471719131
       -0.0000080100  -0.0385914249  -0.0935016847   0.0000002071  -0.0225235388
        0.0285954444   0.0000005382   0.0271984035  -0.0112879907  -0.0000002214
       -0.0228746218  -0.0624500434   0.0000021590  -0.0063179426  -0.0060669378
        0.0000010914   0.0002236445  -0.0006781212  -0.0000000056  -0.1122798945
       -0.2399200230   0.0000049074   0.0261763817  -0.0015330355  -0.0000020910
        0.0004852509   0.0003760038   0.0000002011  -0.0026582753  -0.0043139791
       -0.0000003682   0.0292126616   0.0002567233   0.0000002418  -0.0118565075
       -0.0014605442   0.0000005689
       -0.0000007575   0.0000010187  -0.0473637411  -0.0000241367  -0.0000080100
        0.1154226383   0.0000211224  -0.0000017960  -0.0438374406   0.0000025249
        0.0000033487  -0.0025133175   0.0000006519  -0.0000008700  -0.0036488594
       -0.0000012567  -0.0000004223   0.0031859055  -0.0000001964   0.0000001122
        0.0067014178   0.0000000127  -0.0000000649   0.0004009906   0.0000028121
        0.0000043960  -0.0341773445   0.0000010950  -0.0000000603  -0.0001813793
       -0.0000000087  -0.0000000541  -0.0002324968   0.0000002897   0.0000001205
        0.0065743963  -0.0000023693   0.0000024793  -0.0020362013   0.0000002165
       -0.0000001979   0.0017054323
       -0.0438585199   0.0753260687   0.0000015662  -0.3491700788  -0.0385914249
        0.0000211224   0.6791548113  -0.0165064137  -0.0000399557  -0.1250814017
       -0.0428836673   0.0000049573   0.0504340840  -0.0216607957  -0.0000014324
       -0.0416051202  -0.0277919102   0.0000013187  -0.0507680336  -0.0400566512
        0.0000041815   0.0020111082  -0.0026874613   0.0000000097  -0.0172753715
       -0.0023907735   0.0000022226  -0.1061230897   0.1111441733   0.0000054625
       -0.0011991506   0.0031145377   0.0000003097  -0.0001891454  -0.0005280825
       -0.0000007795   0.0093196744   0.0041930939   0.0000006328  -0.0056497665
       -0.0006806932   0.0000003842
        0.0209271318   0.0227272011   0.0000005693   0.0361857993  -0.0935016847
       -0.0000017960  -0.0165064137   0.6507380952  -0.0000045627  -0.1208834820
       -0.2602170977   0.0000099116   0.0226759112  -0.0574690200  -0.0000007027
       -0.0241568056  -0.0116807826   0.0000009480  -0.0127619861  -0.0034942925
        0.0000015065   0.0022095784   0.0014906918  -0.0000003358  -0.0262325484
       -0.0018823653   0.0000015817   0.1099828823  -0.2398446717  -0.0000064903
        0.0026498454  -0.0041115657  -0.0000000241  -0.0005418920   0.0006439108
       -0.0000003656   0.0086902560  -0.0042986976  -0.0000005566  -0.0022382767
        0.0009002790   0.0000003167
        0.0000007410  -0.0000012320   0.0023532879   0.0000237082   0.0000002071
       -0.0438374406  -0.0000399557  -0.0000045627   0.1093686011   0.0000067133
        0.0000068839  -0.0524828242  -0.0000020546   0.0000019884   0.0009327663
        0.0000013567   0.0000003985  -0.0037799437   0.0000032343   0.0000025165
        0.0073382438   0.0000003391   0.0000000384  -0.0019187545   0.0000007564
        0.0000000752   0.0010768292   0.0000051509  -0.0000066030  -0.0318764288
        0.0000007093   0.0000000111   0.0069436328   0.0000000195  -0.0000000023
       -0.0001995909  -0.0000001904   0.0000006007   0.0076625927  -0.0000005281
       -0.0000003199  -0.0015809712
        0.0179379009   0.0006575599  -0.0000002386  -0.0409093872  -0.0225235388
        0.0000025249  -0.1250814017  -0.1208834820   0.0000067133   0.6307579743
        0.0004085567  -0.0000295166  -0.1259842111   0.1186138837   0.0000043447
       -0.0423097540   0.0221418520   0.0000017003  -0.2839630515  -0.0087515748
        0.0000128603  -0.0266504626   0.0107751879   0.0000010140  -0.0042341919
        0.0002399993   0.0000009443   0.0058600580   0.0134970146  -0.0000005329
        0.0076945566  -0.0138416251  -0.0000004266  -0.0046583277  -0.0002135901
        0.0000010341  -0.0195934329  -0.0001914638   0.0000000387   0.0111337309
        0.0000712204  -0.0000004599
        0.0017224589  -0.0621837933   0.0000005015  -0.0824283193   0.0285954444
        0.0000033487  -0.0428836673  -0.2602170977   0.0000068839   0.0004085567
        0.6519287880  -0.0000035772   0.0474618529  -0.2564571246  -0.0000031893
        0.0792615399   0.0296974253  -0.0000038337  -0.0371614587  -0.0829150729
        0.0000008390   0.0329826281   0.0037723313  -0.0000015759   0.0010718848
        0.0013606933  -0.0000007534  -0.0101988109  -0.0261398178   0.0000013276
        0.0111922368  -0.0271953944  -0.0000009549  -0.0008159762   0.0012299937
        0.0000009356  -0.0013864661  -0.0020848507   0.0000001182   0.0007735405
        0.0006084753  -0.0000000702
       -0.0000011300   0.0000007704  -0.0065999294   0.0000037732   0.0000005382
       -0.0025133175   0.0000049573   0.0000099116  -0.0524828242  -0.0000295166
       -0.0000035772   0.1356892829   0.0000047899  -0.0000063461  -0.0538007255
        0.0000015467  -0.0000013292  -0.0027258846   0.0000121188  -0.0000001863
       -0.0374501057   0.0000028968  -0.0000006591  -0.0022667664   0.0000005681
        0.0000000395   0.0089780938  -0.0000003361  -0.0000005220   0.0013909916
       -0.0000005298   0.0000011171   0.0022145518   0.0000005118   0.0000002294
        0.0091587059   0.0000009307   0.0000000014   0.0006183843  -0.0000005806
        0.0000000124  -0.0002104570
       -0.0428674290  -0.0759936903   0.0000030644  -0.0419145033   0.0271984035
        0.0000006519   0.0504340840   0.0226759112  -0.0000020546  -0.1259842111
        0.0474618529   0.0000047899   0.6953645157   0.0223861807  -0.0000391014
       -0.3566718717   0.0351500156   0.0000188167  -0.0480306408   0.0399692359
        0.0000025495  -0.0041475391   0.0001340983   0.0000005835  -0.0001860480
        0.0005298079  -0.0000006949  -0.0009501991  -0.0031384608   0.0000003124
       -0.1110993887  -0.1151678363   0.0000078149  -0.0177219865   0.0022497828
        0.0000022834   0.0095231708  -0.0040705795   0.0000007523  -0.0057479531
        0.0006152783   0.0000002320
       -0.0219083603   0.0220005618  -0.0000009371   0.0242138733  -0.0112879907
       -0.0000008700  -0.0216607957  -0.0574690200   0.0000019884   0.1186138837
       -0.2564571246  -0.0000063461   0.0223861807   0.6442952069  -0.0000065991
       -0.0387026438  -0.0931730337   0.0000032630   0.0165146153  -0.0003405752
       -0.0000010116  -0.0009814126   0.0005750956  -0.0000000695   0.0004907155
        0.0006329953   0.0000002394  -0.0026502029  -0.0042328576   0.0000002619
       -0.1158478844  -0.2396976876   0.0000110651   0.0257610322  -0.0013139543
       -0.0000013910  -0.0081806628  -0.0045187692   0.0000007752   0.0019516618
        0.0009871533  -0.0000003686
        0.0000014373   0.0000009674   0.0023990673   0.0000008218  -0.0000002214
       -0.0036488594  -0.0000014324  -0.0000007027   0.0009327663   0.0000043447
       -0.0000031893  -0.0538007255  -0.0000391014  -0.0000065991   0.1102126251
        0.0000231312   0.0000013788  -0.0427885000   0.0000025402  -0.0000023903
        0.0043072026   0.0000006381  -0.0000001550   0.0022283380   0.0000000217
       -0.0000000155  -0.0001968439   0.0000007469   0.0000001931   0.0067716417
        0.0000076538   0.0000109633  -0.0332550125  -0.0000000897  -0.0000000453
        0.0009105761  -0.0000003201  -0.0000004304   0.0073907342  -0.0000003920
        0.0000002463  -0.0014630100
       -0.1219592636  -0.0638585602   0.0000001034   0.0499805397  -0.0228746218
       -0.0000012567  -0.0416051202  -0.0241568056   0.0000013567  -0.0423097540
        0.0792615399   0.0000015467  -0.3566718717  -0.0387026438   0.0000231312
        0.6731811123  -0.0217681677  -0.0000205642   0.0075643768   0.0009433623
        0.0000002351  -0.0018757204   0.0000065184  -0.0000001092  -0.0008296429
        0.0031996284   0.0000003128   0.0000198245  -0.0007813438   0.0000002259
       -0.0173664497  -0.0025506663   0.0000009109  -0.1107823416   0.1148795603
       -0.0000037683  -0.0436438086  -0.0264169363  -0.0000008489   0.0062981195
        0.0028191362  -0.0000012755
       -0.1113762868  -0.2548671186   0.0000043310   0.0243140008  -0.0624500434
       -0.0000004223  -0.0277919102  -0.0116807826   0.0000003985   0.0221418520
        0.0296974253  -0.0000013292   0.0351500156  -0.0931730337   0.0000013788
       -0.0217681677   0.6440304301  -0.0000078449   0.0049585319  -0.0064268059
       -0.0000003820   0.0012679029  -0.0005000228  -0.0000004461   0.0027068538
       -0.0042315889   0.0000006352  -0.0004650914   0.0003731224  -0.0000001071
       -0.0254964821  -0.0014932978   0.0000020619   0.1141384869  -0.2374988534
        0.0000028404  -0.0296520133  -0.0005454040  -0.0000006563   0.0118723076
       -0.0012340267  -0.0000004580
        0.0000020934   0.0000040092  -0.0474428242  -0.0000018640   0.0000021590
        0.0031859055   0.0000013187   0.0000009480  -0.0037799437   0.0000017003
       -0.0000038337  -0.0027258846   0.0000188167   0.0000032630  -0.0427885000
       -0.0000205642  -0.0000078449   0.1151487514  -0.0000000878   0.0000001127
        0.0053130833   0.0000000608  -0.0000000267   0.0013985567   0.0000002601
        0.0000002562   0.0066869790  -0.0000000177   0.0000000466  -0.0002578303
        0.0000015066   0.0000000525  -0.0001341060  -0.0000015361   0.0000031299
       -0.0343255441  -0.0000015973  -0.0000025883  -0.0019781197  -0.0000000895
        0.0000003166   0.0016994767
       -0.0119713160  -0.0007321866   0.0000000403   0.0051222451  -0.0063179426
       -0.0000001964  -0.0507680336  -0.0127619861   0.0000032343  -0.2839630515
       -0.0371614587   0.0000121188  -0.0480306408   0.0165146153   0.0000025402
        0.0075643768   0.0049585319  -0.0000000878   0.4572876466  -0.1028167690
       -0.0000283634  -0.0820281459   0.1374091691   0.0000106002  -0.0024584013
       -0.0003963242  -0.0000002185   0.0023779823   0.0015256123  -0.0000003181
        0.0010837816  -0.0006320903   0.0000000413  -0.0013951466   0.0002414087
       -0.0000001517   0.0159760678   0.0001796559   0.0000004298  -0.0087973644
       -0.0000102356   0.0000003310
       -0.0003168455   0.0021365542  -0.0000001076  -0.0006413916  -0.0060669378
        0.0000001122  -0.0400566512  -0.0034942925   0.0000025165  -0.0087515748
       -0.0829150729  -0.0000001863   0.0399692359  -0.0003405752  -0.0000023903
        0.0009433623  -0.0064268059   0.0000001127  -0.1028167690   0.4535576982
        0.0000194705   0.1133932084  -0.3594317843  -0.0000196267  -0.0016078744
       -0.0002732857  -0.0000000134  -0.0009590836   0.0018006714  -0.0000000288
       -0.0006495697   0.0017767792   0.0000001986   0.0014835906  -0.0002230588
        0.0000000106   0.0002598472  -0.0000360777  -0.0000000045  -0.0002494846
       -0.0000638122  -0.0000000635
        0.0000006573  -0.0000003079  -0.0002156610  -0.0000003087   0.0000010914
        0.0067014178   0.0000041815   0.0000015065   0.0073382438   0.0000128603
        0.0000008390  -0.0374501057   0.0000025495  -0.0000010116   0.0043072026
        0.0000002351  -0.0000003820   0.0053130833  -0.0000283634   0.0000194705
        0.0264107072   0.0000090228  -0.0000208485  -0.0059987718   0.0000002405
        0.0000000392  -0.0007134410  -0.0000003981  -0.0000001600  -0.0015699407
       -0.0000003571  -0.0000000897  -0.0028573773   0.0000001435  -0.0000000273
        0.0000203093  -0.0000009960  -0.0000001670  -0.0016277466   0.0000005329
        0.0000000474   0.0003420801
        0.0014483439  -0.0000219293  -0.0000002130  -0.0009191314   0.0002236445
        0.0000000127   0.0020111082   0.0022095784   0.0000003391  -0.0266504626
        0.0329826281   0.0000028968  -0.0041475391  -0.0009814126   0.0000006381
       -0.0018757204   0.0012679029   0.0000000608  -0.0820281459   0.1133932084
        0.0000090228   0.1131062785  -0.1470605255  -0.0000128324   0.0001879991
        0.0000898896  -0.0000000693  -0.0000976354  -0.0014899920   0.0000005487
       -0.0000569690  -0.0004644348   0.0000000601  -0.0003701815  -0.0000957368
       -0.0000000720  -0.0015334402  -0.0000386783  -0.0000001446   0.0009254958
       -0.0000141424  -0.0000002479
       -0.0008130865   0.0006890392   0.0000001692   0.0012745120  -0.0006781212
       -0.0000000649  -0.0026874613   0.0014906918   0.0000000384   0.0107751879
        0.0037723313  -0.0000006591   0.0001340983   0.0005750956  -0.0000001550
        0.0000065184  -0.0005000228  -0.0000000267   0.1374091691  -0.3594317843
       -0.0000208485  -0.1470605255   0.3530091471   0.0000215214  -0.0001363058
        0.0000451987   0.0000000085   0.0003995088   0.0000803511  -0.0000001378
        0.0000250246   0.0007582510  -0.0000000163   0.0002013107   0.0000671064
        0.0000000317   0.0008378174   0.0000805325   0.0000000307  -0.0003657681
        0.0000421836   0.0000001086
        0.0000003295   0.0000000642   0.0001487201   0.0000000862  -0.0000000056
        0.0004009906   0.0000000097  -0.0000003358  -0.0019187545   0.0000010140
       -0.0000015759  -0.0022667664   0.0000005835  -0.0000000695   0.0022283380
       -0.0000001092  -0.0000004461   0.0013985567   0.0000106002  -0.0000196267
       -0.0059987718  -0.0000128324   0.0000215214   0.0067739039  -0.0000000328
       -0.0000000164   0.0001954325   0.0000003407   0.0000001202  -0.0005000286
        0.0000000291   0.0000000742  -0.0000114881   0.0000000466   0.0000000404
       -0.0004106249   0.0000000227   0.0000003257  -0.0001764796  -0.0000000879
       -0.0000000702   0.0001369721
        0.0066414431   0.0113976478  -0.0000003162  -0.1079143807  -0.1122798945
        0.0000028121  -0.0172753715  -0.0262325484   0.0000007564  -0.0042341919
        0.0010718848   0.0000005681  -0.0001860480   0.0004907155   0.0000000217
       -0.0008296429   0.0027068538   0.0000002601  -0.0024584013  -0.0016078744
        0.0000002405   0.0001879991  -0.0001363058  -0.0000000328   0.1241843929
        0.1237656979  -0.0000040200   0.0005990365  -0.0008020989  -0.0000001442
       -0.0000014781   0.0000406287  -0.0000001039   0.0002720675   0.0006976903
        0.0000000240   0.0009213140   0.0011629011  -0.0000000904   0.0000932614
       -0.0002752979   0.0000000244
       -0.0107104525  -0.0251833347   0.0000005606  -0.1130457414  -0.2399200230
        0.0000043960  -0.0023907735  -0.0018823653   0.0000000752   0.0002399993
        0.0013606933   0.0000000395   0.0005298079   0.0006329953  -0.0000000155
        0.0031996284  -0.0042315889   0.0000002562  -0.0003963242  -0.0002732857
        0.0000000392   0.0000898896   0.0000451987  -0.0000000164   0.1237656979
        0.2698071160  -0.0000049592   0.0007606366   0.0010034514  -0.0000000726
        0.0000511144   0.0000993226  -0.0000000345  -0.0006678631  -0.0013665185
       -0.0000000431  -0.0018697549  -0.0003280333  -0.0000001666   0.0004441356
        0.0002363721  -0.0000000587
        0.0000007384  -0.0000025682   0.0009355354   0.0000008611   0.0000049074
       -0.0341773445   0.0000022226   0.0000015817   0.0010768292   0.0000009443
       -0.0000007534   0.0089780938  -0.0000006949   0.0000002394  -0.0001968439
        0.0000003128   0.0000006352   0.0066869790  -0.0000002185  -0.0000000134
       -0.0007134410  -0.0000000693   0.0000000085   0.0001954325  -0.0000040200
       -0.0000049592   0.0237085503  -0.0000000723   0.0000000533  -0.0028653953
       -0.0000001865   0.0000000121  -0.0016028381   0.0000000370   0.0000000923
        0.0001612825  -0.0000001855   0.0000011606  -0.0026655695   0.0000003308
       -0.0000003963   0.0004787295
       -0.0062527169  -0.0002478819   0.0000004079  -0.0182195737   0.0261763817
        0.0000010950  -0.1061230897   0.1099828823   0.0000051509   0.0058600580
       -0.0101988109  -0.0000003361  -0.0009501991  -0.0026502029   0.0000007469
        0.0000198245  -0.0004650914  -0.0000000177   0.0023779823  -0.0009590836
       -0.0000003981  -0.0000976354   0.0003995088   0.0000003407   0.0005990365
        0.0007606366  -0.0000000723   0.1231183186  -0.1232835743  -0.0000068892
        0.0002719247  -0.0006307941  -0.0000001116  -0.0000641360  -0.0000314843
       -0.0000002177   0.0004522006   0.0015541091   0.0000002353  -0.0009919943
       -0.0004065952   0.0000000660
       -0.0000351957   0.0016469618   0.0000000222   0.0026705065  -0.0015330355
       -0.0000000603   0.1111441733  -0.2398446717  -0.0000066030   0.0134970146
       -0.0261398178  -0.0000005220  -0.0031384608  -0.0042328576   0.0000001931
       -0.0007813438   0.0003731224   0.0000000466   0.0015256123   0.0018006714
       -0.0000001600  -0.0014899920   0.0000803511   0.0000001202  -0.0008020989
        0.0010034514   0.0000000533  -0.1232835743   0.2681947555   0.0000070983
        0.0008022316  -0.0013386306  -0.0000000885  -0.0000186662   0.0001004440
       -0.0000000377  -0.0001944859  -0.0001639633  -0.0000000609   0.0001042792
        0.0000532190  -0.0000000014
        0.0000007743  -0.0000000797   0.0080199253   0.0000007545  -0.0000020910
       -0.0001813793   0.0000054625  -0.0000064903  -0.0318764288  -0.0000005329
        0.0000013276   0.0013909916   0.0000003124   0.0000002619   0.0067716417
        0.0000002259  -0.0000001071  -0.0002578303  -0.0000003181  -0.0000000288
       -0.0015699407   0.0000005487  -0.0000001378  -0.0005000286  -0.0000001442
       -0.0000000726  -0.0028653953  -0.0000068892   0.0000070983   0.0227223993
       -0.0000000839   0.0000001021  -0.0004111022  -0.0000001120  -0.0000000156
       -0.0015868417  -0.0000002043   0.0000005159   0.0005675540   0.0000002063
       -0.0000002827  -0.0002235651
       -0.0058175786   0.0001719182   0.0000003375  -0.0000034984   0.0004852509
       -0.0000000087  -0.0011991506   0.0026498454   0.0000007093   0.0076945566
        0.0111922368  -0.0000005298  -0.1110993887  -0.1158478844   0.0000076538
       -0.0173664497  -0.0254964821   0.0000015066   0.0010837816  -0.0006495697
       -0.0000003571  -0.0000569690   0.0000250246   0.0000000291  -0.0000014781
        0.0000511144  -0.0000001865   0.0002719247   0.0008022316  -0.0000000839
        0.1264401105   0.1285195630  -0.0000091875   0.0007049213  -0.0007660489
       -0.0000001176   0.0001056810  -0.0014678688   0.0000002465  -0.0007564626
        0.0003306691  -0.0000000117
        0.0000009390   0.0016046101   0.0000001020   0.0007617941   0.0003760038
       -0.0000000541   0.0031145377  -0.0041115657   0.0000000111  -0.0138416251
       -0.0271953944   0.0000011171  -0.1151678363  -0.2396976876   0.0000109633
       -0.0025506663  -0.0014932978   0.0000000525  -0.0006320903   0.0017767792
       -0.0000000897  -0.0004644348   0.0007582510   0.0000000742   0.0000406287
        0.0000993226   0.0000000121  -0.0006307941  -0.0013386306   0.0000001021
        0.1285195630   0.2684035222  -0.0000122285   0.0007539615   0.0009494395
       -0.0000001386   0.0002050028  -0.0001619087   0.0000000829  -0.0001089800
        0.0000305566  -0.0000000063
        0.0000006680   0.0000002479   0.0081910409   0.0000001893   0.0000002011
       -0.0002324968   0.0000003097  -0.0000000241   0.0069436328  -0.0000004266
       -0.0000009549   0.0022145518   0.0000078149   0.0000110651  -0.0332550125
        0.0000009109   0.0000020619  -0.0001341060   0.0000000413   0.0000001986
       -0.0028573773   0.0000000601  -0.0000000163  -0.0000114881  -0.0000001039
       -0.0000000345  -0.0016028381  -0.0000001116  -0.0000000885  -0.0004111022
       -0.0000091875  -0.0000122285   0.0237517598  -0.0000001712  -0.0000000664
       -0.0029502380  -0.0000001348  -0.0000006491   0.0005578002   0.0000001414
        0.0000002876  -0.0002041266
        0.0065851263  -0.0108769021   0.0000000313  -0.0007681719  -0.0026582753
        0.0000002897  -0.0001891454  -0.0005418920   0.0000000195  -0.0046583277
       -0.0008159762   0.0000005118  -0.0177219865   0.0257610322  -0.0000000897
       -0.1107823416   0.1141384869  -0.0000015361  -0.0013951466   0.0014835906
        0.0000001435  -0.0003701815   0.0002013107   0.0000000466   0.0002720675
       -0.0006678631   0.0000000370  -0.0000641360  -0.0000186662  -0.0000001120
        0.0007049213   0.0007539615  -0.0000001712   0.1273708000  -0.1259042084
        0.0000007845   0.0008996538  -0.0011401331  -0.0000000013   0.0001168682
        0.0002855343   0.0000000465
        0.0111588048  -0.0250848744   0.0000001649  -0.0031338547  -0.0043139791
        0.0000001205  -0.0005280825   0.0006439108  -0.0000000023  -0.0002135901
        0.0012299937   0.0000002294   0.0022497828  -0.0013139543  -0.0000000453
        0.1148795603  -0.2374988534   0.0000031299   0.0002414087  -0.0002230588
       -0.0000000273  -0.0000957368   0.0000671064   0.0000000404   0.0006976903
       -0.0013665185   0.0000000923  -0.0000314843   0.0001004440  -0.0000000156
       -0.0007660489   0.0009494395  -0.0000000664  -0.1259042084   0.2668616516
       -0.0000038297   0.0018887586  -0.0002776456   0.0000001426  -0.0004429999
        0.0002263381   0.0000000664
        0.0000003442   0.0000031115   0.0009367383   0.0000004889  -0.0000003682
        0.0065743963  -0.0000007795  -0.0000003656  -0.0001995909   0.0000010341
        0.0000009356   0.0091587059   0.0000022834  -0.0000013910   0.0009105761
       -0.0000037683   0.0000028404  -0.0343255441  -0.0000001517   0.0000000106
        0.0000203093  -0.0000000720   0.0000000317  -0.0004106249   0.0000000240
       -0.0000000431   0.0001612825  -0.0000002177  -0.0000000377  -0.0015868417
       -0.0000001176  -0.0000001386  -0.0029502380   0.0000007845  -0.0000038297
        0.0238269595  -0.0000001449  -0.0000011518  -0.0025613443   0.0000002926
        0.0000003959   0.0004452159
       -0.2709279523  -0.0018982885  -0.0000487129  -0.0449233022   0.0292126616
       -0.0000023693   0.0093196744   0.0086902560  -0.0000001904  -0.0195934329
       -0.0013864661   0.0000009307   0.0095231708  -0.0081806628  -0.0000003201
       -0.0436438086  -0.0296520133  -0.0000015973   0.0159760678   0.0002598472
       -0.0000009960  -0.0015334402   0.0008378174   0.0000000227   0.0009213140
       -0.0018697549  -0.0000001855   0.0004522006  -0.0001944859  -0.0000002043
        0.0001056810   0.0002050028  -0.0000001348   0.0008996538   0.0018887586
       -0.0000001449   1.5661442185   0.0129338184   0.0000244594  -1.2227200448
       -0.0108464904   0.0000294428
       -0.0016836242  -0.0592311084  -0.0000002411   0.0258667894   0.0002567233
        0.0000024793   0.0041930939  -0.0042986976   0.0000006007  -0.0001914638
       -0.0020848507   0.0000000014  -0.0040705795  -0.0045187692  -0.0000004304
       -0.0264169363  -0.0005454040  -0.0000025883   0.0001796559  -0.0000360777
       -0.0000001670  -0.0000386783   0.0000805325   0.0000003257   0.0011629011
       -0.0003280333   0.0000011606   0.0015541091  -0.0001639633   0.0000005159
       -0.0014678688  -0.0001619087  -0.0000006491  -0.0011401331  -0.0002776456
       -0.0000011518   0.0129338184   0.1068742932  -0.0000002452  -0.0108810838
       -0.0355650906   0.0000003892
       -0.0000444648   0.0000000574  -0.0504396582  -0.0000013253   0.0000002418
       -0.0020362013   0.0000006328  -0.0000005566   0.0076625927   0.0000000387
        0.0000001182   0.0006183843   0.0000007523   0.0000007752   0.0073907342
       -0.0000008489  -0.0000006563  -0.0019781197   0.0000004298  -0.0000000045
       -0.0016277466  -0.0000001446   0.0000000307  -0.0001764796  -0.0000000904
       -0.0000001666  -0.0026655695   0.0000002353  -0.0000000609   0.0005675540
        0.0000002465   0.0000000829   0.0005578002  -0.0000000013   0.0000001426
       -0.0025613443   0.0000244594  -0.0000002452   0.0777740145   0.0000200805
        0.0000002412  -0.0330859608
       -0.0617462580  -0.0005235597   0.0000039937   0.0066778691  -0.0118565075
        0.0000002165  -0.0056497665  -0.0022382767  -0.0000005281   0.0111337309
        0.0007735405  -0.0000005806  -0.0057479531   0.0019516618  -0.0000003920
        0.0062981195   0.0118723076  -0.0000000895  -0.0087973644  -0.0002494846
        0.0000005329   0.0009254958  -0.0003657681  -0.0000000879   0.0000932614
        0.0004441356   0.0000003308  -0.0009919943   0.0001042792   0.0000002063
       -0.0007564626  -0.0001089800   0.0000001414   0.0001168682  -0.0004429999
        0.0000002926  -1.2227200448  -0.0108810838   0.0000200805   1.2811644987
        0.0115207355  -0.0000241164
       -0.0006840415   0.0184032197  -0.0000000289  -0.0027250775  -0.0014605442
       -0.0000001979  -0.0006806932   0.0009002790  -0.0000003199   0.0000712204
        0.0006084753   0.0000000124   0.0006152783   0.0009871533   0.0000002463
        0.0028191362  -0.0012340267   0.0000003166  -0.0000102356  -0.0000638122
        0.0000000474  -0.0000141424   0.0000421836  -0.0000000702  -0.0002752979
        0.0002363721  -0.0000003963  -0.0004065952   0.0000532190  -0.0000002827
        0.0003306691   0.0000305566   0.0000002876   0.0002855343   0.0002263381
        0.0000003959  -0.0108464904  -0.0355650906   0.0000002412   0.0115207355
        0.0168356769  -0.0000002515
       -0.0000031475  -0.0000001716   0.0151145495  -0.0000012681   0.0000005689
        0.0017054323   0.0000003842   0.0000003167  -0.0015809712  -0.0000004599
       -0.0000000702  -0.0002104570   0.0000002320  -0.0000003686  -0.0014630100
       -0.0000012755  -0.0000004580   0.0016994767   0.0000003310  -0.0000000635
        0.0003420801  -0.0000002479   0.0000001086   0.0001369721   0.0000000244
       -0.0000000587   0.0004787295   0.0000000660  -0.0000000014  -0.0002235651
       -0.0000000117  -0.0000000063  -0.0002041266   0.0000000465   0.0000000664
        0.0004452159   0.0000294428   0.0000003892  -0.0330859608  -0.0000241164
       -0.0000002515   0.0168456346
