           1           2   1.34474102242409     
           2           3   1.47705409753266     
           3           4   1.34938391388004     
           4           5   1.33841968492381     
           1           6   1.33503594729665     
           5           6   1.49016488524194     
           4           7   1.11298928455623     
           7           8  0.829641188449836     
           2           9  0.969234687470806     
           3          10  0.962908381348979     
           5          11  0.965045920701897     
           6          12  0.969115818315204     
           1          13   1.11445722794166     
          13          14   2.76748628133459     
