$hessian                                                                        
        0.6269766283   0.0253869447   0.0000144179  -0.2330460147  -0.1224957131
       -0.0000034748  -0.0580778100   0.0339863806  -0.0000028352   0.0083175791
       -0.0346932805   0.0000004959   0.0077234821   0.0254916673  -0.0000004711
       -0.0817161818   0.0063888071  -0.0000008369  -0.0167027888   0.0094029042
        0.0000000059   0.0025459252   0.0008524008  -0.0000002980  -0.0002332370
       -0.0035449040   0.0000007482  -0.0100834329  -0.0008526782   0.0000004679
        0.0010038967   0.0001403883  -0.0000000911  -0.0002396791  -0.0002693494
        0.0003043781   0.0001977823  -0.0001129146   0.0000000293  -0.0002399532
       -0.0002694849  -0.0003044433  -0.0020028566  -0.0259225447   0.0000004629
       -0.0042362260   0.0031698087  -0.0000003310  -0.1496142606   0.0811363086
       -0.0000136131  -0.0903008237  -0.0017593922   0.0000056236  -0.0002720293
        0.0039646513  -0.0000002353
        0.0253869447   0.6472809060  -0.0000267347  -0.0787364140  -0.1442860416
        0.0000031202  -0.0171619362   0.0422843376  -0.0000020831  -0.0338232163
       -0.0339534902  -0.0000001593   0.0769643061  -0.0349706729   0.0000041441
       -0.0374931638  -0.3047421055   0.0000099226   0.0085843014  -0.0032485989
       -0.0000003993  -0.0013040287   0.0001662190   0.0000000086  -0.0232864882
       -0.0188429693   0.0000002169   0.0033608375  -0.0028687843   0.0000004616
       -0.0004386558  -0.0006414636   0.0000001373  -0.0002637173  -0.0002718100
       -0.0002832327   0.0000159505   0.0001995635   0.0000001493  -0.0002639371
       -0.0002721974   0.0002830717  -0.0042367315  -0.0173193256   0.0000000707
        0.0027313120  -0.0001877081   0.0000003100   0.0543443132  -0.1223710822
        0.0000084689   0.0044974745   0.0210537486  -0.0000005829   0.0211228491
       -0.0270085252   0.0000031102
        0.0000144179  -0.0000267347   0.1135875437  -0.0000054568   0.0000012923
       -0.0450917035  -0.0000008590  -0.0000012559  -0.0004308633   0.0000013612
        0.0000001631  -0.0054418007  -0.0000019261   0.0000018845   0.0038544472
       -0.0000001409   0.0000126289  -0.0499566526  -0.0000002898   0.0000000601
       -0.0001810496   0.0000000396   0.0000000752  -0.0000475348   0.0000010836
        0.0000007068  -0.0002802005  -0.0000017121  -0.0000001590   0.0075995328
        0.0000002200   0.0000000004   0.0008251744  -0.0004470289  -0.0001583808
       -0.0001308915  -0.0000000809   0.0000002704   0.0000406041   0.0004471160
        0.0001584288  -0.0001308538   0.0000001596  -0.0000002249   0.0005786426
       -0.0000001808   0.0000002258   0.0079811260  -0.0000126043   0.0000086512
       -0.0594676926   0.0000067682  -0.0000007361   0.0137681949  -0.0000008864
        0.0000031038   0.0129239774
       -0.2330460147  -0.0787364140  -0.0000054568   0.6581153150  -0.0237743291
        0.0000206822  -0.2743179657   0.0725807924  -0.0000100810   0.0069137875
        0.0781798308  -0.0000013701  -0.0464308253   0.0034813315  -0.0000014359
        0.0155031916  -0.0621715543   0.0000026196   0.0135065400  -0.0089565151
       -0.0000003855  -0.0024515407  -0.0018952452   0.0000004427  -0.0422655536
        0.0074906604  -0.0000019229  -0.0472900661   0.0131418020  -0.0000034884
       -0.0003509376   0.0016331994   0.0000008203   0.0002100168  -0.0000478651
       -0.0003899668   0.0001596719   0.0009017751   0.0000003519   0.0002103801
       -0.0000476511   0.0003896631   0.0007359984   0.0001026156  -0.0000000962
       -0.0005385537  -0.0001221471   0.0000004150  -0.0532224619  -0.0053142881
        0.0000002336   0.0041276795   0.0060832382  -0.0000011434   0.0004313387
       -0.0025292363   0.0000001188
       -0.1224957131  -0.1442860416   0.0000012923  -0.0237743291   0.6652872655
       -0.0000254432   0.1466495724  -0.1638802054   0.0000093660   0.0261839752
       -0.0291152448   0.0000020164  -0.0033710831   0.0028216956  -0.0000004392
       -0.0250576685  -0.0345410982   0.0000006228  -0.0007263440  -0.0065069309
       -0.0000002303   0.0002270422   0.0004931087   0.0000000287   0.0054687520
       -0.3052306623   0.0000134730  -0.0140888403   0.0091407547  -0.0000011005
       -0.0012146638   0.0019977205   0.0000003880   0.0001185917   0.0004041395
        0.0003501644  -0.0001104585  -0.0004472768  -0.0000000050   0.0001192355
        0.0004043871  -0.0003500284  -0.0000467841  -0.0058504605   0.0000007362
       -0.0000683567   0.0007982123  -0.0000000674  -0.0011685451   0.0070292425
        0.0000005537   0.0101465547   0.0005661659  -0.0000011161   0.0032090625
        0.0009152281  -0.0000002114
       -0.0000034748   0.0000031202  -0.0450917035   0.0000206822  -0.0000254432
        0.1079542668  -0.0000141183   0.0000078611  -0.0437236592   0.0000005985
        0.0000035905  -0.0034201345  -0.0000020184  -0.0000004690  -0.0021749143
        0.0000019696  -0.0000010484   0.0019262069  -0.0000002999  -0.0000000543
        0.0066381652   0.0000000680  -0.0000000835  -0.0002707497  -0.0000010996
        0.0000132028  -0.0302353040  -0.0000005833  -0.0000017027   0.0033032168
       -0.0000006121   0.0000014536  -0.0014067730   0.0002900601  -0.0002787017
        0.0000456198  -0.0000001110   0.0000000754   0.0002931225  -0.0002894825
        0.0002789600   0.0000458711  -0.0000000626   0.0000005564   0.0060627759
       -0.0000000233  -0.0000000410  -0.0001126655  -0.0000009655  -0.0000014533
       -0.0028869519  -0.0000003590   0.0000003248   0.0038561551  -0.0000001679
       -0.0000001476  -0.0008025444
       -0.0580778100  -0.0171619362  -0.0000008590  -0.2743179657   0.1466495724
       -0.0000141183   0.6564104252  -0.0558498562   0.0000189861  -0.0503343979
       -0.0473549542   0.0000008085   0.0112317289  -0.0266387203   0.0000012687
       -0.0039675932   0.0202554505  -0.0000014479  -0.0379504396   0.0539652582
        0.0000007179   0.0004840939   0.0038898893  -0.0000011459   0.0009683754
        0.0032454121   0.0000005605  -0.2328170628  -0.0600874653   0.0000007509
       -0.0057635069  -0.0195243474  -0.0000054107   0.0012968246   0.0016676800
       -0.0014776967  -0.0002117728  -0.0015869052   0.0000002435   0.0012982100
        0.0016671575   0.0014787076   0.0000492132   0.0008345668  -0.0000003149
       -0.0038266931  -0.0025016287  -0.0000005932  -0.0059933277  -0.0009572380
        0.0000006855   0.0011867372   0.0004855910  -0.0000012169   0.0003349612
       -0.0009975264   0.0000000743
        0.0339863806   0.0422843376  -0.0000012559   0.0725807924  -0.1638802054
        0.0000078611  -0.0558498562   0.6108730814   0.0000032416   0.0301009728
       -0.2529722228  -0.0000009810  -0.0664248086  -0.0255358091  -0.0000008781
        0.0232781962  -0.0388271526   0.0000013758   0.0231270471  -0.0387499902
        0.0000017735  -0.0032202974  -0.0002320904  -0.0000006576   0.0265462726
       -0.0187590389   0.0000009091  -0.0337928171  -0.0961497457  -0.0000095490
       -0.0372944475  -0.0196775464  -0.0000009067  -0.0002587076   0.0013008764
       -0.0009685153  -0.0013393974  -0.0068891515  -0.0000012399  -0.0002585219
        0.0013015455   0.0009691565   0.0006079094  -0.0001887842  -0.0000000103
       -0.0013372636  -0.0001640715   0.0000000584  -0.0201142810   0.0035417181
        0.0000010096   0.0101113389   0.0036542464  -0.0000013197  -0.0004485115
       -0.0009299966  -0.0000000720
       -0.0000028352  -0.0000020831  -0.0004308633  -0.0000100810   0.0000093660
       -0.0437236592   0.0000189861   0.0000032416   0.1180570894  -0.0000004366
       -0.0000038734  -0.0541327819   0.0000032987  -0.0000000104  -0.0017588847
       -0.0000012076   0.0000027164  -0.0034421225  -0.0000008643   0.0000005054
        0.0072656444   0.0000000444   0.0000004815  -0.0001826644  -0.0000010086
        0.0000007966   0.0011675707   0.0000051453  -0.0000045738  -0.0340015674
       -0.0000079322  -0.0000035538  -0.0035093923   0.0011294131   0.0009128072
        0.0005419027  -0.0000009387  -0.0000030099   0.0005057727  -0.0011307678
       -0.0009127389   0.0005424600  -0.0000000488   0.0000000554   0.0004016263
       -0.0000000289   0.0000000591   0.0076254578   0.0000001769   0.0000001930
        0.0071577525  -0.0000009199  -0.0000002259  -0.0013670392   0.0000000052
       -0.0000001529  -0.0007163016
        0.0083175791  -0.0338232163   0.0000013612   0.0069137875   0.0261839752
        0.0000005985  -0.0503343979   0.0301009728  -0.0000004366   0.6638314824
        0.0304783882   0.0000090980  -0.2410073779  -0.1402831640   0.0000011129
       -0.0704233396   0.0329813667  -0.0000017115  -0.2226888965   0.0828156782
       -0.0000059152  -0.0407370573   0.0104137533  -0.0000015349  -0.0035176679
        0.0024107933  -0.0000002254  -0.0311395791  -0.0475091192  -0.0000005584
       -0.0054418460   0.0016271912   0.0000006208   0.0002800285  -0.0001793650
        0.0000398384  -0.0002759503  -0.0016476125  -0.0000004929   0.0002801875
       -0.0001788110  -0.0000401086  -0.0030244135   0.0021935107  -0.0000004366
        0.0000186708  -0.0023050011  -0.0000002760  -0.0257371833   0.0040874325
        0.0000007497   0.0144009697   0.0046708836  -0.0000011507   0.0002850038
       -0.0020376566  -0.0000005326
       -0.0346932805  -0.0339534902   0.0000001631   0.0781798308  -0.0291152448
        0.0000035905  -0.0473549542  -0.2529722228  -0.0000038734   0.0304783882
        0.6182166688  -0.0000002409  -0.0709628518  -0.1584874468   0.0000020530
       -0.0224665521   0.0516432396  -0.0000019183   0.1120451866  -0.1472827677
       -0.0000005641  -0.0092389468   0.0164296614   0.0000001481   0.0008181860
       -0.0000857644   0.0000002077  -0.0166100861  -0.0326682045   0.0000006729
       -0.0001104959  -0.0027645608   0.0000001757  -0.0006870753  -0.0005725499
        0.0003783007   0.0004905700  -0.0004392310  -0.0000001809  -0.0006872284
       -0.0005722554  -0.0003787270   0.0027941924  -0.0007995032  -0.0000002168
       -0.0274878841  -0.0198897700  -0.0000001151   0.0156023459  -0.0056352138
       -0.0000002962  -0.0101563054  -0.0023585296   0.0000007589   0.0000469607
        0.0013071850   0.0000000621
        0.0000004959  -0.0000001593  -0.0054418007  -0.0000013701   0.0000020164
       -0.0034201345   0.0000008085  -0.0000009810  -0.0541327819   0.0000090980
       -0.0000002409   0.1303573949  -0.0000010111   0.0000003029  -0.0486771531
       -0.0000007920  -0.0000003058  -0.0025262456  -0.0000021019  -0.0000014409
       -0.0373735457  -0.0000041093   0.0000016814  -0.0023150266  -0.0000005671
        0.0000005273   0.0085124031   0.0000002025  -0.0000009166   0.0030259980
       -0.0000006056  -0.0000010134   0.0016344137  -0.0001506173  -0.0002104701
       -0.0000690119  -0.0000001520   0.0000000188   0.0002506560   0.0001503881
        0.0002102594  -0.0000689244  -0.0000002130   0.0000002224   0.0082997453
        0.0000006590   0.0000004594   0.0016919777  -0.0000001098   0.0000002272
        0.0007045621  -0.0000000257  -0.0000001023  -0.0004690274   0.0000000226
       -0.0000000848   0.0000165011
        0.0077234821   0.0769643061  -0.0000019261  -0.0464308253  -0.0033710831
       -0.0000020184   0.0112317289  -0.0664248086   0.0000032987  -0.2410073779
       -0.0709628518  -0.0000010111   0.6624169729  -0.0267754657   0.0000044223
       -0.2826359429   0.0778354312  -0.0000020912  -0.0596436421  -0.0062675000
       -0.0000003396  -0.0020698450   0.0023602195  -0.0000000918  -0.0003577974
        0.0002983758  -0.0000005956   0.0099146520   0.0043070921  -0.0000010476
       -0.0007891570  -0.0000770533   0.0000001049   0.0001599440   0.0004308106
       -0.0002544320  -0.0001578875   0.0000409824  -0.0000000800   0.0001600716
        0.0004308584   0.0002548219  -0.0244248773   0.0121956297   0.0000001569
       -0.0431048437   0.0032354548   0.0000003654   0.0168338829  -0.0009340987
       -0.0000009983  -0.0079870013  -0.0037504661   0.0000009633   0.0001684628
        0.0004641668   0.0000004981
        0.0254916673  -0.0349706729   0.0000018845   0.0034813315   0.0028216956
       -0.0000004690  -0.0266387203  -0.0255358091  -0.0000000104  -0.1402831640
       -0.1584874468   0.0000003029  -0.0267754657   0.6803043368  -0.0000101505
        0.1513031945  -0.1597619273   0.0000029682   0.0173965118   0.0126771277
        0.0000007623   0.0025545365  -0.0010029569  -0.0000000870   0.0000856081
        0.0006048329   0.0000000891   0.0024371650  -0.0052343101  -0.0000003540
       -0.0017991157  -0.0016203688  -0.0000000696  -0.0000490033   0.0001026424
       -0.0001168655  -0.0000608721  -0.0004410331  -0.0000001130  -0.0000490126
        0.0001027675   0.0001168918  -0.0111799170   0.0066662179  -0.0000006156
        0.0042024108  -0.3093473700   0.0000053366   0.0003758079  -0.0063368865
        0.0000003799  -0.0017898226   0.0007162491   0.0000000103   0.0012968599
       -0.0012570885   0.0000001089
       -0.0000004711   0.0000041441   0.0038544472  -0.0000014359  -0.0000004392
       -0.0021749143   0.0000012687  -0.0000008781  -0.0017588847   0.0000011129
        0.0000020530  -0.0486771531   0.0000044223  -0.0000101505   0.1077633434
       -0.0000028229   0.0000000576  -0.0424751996  -0.0000006569  -0.0000004673
        0.0037819922  -0.0000006089   0.0000000374   0.0018537688   0.0000000199
       -0.0000000233  -0.0002948507  -0.0000009762  -0.0000007116   0.0046652612
        0.0000002907   0.0000002487   0.0009341968  -0.0000897735  -0.0001657519
        0.0000287333  -0.0000000559   0.0000004601   0.0000137426   0.0000898681
        0.0001656513   0.0000287043  -0.0000002808   0.0000001750   0.0008314179
        0.0000001252   0.0000052463  -0.0331655073   0.0000007970   0.0000008711
        0.0069673406  -0.0000007726  -0.0000003473  -0.0008199487  -0.0000000500
       -0.0000001752  -0.0013564900
       -0.0817161818  -0.0374931638  -0.0000001409   0.0155031916  -0.0250576685
        0.0000019696  -0.0039675932   0.0232781962  -0.0000012076  -0.0704233396
       -0.0224665521  -0.0000007920  -0.2826359429   0.1513031945  -0.0000028229
        0.6901454773  -0.0047463900   0.0000102276   0.0020526366  -0.0055914254
       -0.0000003289  -0.0022822279   0.0004748821   0.0000000842  -0.0043945146
       -0.0031721097   0.0000000104  -0.0061024571  -0.0020964926   0.0000013463
        0.0002221447   0.0002153122  -0.0000002870   0.0000039431  -0.0002313823
        0.0000619167   0.0000792348   0.0001354383  -0.0000000836   0.0000038106
       -0.0002314835  -0.0000619938  -0.2452540985  -0.1118105084  -0.0000053526
       -0.0010020767   0.0025769280  -0.0000002270  -0.0101503432   0.0262330773
       -0.0000005658   0.0040858905   0.0040155955  -0.0000009006  -0.0041675537
        0.0046645523  -0.0000008521
        0.0063888071  -0.3047421055   0.0000126289  -0.0621715543  -0.0345410982
       -0.0000010484   0.0202554505  -0.0388271526   0.0000027164   0.0329813667
        0.0516432396  -0.0000003058   0.0778354312  -0.1597619273   0.0000000576
       -0.0047463900   0.6378570351  -0.0000148131  -0.0099693915   0.0000155089
        0.0000000610   0.0000893551   0.0001115626   0.0000000937  -0.0025270847
       -0.0006884404  -0.0000003101   0.0043428342   0.0019488494  -0.0000012439
       -0.0005605494   0.0001965651   0.0000005066   0.0002225089   0.0003335069
       -0.0002264660  -0.0001479030   0.0000402653   0.0000002380   0.0002226130
        0.0003334760   0.0002268669  -0.1110781995  -0.1041645891  -0.0000017392
        0.0250332876  -0.0169370761   0.0000003504   0.0386820305  -0.0262479889
       -0.0000010034  -0.0170682053  -0.0057172327   0.0000022792   0.0022155928
       -0.0008523983   0.0000011312
       -0.0000008369   0.0000099226  -0.0499566526   0.0000026196   0.0000006228
        0.0019262069  -0.0000014479   0.0000013758  -0.0034421225  -0.0000017115
       -0.0000019183  -0.0025262456  -0.0000020912   0.0000029682  -0.0424751996
        0.0000102276  -0.0000148131   0.1158889604  -0.0000003694   0.0000002021
        0.0056661295  -0.0000000491   0.0000000933   0.0013506268  -0.0000002700
        0.0000002276   0.0058587676   0.0000005054  -0.0000004591  -0.0001622908
       -0.0000000971   0.0000000555   0.0001435398  -0.0000427546  -0.0000343093
       -0.0000265522  -0.0000001279   0.0000002643  -0.0000192911   0.0000427458
        0.0000342798  -0.0000266287  -0.0000043636  -0.0000018350  -0.0341117329
       -0.0000005054   0.0000003556  -0.0002098694  -0.0000022371   0.0000023136
       -0.0015199666   0.0000010191   0.0000000540  -0.0001085638  -0.0000002556
        0.0000005997   0.0037508850
       -0.0167027888   0.0085843014  -0.0000002898   0.0135065400  -0.0007263440
       -0.0000002999  -0.0379504396   0.0231270471  -0.0000008643  -0.2226888965
        0.1120451866  -0.0000021019  -0.0596436421   0.0173965118  -0.0000006569
        0.0020526366  -0.0099693915  -0.0000003694   0.5281334329   0.0508118614
        0.0000305956  -0.2312586205  -0.1926014279  -0.0000261320  -0.0011357524
        0.0003412000  -0.0000002231   0.0159240879   0.0000855832  -0.0000008966
        0.0009095327  -0.0034911086   0.0000003385  -0.0005240748   0.0000566561
        0.0001234441   0.0001999857   0.0000077627  -0.0000003901  -0.0005240910
        0.0000569816  -0.0001236563  -0.0015488661   0.0009289938   0.0000000611
        0.0017575195   0.0007777083   0.0000003306   0.0222607418  -0.0053934202
       -0.0000002246  -0.0127480947  -0.0036193971   0.0000010483  -0.0000192105
        0.0015812953   0.0000002865
        0.0094029042  -0.0032485989   0.0000000601  -0.0089565151  -0.0065069309
       -0.0000000543   0.0539652582  -0.0387499902   0.0000005054   0.0828156782
       -0.1472827677  -0.0000014409  -0.0062675000   0.0126771277  -0.0000004673
       -0.0055914254   0.0000155089   0.0000002021   0.0508118614   0.3793053291
        0.0000322459  -0.1700023437  -0.1993989822  -0.0000315806   0.0021402699
       -0.0013735315   0.0000004323  -0.0047383271  -0.0032101629  -0.0000001766
        0.0007470174   0.0026558668   0.0000008491   0.0003388902  -0.0001105604
       -0.0001089380  -0.0001177596   0.0002159014   0.0000001549   0.0003388046
       -0.0001105787   0.0001093723  -0.0006465815   0.0001681118  -0.0000001914
        0.0007921599   0.0008603726  -0.0000001263  -0.0116696802   0.0030215683
       -0.0000000228   0.0067482956   0.0019359413  -0.0000006242  -0.0001110071
       -0.0008636244  -0.0000001997
        0.0000000059  -0.0000003993  -0.0001810496  -0.0000003855  -0.0000002303
        0.0066381652   0.0000007179   0.0000017735   0.0072656444  -0.0000059152
       -0.0000005641  -0.0373735457  -0.0000003396   0.0000007623   0.0037819922
       -0.0000003289   0.0000000610   0.0056661295   0.0000305956   0.0000322459
        0.0286424155  -0.0000231269  -0.0000328726  -0.0079988587   0.0000000663
       -0.0000000509  -0.0012719076  -0.0000006702  -0.0000009488  -0.0013645683
       -0.0000003017   0.0000003556   0.0003732473   0.0000930024  -0.0001069131
        0.0000757873  -0.0000001489   0.0000002911  -0.0000929785  -0.0000932915
        0.0001070684   0.0000758288   0.0000000356  -0.0000001036  -0.0000217686
        0.0000001190  -0.0000000974  -0.0031069034  -0.0000001884   0.0000001876
       -0.0016850115   0.0000001220  -0.0000003340   0.0003936458   0.0000000320
       -0.0000002313   0.0001837359
        0.0025459252  -0.0013040287   0.0000000396  -0.0024515407   0.0002270422
        0.0000000680   0.0004840939  -0.0032202974   0.0000000444  -0.0407370573
       -0.0092389468  -0.0000041093  -0.0020698450   0.0025545365  -0.0000006089
       -0.0022822279   0.0000893551  -0.0000000491  -0.2312586205  -0.1700023437
       -0.0000231269   0.2761083522   0.1776745521   0.0000273529   0.0001773215
       -0.0001484822   0.0000000954   0.0004691497   0.0015758136   0.0000007003
        0.0000615584   0.0003422919  -0.0000002331   0.0000722380  -0.0002487389
        0.0000053488   0.0000087145  -0.0001899667   0.0000001079   0.0000721571
       -0.0002489457  -0.0000050605  -0.0002506347   0.0002764802  -0.0000001218
        0.0003454595   0.0006590641  -0.0000002881  -0.0032939760   0.0007687675
        0.0000000517   0.0020165295   0.0006186058  -0.0000002318  -0.0000175974
       -0.0001847590   0.0000000205
        0.0008524008   0.0001662190   0.0000000752  -0.0018952452   0.0004931087
       -0.0000000835   0.0038898893  -0.0002320904   0.0000004815   0.0104137533
        0.0164296614   0.0000016814   0.0023602195  -0.0010029569   0.0000000374
        0.0004748821   0.0001115626   0.0000000933  -0.1926014279  -0.1993989822
       -0.0000328726   0.1776745521   0.1815998825   0.0000300974   0.0000851176
        0.0000438260  -0.0000001360  -0.0005098449   0.0017616130   0.0000013444
       -0.0007398036  -0.0006622690  -0.0000013427  -0.0000553489   0.0001953391
       -0.0000896734   0.0000238814  -0.0003332091   0.0000004027  -0.0000552653
        0.0001952258   0.0000890198   0.0000740589  -0.0000253234   0.0000003705
        0.0002785407   0.0004030874   0.0000003198  -0.0005860542   0.0001044631
        0.0000000887   0.0003199188   0.0001345905   0.0000001586  -0.0000042247
        0.0000162521  -0.0000000623
       -0.0000002980   0.0000000086  -0.0000475348   0.0000004427   0.0000000287
       -0.0002707497  -0.0000011459  -0.0000006576  -0.0001826644  -0.0000015349
        0.0000001481  -0.0023150266  -0.0000000918  -0.0000000870   0.0018537688
        0.0000000842   0.0000000937   0.0013506268  -0.0000261320  -0.0000315806
       -0.0079988587   0.0000273529   0.0000300974   0.0092693605   0.0000000699
        0.0000000086   0.0003749043   0.0000008184   0.0000009266  -0.0015869431
        0.0000000282  -0.0000001733  -0.0003070050  -0.0001446488   0.0001006275
       -0.0001164453   0.0000001896   0.0000005731   0.0000593056   0.0001449954
       -0.0001009147  -0.0001162901  -0.0000001270   0.0000001765  -0.0002919305
       -0.0000001682   0.0000000816   0.0000404492  -0.0000000535   0.0000005001
        0.0000241792  -0.0000000183   0.0000000736   0.0001111636   0.0000002371
        0.0000000690   0.0001496902
       -0.0002332370  -0.0232864882   0.0000010836  -0.0422655536   0.0054687520
       -0.0000010996   0.0009683754   0.0265462726  -0.0000010086  -0.0035176679
        0.0008181860  -0.0000005671  -0.0003577974   0.0000856081   0.0000000199
       -0.0043945146  -0.0025270847  -0.0000002700  -0.0011357524   0.0021402699
        0.0000000663   0.0001773215   0.0000851176   0.0000000699   0.0533187644
       -0.0040445667   0.0000016625   0.0016411586  -0.0010900929  -0.0000001878
       -0.0013987165   0.0000675312  -0.0000003846  -0.0014497247  -0.0007518166
        0.0012375796   0.0001055118   0.0000413123   0.0000002448  -0.0014485053
       -0.0007507293  -0.0012376650  -0.0001284391  -0.0013336883   0.0000000864
       -0.0000460120   0.0000413918   0.0000000750   0.0001480551  -0.0034269179
        0.0000005034   0.0009747634   0.0009540498  -0.0000001957  -0.0009580297
        0.0009628934  -0.0000000131
       -0.0035449040  -0.0188429693   0.0000007068   0.0074906604  -0.3052306623
        0.0000132028   0.0032454121  -0.0187590389   0.0000007966   0.0024107933
       -0.0000857644   0.0000005273   0.0002983758   0.0006048329  -0.0000000233
       -0.0031721097  -0.0006884404   0.0000002276   0.0003412000  -0.0013735315
       -0.0000000509  -0.0001484822   0.0000438260   0.0000000086  -0.0040445667
        0.3433189337  -0.0000148775  -0.0017591870  -0.0006480368  -0.0000005315
       -0.0013389802   0.0001985300  -0.0000003176  -0.0005537085   0.0002948051
        0.0000350996  -0.0003193605   0.0002746528   0.0000001394  -0.0005530976
        0.0002948847  -0.0000348569   0.0001019236  -0.0009307411   0.0000000995
        0.0000211775   0.0000618217  -0.0000000564   0.0021846861   0.0009190257
       -0.0000001649   0.0000020308   0.0000435009   0.0000000689  -0.0006618632
        0.0005043712   0.0000000019
        0.0000007482   0.0000002169  -0.0002802005  -0.0000019229   0.0000134730
       -0.0302353040   0.0000005605   0.0000009091   0.0011675707  -0.0000002254
        0.0000002077   0.0085124031  -0.0000005956   0.0000000891  -0.0002948507
        0.0000000104  -0.0000003101   0.0058587676  -0.0000002231   0.0000004323
       -0.0012719076   0.0000000954  -0.0000001360   0.0003749043   0.0000016625
       -0.0000148775   0.0215891206   0.0000003835   0.0000005120  -0.0019975239
       -0.0000003029  -0.0000004288  -0.0003179937   0.0010044775   0.0004902629
       -0.0001681249   0.0000001026  -0.0000001530  -0.0001924761  -0.0010049146
       -0.0004899824  -0.0001675639  -0.0000000150  -0.0000000284   0.0005775840
       -0.0000000192  -0.0000000343  -0.0013697718  -0.0000000722  -0.0000006265
       -0.0026269246   0.0000002575   0.0000002601   0.0003533754  -0.0000000071
        0.0000002139   0.0004889157
       -0.0100834329   0.0033608375  -0.0000017121  -0.0472900661  -0.0140888403
       -0.0000005833  -0.2328170628  -0.0337928171   0.0000051453  -0.0311395791
       -0.0166100861   0.0000002025   0.0099146520   0.0024371650  -0.0000009762
       -0.0061024571   0.0043428342   0.0000005054   0.0159240879  -0.0047383271
       -0.0000006702   0.0004691497  -0.0005098449   0.0000008184   0.0016411586
       -0.0017591870   0.0000003835   0.3689320607   0.0715485533  -0.0000089300
       -0.0699561307   0.0034537480   0.0000048787   0.0027677928   0.0130071937
        0.0012715428  -0.0059760119  -0.0351306807  -0.0000066083   0.0027664892
        0.0130146300  -0.0012657447   0.0002553106   0.0000275794   0.0000005252
       -0.0002700045   0.0000043550   0.0000007115   0.0085006052  -0.0047016782
       -0.0000012986  -0.0073413051  -0.0007679598   0.0000019098  -0.0001952565
        0.0009025251  -0.0000000998
       -0.0008526782  -0.0028687843  -0.0000001590   0.0131418020   0.0091407547
       -0.0000017027  -0.0600874653  -0.0961497457  -0.0000045738  -0.0475091192
       -0.0326682045  -0.0000009166   0.0043070921  -0.0052343101  -0.0000007116
       -0.0020964926   0.0019488494  -0.0000004591   0.0000855832  -0.0032101629
       -0.0000009488   0.0015758136   0.0017616130   0.0000009266  -0.0010900929
       -0.0006480368   0.0000005120   0.0715485533   0.4325657677   0.0000794610
        0.0205309236  -0.2110501222  -0.0000435835   0.0033283507  -0.0368940774
        0.0100948109  -0.0075977026  -0.0169561278  -0.0000115375   0.0033302117
       -0.0368789654  -0.0101098914   0.0001601563  -0.0001368978  -0.0000006650
       -0.0015213772  -0.0009703997  -0.0000008074   0.0060485439  -0.0014179641
       -0.0000003508  -0.0031719067  -0.0007257288   0.0000003332  -0.0001301957
        0.0003925426   0.0000002637
        0.0000004679   0.0000004616   0.0075995328  -0.0000034884  -0.0000011005
        0.0033032168   0.0000007509  -0.0000095490  -0.0340015674  -0.0000005584
        0.0000006729   0.0030259980  -0.0000010476  -0.0000003540   0.0046652612
        0.0000013463  -0.0000012439  -0.0001622908  -0.0000008966  -0.0000001766
       -0.0013645683   0.0000007003   0.0000013444  -0.0015869431  -0.0000001878
       -0.0000005315  -0.0019975239  -0.0000089300   0.0000794610   0.0619601384
        0.0000083598  -0.0000395146  -0.0457220109   0.0021005958   0.0276815958
        0.0024240115   0.0000007782  -0.0000131628   0.0007119701  -0.0020974540
       -0.0276964410   0.0024048434   0.0000002601  -0.0000003787  -0.0012060397
        0.0000002615  -0.0000002221  -0.0000733005  -0.0000017402  -0.0000001241
        0.0005655224   0.0000009053  -0.0000002737  -0.0004725653  -0.0000001232
       -0.0000004632  -0.0000736847
        0.0010038967  -0.0004386558   0.0000002200  -0.0003509376  -0.0012146638
       -0.0000006121  -0.0057635069  -0.0372944475  -0.0000079322  -0.0054418460
       -0.0001104959  -0.0000006056  -0.0007891570  -0.0017991157   0.0000002907
        0.0002221447  -0.0005605494  -0.0000000971   0.0009095327   0.0007470174
       -0.0000003017   0.0000615584  -0.0007398036   0.0000000282  -0.0013987165
       -0.0013389802  -0.0000003029  -0.0699561307   0.0205309236   0.0000083598
        0.5322393765  -0.0104849603  -0.0000089287  -0.0848866190   0.0331861939
       -0.0798837801  -0.2805625385  -0.0333976296  -0.0000357836  -0.0849280416
        0.0331651741   0.0799295180   0.0000162997  -0.0001422031  -0.0000001530
       -0.0003602638  -0.0002423721  -0.0000002766  -0.0000071291   0.0002757274
        0.0000001644   0.0000147989  -0.0000573664   0.0000000131  -0.0000227210
       -0.0000837931   0.0000001793
        0.0001403883  -0.0006414636   0.0000000004   0.0016331994   0.0019977205
        0.0000014536  -0.0195243474  -0.0196775464  -0.0000035538   0.0016271912
       -0.0027645608  -0.0000010134  -0.0000770533  -0.0016203688   0.0000002487
        0.0002153122   0.0001965651   0.0000000555  -0.0034911086   0.0026558668
        0.0000003556   0.0003422919  -0.0006622690  -0.0000001733   0.0000675312
        0.0001985300  -0.0000004288   0.0034537480  -0.2110501222  -0.0000395146
       -0.0104849603   0.4049709092  -0.0000228160   0.0341493690  -0.0652407518
        0.0663985747  -0.0410471472  -0.0438509935  -0.0000052413   0.0341300577
       -0.0651804738  -0.0663280387  -0.0000259530   0.0001168837   0.0000001753
       -0.0003775165  -0.0000908957   0.0000003362  -0.0020480265   0.0003753334
       -0.0000001263   0.0011720547   0.0002991437  -0.0000000767   0.0001449692
       -0.0000315067  -0.0000002171
       -0.0000000911   0.0000001373   0.0008251744   0.0000008203   0.0000003880
       -0.0014067730  -0.0000054107  -0.0000009067  -0.0035093923   0.0000006208
        0.0000001757   0.0016344137   0.0000001049  -0.0000000696   0.0009341968
       -0.0000002870   0.0000005066   0.0001435398   0.0000003385   0.0000008491
        0.0003732473  -0.0000002331  -0.0000013427  -0.0003070050  -0.0000003846
       -0.0000003176  -0.0003179937   0.0000048787  -0.0000435835  -0.0457220109
       -0.0000089287  -0.0000228160   0.4911510706  -0.0807307805   0.0648370967
       -0.1999128586  -0.0000372966  -0.0000052139  -0.0433455516   0.0807764063
       -0.0647648732  -0.1999355149  -0.0000000510   0.0000000015  -0.0002528279
       -0.0000000200   0.0000000891  -0.0003342211   0.0000008439  -0.0000004191
       -0.0001161648  -0.0000006186   0.0000000926   0.0000577896   0.0000000883
        0.0000002057   0.0000408814
       -0.0002396791  -0.0002637173  -0.0004470289   0.0002100168   0.0001185917
        0.0002900601   0.0012968246  -0.0002587076   0.0011294131   0.0002800285
       -0.0006870753  -0.0001506173   0.0001599440  -0.0000490033  -0.0000897735
        0.0000039431   0.0002225089  -0.0000427546  -0.0005240748   0.0003388902
        0.0000930024   0.0000722380  -0.0000553489  -0.0001446488  -0.0014497247
       -0.0005537085   0.0010044775   0.0027677928   0.0033283507   0.0021005958
       -0.0848866190   0.0341493690  -0.0807307805   0.0942636329  -0.0426067763
        0.0926343178  -0.0170315409   0.0098801474  -0.0270063701   0.0051016794
       -0.0036978213   0.0112517383   0.0000093604   0.0000413540   0.0000824740
       -0.0000001092   0.0000211184   0.0000228012  -0.0002215076  -0.0000336054
        0.0000090504   0.0002064741   0.0000796998  -0.0000051138  -0.0000186792
        0.0000257339  -0.0000008429
       -0.0002693494  -0.0002718100  -0.0001583808  -0.0000478651   0.0004041395
       -0.0002787017   0.0016676800   0.0013008764   0.0009128072  -0.0001793650
       -0.0005725499  -0.0002104701   0.0004308106   0.0001026424  -0.0001657519
       -0.0002313823   0.0003335069  -0.0000343093   0.0000566561  -0.0001105604
       -0.0001069131  -0.0002487389   0.0001953391   0.0001006275  -0.0007518166
        0.0002948051   0.0004902629   0.0130071937  -0.0368940774   0.0276815958
        0.0331861939  -0.0652407518   0.0648370967  -0.0426067763   0.0926614907
       -0.0831248453  -0.0004581980   0.0028366562  -0.0026958682  -0.0036907758
        0.0049416290  -0.0073622000  -0.0000020237   0.0000118035   0.0000370686
        0.0000195615   0.0000191821   0.0000475859   0.0002792896   0.0000407445
        0.0000141449  -0.0001399858  -0.0000703551   0.0000172129  -0.0000211084
        0.0000172893  -0.0000009619
        0.0003043781  -0.0002832327  -0.0001308915  -0.0003899668   0.0003501644
        0.0000456198  -0.0014776967  -0.0009685153   0.0005419027   0.0000398384
        0.0003783007  -0.0000690119  -0.0002544320  -0.0001168655   0.0000287333
        0.0000619167  -0.0002264660  -0.0000265522   0.0001234441  -0.0001089380
        0.0000757873   0.0000053488  -0.0000896734  -0.0001164453   0.0012375796
        0.0000350996  -0.0001681249   0.0012715428   0.0100948109   0.0024240115
       -0.0798837801   0.0663985747  -0.1999128586   0.0926343178  -0.0831248453
        0.2271245633  -0.0022539951   0.0002398016  -0.0016079211  -0.0112452070
        0.0073768212  -0.0282078089  -0.0000013026  -0.0000442747   0.0000136088
       -0.0000033662  -0.0000151640  -0.0000090075  -0.0003653684   0.0002161562
        0.0000135265   0.0001229745  -0.0000335288  -0.0000146827   0.0000737742
       -0.0000782255  -0.0000044487
        0.0001977823   0.0000159505  -0.0000000809   0.0001596719  -0.0001104585
       -0.0000001110  -0.0002117728  -0.0013393974  -0.0000009387  -0.0002759503
        0.0004905700  -0.0000001520  -0.0001578875  -0.0000608721  -0.0000000559
        0.0000792348  -0.0001479030  -0.0000001279   0.0001999857  -0.0001177596
       -0.0000001489   0.0000087145   0.0000238814   0.0000001896   0.0001055118
       -0.0003193605   0.0000001026  -0.0059760119  -0.0075977026   0.0000007782
       -0.2805625385  -0.0410471472  -0.0000372966  -0.0170315409  -0.0004581980
       -0.0022539951   0.3204457234   0.0512673979   0.0000423750  -0.0170370998
       -0.0004604640   0.0022500169  -0.0000007059  -0.0000323650  -0.0000001877
       -0.0000069019  -0.0000207724  -0.0000001743   0.0001331099   0.0000002555
       -0.0000000352  -0.0001039739  -0.0000519008  -0.0000001509   0.0000346491
       -0.0000337541  -0.0000000072
       -0.0001129146   0.0001995635   0.0000002704   0.0009017751  -0.0004472768
        0.0000000754  -0.0015869052  -0.0068891515  -0.0000030099  -0.0016476125
       -0.0004392310   0.0000000188   0.0000409824  -0.0004410331   0.0000004601
        0.0001354383   0.0000402653   0.0000002643   0.0000077627   0.0002159014
        0.0000002911  -0.0001899667  -0.0003332091   0.0000005731   0.0000413123
        0.0002746528  -0.0000001530  -0.0351306807  -0.0169561278  -0.0000131628
       -0.0333976296  -0.0438509935  -0.0000052139   0.0098801474   0.0028366562
        0.0002398016   0.0512673979   0.0629743204   0.0000144985   0.0098676971
        0.0028356355  -0.0002359099   0.0000010827   0.0000412995   0.0000003651
       -0.0001256448  -0.0000569394   0.0000003521   0.0000542659  -0.0000753994
        0.0000001419   0.0000201464   0.0000415791   0.0000003024  -0.0000266539
        0.0000294879   0.0000000347
        0.0000000293   0.0000001493   0.0000406041   0.0000003519  -0.0000000050
        0.0002931225   0.0000002435  -0.0000012399   0.0005057727  -0.0000004929
       -0.0000001809   0.0002506560  -0.0000000800  -0.0000001130   0.0000137426
       -0.0000000836   0.0000002380  -0.0000192911  -0.0000003901   0.0000001549
       -0.0000929785   0.0000001079   0.0000004027   0.0000593056   0.0000002448
        0.0000001394  -0.0001924761  -0.0000066083  -0.0000115375   0.0007119701
       -0.0000357836  -0.0000052413  -0.0433455516  -0.0270063701  -0.0026958682
       -0.0016079211   0.0000423750   0.0000144985   0.0450154168   0.0270068491
        0.0026978024  -0.0015985088  -0.0000001651   0.0000001862  -0.0000010920
       -0.0000002784   0.0000000220  -0.0000093218  -0.0000004124  -0.0000002332
        0.0000402828   0.0000001935   0.0000005086  -0.0000457177   0.0000002692
        0.0000003170  -0.0000180147
       -0.0002399532  -0.0002639371   0.0004471160   0.0002103801   0.0001192355
       -0.0002894825   0.0012982100  -0.0002585219  -0.0011307678   0.0002801875
       -0.0006872284   0.0001503881   0.0001600716  -0.0000490126   0.0000898681
        0.0000038106   0.0002226130   0.0000427458  -0.0005240910   0.0003388046
       -0.0000932915   0.0000721571  -0.0000552653   0.0001449954  -0.0014485053
       -0.0005530976  -0.0010049146   0.0027664892   0.0033302117  -0.0020974540
       -0.0849280416   0.0341300577   0.0807764063   0.0051016794  -0.0036907758
       -0.0112452070  -0.0170370998   0.0098676971   0.0270068491   0.0943090901
       -0.0425851738  -0.0926890162   0.0000093579   0.0000413599  -0.0000824217
       -0.0000001184   0.0000211340  -0.0000227153  -0.0002212566  -0.0000335360
       -0.0000089545   0.0002063508   0.0000796683   0.0000050355  -0.0000187184
        0.0000257669   0.0000008210
       -0.0002694849  -0.0002721974   0.0001584288  -0.0000476511   0.0004043871
        0.0002789600   0.0016671575   0.0013015455  -0.0009127389  -0.0001788110
       -0.0005722554   0.0002102594   0.0004308584   0.0001027675   0.0001656513
       -0.0002314835   0.0003334760   0.0000342798   0.0000569816  -0.0001105787
        0.0001070684  -0.0002489457   0.0001952258  -0.0001009147  -0.0007507293
        0.0002948847  -0.0004899824   0.0130146300  -0.0368789654  -0.0276964410
        0.0331651741  -0.0651804738  -0.0647648732  -0.0036978213   0.0049416290
        0.0073768212  -0.0004604640   0.0028356355   0.0026978024  -0.0425851738
        0.0925860590   0.0830507845  -0.0000020322   0.0000118131  -0.0000371157
        0.0000196018   0.0000192144  -0.0000476269   0.0002792354   0.0000412053
       -0.0000142247  -0.0001400052  -0.0000705422  -0.0000171519  -0.0000210367
        0.0000171701   0.0000010137
       -0.0003044433   0.0002830717  -0.0001308538   0.0003896631  -0.0003500284
        0.0000458711   0.0014787076   0.0009691565   0.0005424600  -0.0000401086
       -0.0003787270  -0.0000689244   0.0002548219   0.0001168918   0.0000287043
       -0.0000619938   0.0002268669  -0.0000266287  -0.0001236563   0.0001093723
        0.0000758288  -0.0000050605   0.0000890198  -0.0001162901  -0.0012376650
       -0.0000348569  -0.0001675639  -0.0012657447  -0.0101098914   0.0024048434
        0.0799295180  -0.0663280387  -0.1999355149   0.0112517383  -0.0073622000
       -0.0282078089   0.0022500169  -0.0002359099  -0.0015985088  -0.0926890162
        0.0830507845   0.2271559527   0.0000013359   0.0000441990   0.0000134493
        0.0000034488   0.0000151648  -0.0000090556   0.0003648777  -0.0002172030
        0.0000134466  -0.0001227274   0.0000338736  -0.0000148607  -0.0000737123
        0.0000784544  -0.0000045467
       -0.0020028566  -0.0042367315   0.0000001596   0.0007359984  -0.0000467841
       -0.0000000626   0.0000492132   0.0006079094  -0.0000000488  -0.0030244135
        0.0027941924  -0.0000002130  -0.0244248773  -0.0111799170  -0.0000002808
       -0.2452540985  -0.1110781995  -0.0000043636  -0.0015488661  -0.0006465815
        0.0000000356  -0.0002506347   0.0000740589  -0.0000001270  -0.0001284391
        0.0001019236  -0.0000000150   0.0002553106   0.0001601563   0.0000002601
        0.0000162997  -0.0000259530  -0.0000000510   0.0000093604  -0.0000020237
       -0.0000013026  -0.0000007059   0.0000010827  -0.0000001651   0.0000093579
       -0.0000020322   0.0000013359   0.2743689921   0.1235566771   0.0000048121
        0.0007325424  -0.0007516037   0.0000000359   0.0003819248   0.0007806439
        0.0000001068   0.0003405252   0.0000441948  -0.0000001732  -0.0002646330
       -0.0001510128   0.0000000565
       -0.0259225447  -0.0173193256  -0.0000002249   0.0001026156  -0.0058504605
        0.0000005564   0.0008345668  -0.0001887842   0.0000000554   0.0021935107
       -0.0007995032   0.0000002224   0.0121956297   0.0066662179   0.0000001750
       -0.1118105084  -0.1041645891  -0.0000018350   0.0009289938   0.0001681118
       -0.0000001036   0.0002764802  -0.0000253234   0.0000001765  -0.0013336883
       -0.0009307411  -0.0000000284   0.0000275794  -0.0001368978  -0.0000003787
       -0.0001422031   0.0001168837   0.0000000015   0.0000413540   0.0000118035
       -0.0000442747  -0.0000323650   0.0000412995   0.0000001862   0.0000413599
        0.0000118131   0.0000441990   0.1235566771   0.1200702782   0.0000014008
        0.0007612300   0.0008326406   0.0000000082  -0.0024770175  -0.0004049167
        0.0000001129   0.0009008452   0.0012901750  -0.0000001801  -0.0001425155
        0.0006113182  -0.0000000689
        0.0000004629   0.0000000707   0.0005786426  -0.0000000962   0.0000007362
        0.0060627759  -0.0000003149  -0.0000000103   0.0004016263  -0.0000004366
       -0.0000002168   0.0082997453   0.0000001569  -0.0000006156   0.0008314179
       -0.0000053526  -0.0000017392  -0.0341117329   0.0000000611  -0.0000001914
       -0.0000217686  -0.0000001218   0.0000003705  -0.0002919305   0.0000000864
        0.0000000995   0.0005775840   0.0000005252  -0.0000006650  -0.0012060397
       -0.0000001530   0.0000001753  -0.0002528279   0.0000824740   0.0000370686
        0.0000136088  -0.0000001877   0.0000003651  -0.0000010920  -0.0000824217
       -0.0000371157   0.0000134493   0.0000048121   0.0000014008   0.0239953015
       -0.0000000289  -0.0000000883  -0.0026812974   0.0000004901   0.0000005606
       -0.0026928528   0.0000001162  -0.0000001532   0.0002573764  -0.0000000716
       -0.0000000520   0.0002280137
       -0.0042362260   0.0027313120  -0.0000001808  -0.0005385537  -0.0000683567
       -0.0000000233  -0.0038266931  -0.0013372636  -0.0000000289   0.0000186708
       -0.0274878841   0.0000006590  -0.0431048437   0.0042024108   0.0000001252
       -0.0010020767   0.0250332876  -0.0000005054   0.0017575195   0.0007921599
        0.0000001190   0.0003454595   0.0002785407  -0.0000001682  -0.0000460120
        0.0000211775  -0.0000000192  -0.0002700045  -0.0015213772   0.0000002615
       -0.0003602638  -0.0003775165  -0.0000000200  -0.0000001092   0.0000195615
       -0.0000033662  -0.0000069019  -0.0001256448  -0.0000002784  -0.0000001184
        0.0000196018   0.0000034488   0.0007325424   0.0007612300  -0.0000000289
        0.0503538409  -0.0043293275   0.0000001149   0.0006101266   0.0011704083
       -0.0000001836  -0.0000856131  -0.0001655712   0.0000000803  -0.0003407437
        0.0003832518  -0.0000000058
        0.0031698087  -0.0001877081   0.0000002258  -0.0001221471   0.0007982123
       -0.0000000410  -0.0025016287  -0.0001640715   0.0000000591  -0.0023050011
       -0.0198897700   0.0000004594   0.0032354548  -0.3093473700   0.0000052463
        0.0025769280  -0.0169370761   0.0000003556   0.0007777083   0.0008603726
       -0.0000000974   0.0006590641   0.0004030874   0.0000000816   0.0000413918
        0.0000618217  -0.0000000343   0.0000043550  -0.0009703997  -0.0000002221
       -0.0002423721  -0.0000908957   0.0000000891   0.0000211184   0.0000191821
       -0.0000151640  -0.0000207724  -0.0000569394   0.0000000220   0.0000211340
        0.0000192144   0.0000151648  -0.0007516037   0.0008326406  -0.0000000883
       -0.0043293275   0.3455343468  -0.0000060971  -0.0005548316  -0.0007333837
        0.0000000943   0.0001256940   0.0001148684  -0.0000000538   0.0001950273
       -0.0002661321  -0.0000000002
       -0.0000003310   0.0000003100   0.0079811260   0.0000004150  -0.0000000674
       -0.0001126655  -0.0000005932   0.0000000584   0.0076254578  -0.0000002760
       -0.0000001151   0.0016919777   0.0000003654   0.0000053366  -0.0331655073
       -0.0000002270   0.0000003504  -0.0002098694   0.0000003306  -0.0000001263
       -0.0031069034  -0.0000002881   0.0000003198   0.0000404492   0.0000000750
       -0.0000000564  -0.0013697718   0.0000007115  -0.0000008074  -0.0000733005
       -0.0000002766   0.0000003362  -0.0003342211   0.0000228012   0.0000475859
       -0.0000090075  -0.0000001743   0.0000003521  -0.0000093218  -0.0000227153
       -0.0000476269  -0.0000090556   0.0000000359   0.0000000082  -0.0026812974
        0.0000001149  -0.0000060971   0.0237457502  -0.0000000550   0.0000007672
        0.0004014034   0.0000000260  -0.0000002533   0.0000197121   0.0000000612
       -0.0000002746  -0.0004249552
       -0.1496142606   0.0543443132  -0.0000126043  -0.0532224619  -0.0011685451
       -0.0000009655  -0.0059933277  -0.0201142810   0.0000001769  -0.0257371833
        0.0156023459  -0.0000001098   0.0168338829   0.0003758079   0.0000007970
       -0.0101503432   0.0386820305  -0.0000022371   0.0222607418  -0.0116696802
       -0.0000001884  -0.0032939760  -0.0005860542  -0.0000000535   0.0001480551
        0.0021846861  -0.0000000722   0.0085006052   0.0060485439  -0.0000017402
       -0.0000071291  -0.0020480265   0.0000008439  -0.0002215076   0.0002792896
       -0.0003653684   0.0001331099   0.0000542659  -0.0000004124  -0.0002212566
        0.0002792354   0.0003648777   0.0003819248  -0.0024770175   0.0000004901
        0.0006101266  -0.0005548316  -0.0000000550   0.7688422579   0.1197260709
       -0.0000528817  -0.5264777299  -0.2061126716   0.0000727680  -0.0427715284
        0.0071545185  -0.0000032653
        0.0811363086  -0.1223710822   0.0000086512  -0.0053142881   0.0070292425
       -0.0000014533  -0.0009572380   0.0035417181   0.0000001930   0.0040874325
       -0.0056352138   0.0000002272  -0.0009340987  -0.0063368865   0.0000008711
        0.0262330773  -0.0262479889   0.0000023136  -0.0053934202   0.0030215683
        0.0000001876   0.0007687675   0.0001044631   0.0000005001  -0.0034269179
        0.0009190257  -0.0000006265  -0.0047016782  -0.0014179641  -0.0000001241
        0.0002757274   0.0003753334  -0.0000004191  -0.0000336054   0.0000407445
        0.0002161562   0.0000002555  -0.0000753994  -0.0000002332  -0.0000335360
        0.0000412053  -0.0002172030   0.0007806439  -0.0004049167   0.0000005606
        0.0011704083  -0.0007333837   0.0000007672   0.1197260709   0.5369203474
       -0.0000420851  -0.2128732842  -0.1729172584   0.0000321062  -0.0005106250
       -0.2158535548  -0.0000003899
       -0.0000136131   0.0000084689  -0.0594676926   0.0000002336   0.0000005537
       -0.0028869519   0.0000006855   0.0000010096   0.0071577525   0.0000007497
       -0.0000002962   0.0007045621  -0.0000009983   0.0000003799   0.0069673406
       -0.0000005658  -0.0000010034  -0.0015199666  -0.0000002246  -0.0000000228
       -0.0016850115   0.0000000517   0.0000000887   0.0000241792   0.0000005034
       -0.0000001649  -0.0026269246  -0.0000012986  -0.0000003508   0.0005655224
        0.0000001644  -0.0000001263  -0.0001161648   0.0000090504   0.0000141449
        0.0000135265  -0.0000000352   0.0000001419   0.0000402828  -0.0000089545
       -0.0000142247   0.0000134466   0.0000001068   0.0000001129  -0.0026928528
       -0.0000001836   0.0000000943   0.0004014034  -0.0000528817  -0.0000420851
        0.1511657576   0.0000694141   0.0000316089  -0.0488774728  -0.0000022043
        0.0000016705  -0.0471807361
       -0.0903008237   0.0044974745   0.0000067682   0.0041276795   0.0101465547
       -0.0000003590   0.0011867372   0.0101113389  -0.0000009199   0.0144009697
       -0.0101563054  -0.0000000257  -0.0079870013  -0.0017898226  -0.0000007726
        0.0040858905  -0.0170682053   0.0000010191  -0.0127480947   0.0067482956
        0.0000001220   0.0020165295   0.0003199188  -0.0000000183   0.0009747634
        0.0000020308   0.0000002575  -0.0073413051  -0.0031719067   0.0000009053
        0.0000147989   0.0011720547  -0.0000006186   0.0002064741  -0.0001399858
        0.0001229745  -0.0001039739   0.0000201464   0.0000001935   0.0002063508
       -0.0001400052  -0.0001227274   0.0003405252   0.0009008452   0.0000001162
       -0.0000856131   0.0001256940   0.0000000260  -0.5264777299  -0.2128732842
        0.0000694141   0.6373131441   0.2474056713  -0.0000839169  -0.0198293209
       -0.0361105099   0.0000075621
       -0.0017593922   0.0210537486  -0.0000007361   0.0060832382   0.0005661659
        0.0000003248   0.0004855910   0.0036542464  -0.0000002259   0.0046708836
       -0.0023585296  -0.0000001023  -0.0037504661   0.0007162491  -0.0000003473
        0.0040155955  -0.0057172327   0.0000000540  -0.0036193971   0.0019359413
       -0.0000003340   0.0006186058   0.0001345905   0.0000000736   0.0009540498
        0.0000435009   0.0000002601  -0.0007679598  -0.0007257288  -0.0000002737
       -0.0000573664   0.0002991437   0.0000000926   0.0000796998  -0.0000703551
       -0.0000335288  -0.0000519008   0.0000415791   0.0000005086   0.0000796683
       -0.0000705422   0.0000338736   0.0000441948   0.0012901750  -0.0000001532
       -0.0001655712   0.0001148684  -0.0000002533  -0.2061126716  -0.1729172584
        0.0000316089   0.2474056713   0.1816211594  -0.0000397243  -0.0481524730
       -0.0296117215   0.0000088826
        0.0000056236  -0.0000005829   0.0137681949  -0.0000011434  -0.0000011161
        0.0038561551  -0.0000012169  -0.0000013197  -0.0013670392  -0.0000011507
        0.0000007589  -0.0004690274   0.0000009633   0.0000000103  -0.0008199487
       -0.0000009006   0.0000022792  -0.0001085638   0.0000010483  -0.0000006242
        0.0003936458  -0.0000002318   0.0000001586   0.0001111636  -0.0000001957
        0.0000000689   0.0003533754   0.0000019098   0.0000003332  -0.0004725653
        0.0000000131  -0.0000000767   0.0000577896  -0.0000051138   0.0000172129
       -0.0000146827  -0.0000001509   0.0000003024  -0.0000457177   0.0000050355
       -0.0000171519  -0.0000148607  -0.0000001732  -0.0000001801   0.0002573764
        0.0000000803  -0.0000000538   0.0000197121   0.0000727680   0.0000321062
       -0.0488774728  -0.0000839169  -0.0000397243   0.0184613457   0.0000067517
        0.0000075989   0.0149111198
       -0.0002720293   0.0211228491  -0.0000008864   0.0004313387   0.0032090625
       -0.0000001679   0.0003349612  -0.0004485115   0.0000000052   0.0002850038
        0.0000469607   0.0000000226   0.0001684628   0.0012968599  -0.0000000500
       -0.0041675537   0.0022155928  -0.0000002556  -0.0000192105  -0.0001110071
        0.0000000320  -0.0000175974  -0.0000042247   0.0000002371  -0.0009580297
       -0.0006618632  -0.0000000071  -0.0001952565  -0.0001301957  -0.0000001232
       -0.0000227210   0.0001449692   0.0000000883  -0.0000186792  -0.0000211084
        0.0000737742   0.0000346491  -0.0000266539   0.0000002692  -0.0000187184
       -0.0000210367  -0.0000737123  -0.0002646330  -0.0001425155  -0.0000000716
       -0.0003407437   0.0001950273   0.0000000612  -0.0427715284  -0.0005106250
       -0.0000022043  -0.0198293209  -0.0481524730   0.0000067517   0.0676416061
        0.0219988929  -0.0000037630
        0.0039646513  -0.0270085252   0.0000031038  -0.0025292363   0.0009152281
       -0.0000001476  -0.0009975264  -0.0009299966  -0.0000001529  -0.0020376566
        0.0013071850  -0.0000000848   0.0004641668  -0.0012570885  -0.0000001752
        0.0046645523  -0.0008523983   0.0000005997   0.0015812953  -0.0008636244
       -0.0000002313  -0.0001847590   0.0000162521   0.0000000690   0.0009628934
        0.0005043712   0.0000002139   0.0009025251   0.0003925426  -0.0000004632
       -0.0000837931  -0.0000315067   0.0000002057   0.0000257339   0.0000172893
       -0.0000782255  -0.0000337541   0.0000294879   0.0000003170   0.0000257669
        0.0000171701   0.0000784544  -0.0001510128   0.0006113182  -0.0000000520
        0.0003832518  -0.0002661321  -0.0000002746   0.0071545185  -0.2158535548
        0.0000016705  -0.0361105099  -0.0296117215   0.0000075989   0.0219988929
        0.2728637036  -0.0000124256
       -0.0000002353   0.0000031102   0.0129239774   0.0000001188  -0.0000002114
       -0.0008025444   0.0000000743  -0.0000000720  -0.0007163016  -0.0000005326
        0.0000000621   0.0000165011   0.0000004981   0.0000001089  -0.0013564900
       -0.0000008521   0.0000011312   0.0037508850   0.0000002865  -0.0000001997
        0.0001837359   0.0000000205  -0.0000000623   0.0001496902  -0.0000000131
        0.0000000019   0.0004889157  -0.0000000998   0.0000002637  -0.0000736847
        0.0000001793  -0.0000002171   0.0000408814  -0.0000008429  -0.0000009619
       -0.0000044487  -0.0000000072   0.0000000347  -0.0000180147   0.0000008210
        0.0000010137  -0.0000045467   0.0000000565  -0.0000000689   0.0002280137
       -0.0000000058  -0.0000000002  -0.0004249552  -0.0000032653  -0.0000003899
       -0.0471807361   0.0000075621   0.0000088826   0.0149111198  -0.0000037630
       -0.0000124256   0.0178880018
