           1           2   1.31844074310099     
           2           3   1.44533506448511     
           3           4   1.24978948236156     
           4           5   1.36861575167393     
           1           6   1.35350516592921     
           5           6   1.46584734631904     
           4           7   1.12836069243904     
           7           8  0.822442962661038     
           2           9  0.959630064850662     
           3          10   1.05495782659050     
          10          11  0.966119863234741     
          11          12  0.976597337894519     
          11          13  0.976008250181013     
          11          14  0.976598670730266     
           6          15  0.965122026901005     
           5          16  0.963017153238764     
           1          17   1.11387833403043     
          17          18   1.77859352864554     
          17          19  0.933205044123235     
