           1           2   1.32157153677827     
           2           3   1.43752553363682     
           3           4   1.25605870484796     
           4           5   1.37353532504857     
           1           6   1.35752585542973     
           5           6   1.46085124558534     
           4           7   1.11620526376871     
           7           8  0.825177908840250     
           2           9  0.959515634560851     
           3          10   1.06045668884225     
          10          11  0.961241010787183     
          11          12  0.976937496319571     
          11          13  0.976562061834566     
          11          14  0.976940118409937     
           6          15  0.965322635157758     
           5          16  0.963123836602148     
           1          17   1.10752010988418     
          17          18   1.78219373399305     
          17          19  0.933977548945831     
