$hessian                                                                        
        0.6485603920   0.0051350579  -0.0008546958  -0.3118743556   0.0116867959
       -0.0002844267  -0.0042097926   0.0870640179  -0.0012720998  -0.0538671706
       -0.0237325553  -0.0004400493   0.0464252992  -0.0542096274   0.0009397455
       -0.2076438302  -0.0877239174   0.0014158044  -0.0238859539  -0.0209401632
        0.0001895747   0.0008226919   0.0025616892   0.0000187046   0.0004670418
        0.0059498716   0.0022213735  -0.0000031881  -0.0000457405  -0.0012468305
        0.0006569474  -0.0001359921  -0.0003141684  -0.0229913427   0.0021180242
        0.0001572066  -0.0652256650   0.0706697441  -0.0006076938  -0.0064249135
        0.0022921844   0.0002106659   0.0001491182  -0.0004988391  -0.0001021289
        0.0001311022  -0.0000217872  -0.0000002702  -0.0005672368  -0.0001172109
       -0.0000447513  -0.0005191436  -0.0000515520   0.0000140393
        0.0051350579   0.6766183832  -0.0059368169   0.0880872349  -0.1010148765
        0.0004721170   0.0363024300  -0.0014838976   0.0001088528  -0.0214458842
       -0.0004498609   0.0004122947   0.0024345816  -0.0641220371   0.0009342183
       -0.1642110878  -0.2261711946   0.0023716563   0.0038636014   0.0041291598
       -0.0001669138   0.0018293816  -0.0052190861   0.0001619331   0.0018699925
       -0.0027268476  -0.0013091361   0.0003456078   0.0005790557   0.0001795290
       -0.0002580206   0.0000821094   0.0005250441  -0.0222607348   0.0032032281
       -0.0000922419   0.0703672487  -0.2788293015   0.0022476752  -0.0018736025
       -0.0056315278   0.0001321056   0.0000128917   0.0012016338  -0.0000422917
       -0.0000887448   0.0002323291  -0.0000018630  -0.0000570942  -0.0002009198
        0.0001254281  -0.0000528592  -0.0001963495  -0.0001215909
       -0.0008546958  -0.0059368169   0.1081239935  -0.0008392614   0.0004787213
       -0.0428588403  -0.0002437218  -0.0000926138  -0.0020131409   0.0002920214
        0.0000184485  -0.0041171191  -0.0000975094   0.0007595240   0.0019529634
        0.0022371705   0.0021722421  -0.0450693769   0.0000839840   0.0000681099
       -0.0001300672   0.0000472558   0.0001031224   0.0071741602   0.0000657265
        0.0000004605  -0.0000924928  -0.0000885966  -0.0000092627   0.0000592106
        0.0000048253  -0.0000005475  -0.0000632828   0.0001272753  -0.0000160476
        0.0000246765  -0.0005758370   0.0022981614  -0.0305977310  -0.0001554646
        0.0001383502   0.0070556226  -0.0000165701   0.0000196819   0.0008171369
       -0.0000002392  -0.0000000722   0.0000261941   0.0004390609  -0.0001746438
       -0.0001384263  -0.0004254237   0.0001731821  -0.0001534803
       -0.3118743556   0.0880872349  -0.0008392614   0.6578184785   0.0050276464
        0.0008394777  -0.1132040703   0.0226116965   0.0002552946   0.0469570969
        0.0069121704   0.0002064524  -0.0285437459   0.0334581256  -0.0005340409
       -0.0578681118  -0.0626597709   0.0007550389  -0.0021313727  -0.0032845710
        0.0000920059   0.0000302462   0.0007014370  -0.0000499320  -0.0034077733
       -0.0083228307  -0.0018498699   0.0004671899  -0.0009568576   0.0008783866
       -0.0013242097  -0.0000066692   0.0005552743  -0.1553816651  -0.1284556392
        0.0003559350  -0.0110162887   0.0040694175   0.0000255996  -0.0221262580
        0.0400676437  -0.0008005227   0.0008341685   0.0025058153   0.0001066736
        0.0002366774   0.0001839457   0.0000042450   0.0002969613   0.0000537736
       -0.0000588663   0.0002370324   0.0000074319   0.0000581097
        0.0116867959  -0.1010148765   0.0004787213   0.0050276464   0.6697237280
       -0.0038403358   0.1006267760  -0.3173408233   0.0010765584  -0.0418540099
       -0.0591514730  -0.0004606702   0.0241607944  -0.0239600646   0.0003672141
       -0.0054662687   0.0414730646  -0.0004071429  -0.0037985585  -0.0024425306
        0.0000876620   0.0008331676   0.0004160132  -0.0000260762  -0.0040425977
        0.0056851796   0.0038672307  -0.0000763122  -0.0014053762  -0.0017391196
        0.0010512710   0.0004131756  -0.0008341782  -0.1285430903  -0.1902133545
        0.0010155077   0.0287415245  -0.0094541703   0.0000087088   0.0120745551
       -0.0130972065   0.0005196450   0.0001654109   0.0004347603  -0.0000894926
       -0.0007883069  -0.0006081818  -0.0000104023   0.0000955216   0.0002432848
       -0.0006355290   0.0001056808   0.0002988513   0.0006216988
       -0.0002844267   0.0004721170  -0.0428588403   0.0008394777  -0.0038403358
        0.1062778595  -0.0009056369   0.0018926036  -0.0425796151   0.0000844723
        0.0002157208  -0.0030762646  -0.0000749573   0.0000877156  -0.0030152050
        0.0001059258  -0.0002144897   0.0013590308   0.0000948026   0.0001033758
        0.0074124345  -0.0000095973  -0.0000086584  -0.0001592449  -0.0004148413
        0.0008649104   0.0049389773   0.0001094798  -0.0006769458   0.0011772394
        0.0000830179  -0.0003954831  -0.0001817364   0.0005683537   0.0008341239
       -0.0305583580  -0.0002437576   0.0000685772  -0.0005176243   0.0000723826
        0.0005159579   0.0026485088  -0.0000385928   0.0000311343  -0.0013556848
        0.0000015165   0.0000135414   0.0002955601  -0.0000545605   0.0004648058
        0.0001000845   0.0000669416  -0.0004286709   0.0000928786
       -0.0042097926   0.0363024300  -0.0002437218  -0.1132040703   0.1006267760
       -0.0009056369   0.5703316327  -0.0148625630   0.0027430703  -0.1511790422
       -0.1432636878   0.0001859832  -0.0555157151   0.0006983836   0.0000665715
       -0.0004240427  -0.0210200889   0.0001122231   0.0017991346  -0.0004317706
       -0.0000265753  -0.0039316648   0.0015199565   0.0000903733   0.0005439782
        0.0124284167   0.0027678616  -0.0011624444   0.0018788129  -0.0001519202
        0.0002507819   0.0029817738  -0.0025232930   0.0054686908  -0.0213240825
        0.0001914775  -0.0043483119   0.0006259854  -0.0000361706  -0.2054419856
        0.0476550159  -0.0017579648  -0.0392805136  -0.0029741686  -0.0005629193
       -0.0038488015  -0.0031964904  -0.0000071876   0.0020642542   0.0011852983
        0.0018096865   0.0020879123   0.0011700027  -0.0017518574
        0.0870640179  -0.0014838976  -0.0000926138   0.0226116965  -0.3173408233
        0.0018926036  -0.0148625630   0.6894532404  -0.0037388225  -0.0663265887
       -0.1722593828   0.0028123325  -0.0460247257   0.0403519717  -0.0005275314
       -0.0169249413  -0.0526931300   0.0004973449  -0.0004657904  -0.0007061930
        0.0000944142   0.0024925464   0.0002828948   0.0000030530  -0.0179915629
       -0.0620911480  -0.0057592999   0.0035681047  -0.0044223415   0.0010270417
       -0.0034187457  -0.0001396311   0.0025266995   0.0027846753  -0.0250409900
       -0.0000719216   0.0003603550   0.0012768352   0.0001176459   0.0714871683
       -0.1084893172   0.0015544505  -0.0194003666   0.0147679972  -0.0003041038
       -0.0035107588  -0.0026172137  -0.0000113876  -0.0007024250   0.0006084141
       -0.0003315581  -0.0007400960   0.0005427148   0.0003116530
       -0.0012720998   0.0001088528  -0.0020131409   0.0002552946   0.0010765584
       -0.0425796151   0.0027430703  -0.0037388225   0.1173813360   0.0002130273
        0.0008464978  -0.0522734252   0.0002681007  -0.0006267204  -0.0027759608
        0.0002787443   0.0006429552  -0.0040910684   0.0000001106   0.0000119864
        0.0005965747   0.0001011010   0.0000969624   0.0079165657  -0.0003340791
       -0.0006903999   0.0028708324   0.0001183644   0.0009792985   0.0019726327
        0.0004538849   0.0001791276   0.0001330252  -0.0000109259   0.0000429736
        0.0001635615  -0.0000232504   0.0000632447   0.0067398733  -0.0027445781
        0.0012466949  -0.0317697706  -0.0001156167  -0.0002508622  -0.0038697448
        0.0000223031   0.0000057837   0.0005532412  -0.0012963186   0.0001511070
        0.0005071968   0.0013428672  -0.0001452379   0.0005378864
       -0.0538671706  -0.0214458842   0.0002920214   0.0469570969  -0.0418540099
        0.0000844723  -0.1511790422  -0.0663265887   0.0002130273   0.6787705171
       -0.0265733380  -0.0035690207  -0.3097169194   0.0067761278   0.0016696922
       -0.0078526469   0.0871722609  -0.0003042168   0.0009950724   0.0011221171
        0.0000035704  -0.0240292812   0.0011892184  -0.0001362524  -0.1063598618
        0.0640122322  -0.0045126885   0.0082849955  -0.0184534363   0.0002238295
       -0.0144975554   0.0306760518   0.0062179476  -0.0000078484   0.0028124898
       -0.0000986531  -0.0004910447  -0.0007182810  -0.0000262790  -0.0618387413
       -0.0196208407   0.0000775055  -0.0030635125   0.0031782836  -0.0001120460
       -0.0010629110  -0.0011884592  -0.0000036395  -0.0005185962  -0.0003837221
       -0.0003862989  -0.0005225502  -0.0003742214   0.0003670287
       -0.0237325553  -0.0004498609   0.0000184485   0.0069121704  -0.0591514730
        0.0002157208  -0.1432636878  -0.1722593828   0.0008464978  -0.0265733380
        0.6578338227  -0.0012207856   0.0791664492  -0.1005446994   0.0006419311
        0.0358837495   0.0014801843  -0.0003276043   0.0011058593  -0.0046469904
        0.0001170037  -0.0237114289   0.0021527997   0.0003893647   0.0674108595
       -0.2835220016   0.0188841789  -0.0008980761  -0.0297852973  -0.0112945390
        0.0125968557  -0.0065036412  -0.0083653731   0.0018132656  -0.0037650971
        0.0001764735  -0.0007123626   0.0017763712  -0.0000017829   0.0137437793
        0.0009256349  -0.0003895140   0.0005141706  -0.0042784745   0.0003381195
        0.0009523197   0.0002387461   0.0000054168  -0.0005850123   0.0002324728
       -0.0001349299  -0.0006230176   0.0002668865   0.0001013734
       -0.0004400493   0.0004122947  -0.0041171191   0.0002064524  -0.0004606702
       -0.0030762646   0.0001859832   0.0028123325  -0.0522734252  -0.0035690207
       -0.0012207856   0.1249032766   0.0006725227   0.0002343093  -0.0459985063
        0.0001398512  -0.0000892307  -0.0022694106  -0.0000515133   0.0001181443
        0.0075647619   0.0002739771  -0.0002246554   0.0005891080   0.0084220394
       -0.0188523847  -0.0309584261  -0.0033432561   0.0101420025  -0.0035143884
       -0.0033169035   0.0079673909  -0.0032394352   0.0000057438   0.0001123343
        0.0080478520  -0.0000205450   0.0000616526   0.0005614751   0.0010918317
       -0.0008492224   0.0025037043  -0.0002303730  -0.0002222571   0.0013395138
       -0.0000025732  -0.0000175309   0.0001068037   0.0001797490  -0.0000048789
       -0.0000721159  -0.0002039165   0.0000811549  -0.0000974042
        0.0464252992   0.0024345816  -0.0000975094  -0.0285437459   0.0241607944
       -0.0000749573  -0.0555157151  -0.0460247257   0.0002681007  -0.3097169194
        0.0791664492   0.0006725227   0.6502632039  -0.0048304483  -0.0035607734
       -0.1131562987   0.0328638342  -0.0003313891  -0.0121244492   0.0285149949
       -0.0001734321  -0.1624983281  -0.1266235981   0.0011928337  -0.0220990197
        0.0198602704   0.0038322355   0.0000610728  -0.0025236381  -0.0006987473
        0.0012388614   0.0020122433  -0.0011545656   0.0002189206   0.0008587252
        0.0000330234  -0.0020272287  -0.0037779954   0.0001017177   0.0097020713
       -0.0061828461  -0.0000967701  -0.0027179312  -0.0006340447   0.0000811405
       -0.0001452727  -0.0000626196  -0.0000020677   0.0003233550   0.0004052812
        0.0003711734   0.0003121245   0.0003827417  -0.0003625357
       -0.0542096274  -0.0641220371   0.0007595240   0.0334581256  -0.0239600646
        0.0000877156   0.0006983836   0.0403519717  -0.0006267204   0.0067761278
       -0.1005446994   0.0002343093  -0.0048304483   0.6795352046  -0.0037955033
        0.1070851730  -0.3146541165   0.0023601688   0.0039977625  -0.0079152277
       -0.0001031923  -0.1267622955  -0.1802857133   0.0018496623   0.0437539907
       -0.0200487998  -0.0007510500   0.0028421517   0.0021327917  -0.0000180629
        0.0013959883  -0.0060873189  -0.0002371437   0.0006915205   0.0002155156
        0.0000477193  -0.0031768713  -0.0027226034   0.0000938702  -0.0099850774
       -0.0014010205   0.0002116118  -0.0009409235   0.0000535198  -0.0000902735
       -0.0002851625  -0.0002744507  -0.0000080277  -0.0002598850  -0.0001530494
       -0.0001380346  -0.0002489328  -0.0001199021   0.0001234271
        0.0009397455   0.0009342183   0.0019529634  -0.0005340409   0.0003672141
       -0.0030152050   0.0000665715  -0.0005275314  -0.0027759608   0.0016696922
        0.0006419311  -0.0459985063  -0.0035607734  -0.0037955033   0.1056734881
       -0.0008424622   0.0013938945  -0.0420582288   0.0000506970  -0.0000942830
       -0.0000787611   0.0014729395   0.0020632293  -0.0310369490   0.0011173817
       -0.0012595035   0.0036359117   0.0000926805  -0.0003445403  -0.0006088683
       -0.0006856892   0.0004361215   0.0013457355  -0.0000021868  -0.0000051159
       -0.0001506130   0.0000589861   0.0000999260   0.0071433478   0.0001685973
        0.0000722233   0.0049327851  -0.0000219697   0.0000021554   0.0010049191
       -0.0000000936  -0.0000011687  -0.0000003385   0.0001928391   0.0000823719
        0.0000230951  -0.0001829144  -0.0000656394   0.0000111850
       -0.2076438302  -0.1642110878   0.0022371705  -0.0578681118  -0.0054662687
        0.0001059258  -0.0004240427  -0.0169249413   0.0002787443  -0.0078526469
        0.0358837495   0.0001398512  -0.1131562987   0.1070851730  -0.0008424622
        0.6759739511   0.0026860168  -0.0026183111  -0.2873661639   0.0536977905
        0.0009948947   0.0046498259  -0.0202209601   0.0002291066  -0.0052963166
       -0.0017669014  -0.0012726586  -0.0003000425  -0.0001530316   0.0003146106
       -0.0007150931   0.0014437890   0.0005441595  -0.0055279531   0.0012860374
       -0.0000481355   0.0052465475   0.0060442219  -0.0000530217   0.0000836685
        0.0003335957  -0.0000344014  -0.0001522209   0.0001524389   0.0000253293
        0.0000704037   0.0001337300  -0.0000040761   0.0001435802   0.0000058004
        0.0001629107   0.0001347434  -0.0000091521  -0.0001596366
       -0.0877239174  -0.2261711946   0.0021722421  -0.0626597709   0.0414730646
       -0.0002144897  -0.0210200889  -0.0526931300   0.0006429552   0.0871722609
        0.0014801843  -0.0000892307   0.0328638342  -0.3146541165   0.0013938945
        0.0026860168   0.6572310061  -0.0051620673   0.0538318413  -0.0560723024
        0.0002138282   0.0043336206  -0.0243112834   0.0002910846  -0.0025339162
        0.0009537624   0.0010577393  -0.0008057794  -0.0004949703   0.0003376287
        0.0002818522   0.0000001637  -0.0008912669   0.0019475622   0.0010523086
        0.0000249043  -0.0188044283  -0.0250280037   0.0002843403   0.0107185858
       -0.0031483051  -0.0001839654  -0.0010911253  -0.0004137592   0.0000967165
       -0.0000342596   0.0001022402   0.0000026806   0.0004345272   0.0003781584
        0.0003492555   0.0004031846   0.0003161769  -0.0003262496
        0.0014158044   0.0023716563  -0.0450693769   0.0007550389  -0.0004071429
        0.0013590308   0.0001122231   0.0004973449  -0.0040910684  -0.0003042168
       -0.0003276043  -0.0022694106  -0.0003313891   0.0023601688  -0.0420582288
       -0.0026183111  -0.0051620673   0.1120759327   0.0008789426   0.0000367158
       -0.0326932133  -0.0000660538   0.0002596684  -0.0004872595  -0.0001091811
        0.0011890490   0.0050822879  -0.0002728979  -0.0005753070   0.0003130363
        0.0004677037  -0.0004906273   0.0013848765  -0.0000722957   0.0000016448
        0.0070106176   0.0001671078   0.0002218589  -0.0005636596  -0.0000388025
        0.0000110030  -0.0001726222   0.0000138362   0.0000245231   0.0002002329
        0.0000006310  -0.0000032295  -0.0000005875   0.0000609954  -0.0000208450
       -0.0000137964  -0.0000591353   0.0000131902  -0.0000067916
       -0.0238859539   0.0038636014   0.0000839840  -0.0021313727  -0.0037985585
        0.0000948026   0.0017991346  -0.0004657904   0.0000001106   0.0009950724
        0.0011058593  -0.0000515133  -0.0121244492   0.0039977625   0.0000506970
       -0.2873661639   0.0538318413   0.0008789426   0.3240849991  -0.0596923857
       -0.0010752955   0.0009791136  -0.0005333167  -0.0000238801  -0.0010877151
        0.0009155322   0.0002894759  -0.0000648568  -0.0001005704  -0.0001578428
        0.0001016478   0.0001548654  -0.0000317506  -0.0014596218   0.0000833988
       -0.0000110007   0.0007937691   0.0004035603  -0.0000251581  -0.0007892492
        0.0000012827  -0.0000188519   0.0000980810   0.0003197541  -0.0000035914
       -0.0000235645   0.0000414869  -0.0000008821   0.0000392253  -0.0000637470
        0.0000079889   0.0000419041  -0.0000645761  -0.0000062351
       -0.0209401632   0.0041291598   0.0000681099  -0.0032845710  -0.0024425306
        0.0001033758  -0.0004317706  -0.0007061930   0.0000119864   0.0011221171
       -0.0046469904   0.0001181443   0.0285149949  -0.0079152277  -0.0000942830
        0.0536977905  -0.0560723024   0.0000367158  -0.0596923857   0.0670660032
       -0.0001182214   0.0007728848   0.0006981658  -0.0000260045   0.0017660484
       -0.0007894854  -0.0001054740   0.0001221170   0.0001887522   0.0000490992
        0.0001134581  -0.0004291068   0.0000121856  -0.0010959305   0.0000722433
       -0.0000096570  -0.0007556378   0.0008037256  -0.0000281176   0.0000786353
       -0.0001131722  -0.0000182897  -0.0000456104   0.0001214157  -0.0000039715
        0.0000109240   0.0000450552  -0.0000003857   0.0000245417  -0.0000022431
        0.0000461493   0.0000225575  -0.0000072690  -0.0000413619
        0.0001895747  -0.0001669138  -0.0001300672   0.0000920059   0.0000876620
        0.0074124345  -0.0000265753   0.0000944142   0.0005965747   0.0000035704
        0.0001170037   0.0075647619  -0.0001734321  -0.0001031923  -0.0000787611
        0.0009948947   0.0002138282  -0.0326932133  -0.0010752955  -0.0001182214
        0.0238236428  -0.0000433395  -0.0000235869  -0.0025866637  -0.0000695303
       -0.0000089569   0.0000376695   0.0000287321  -0.0000186275   0.0000373931
        0.0000333475  -0.0000102662  -0.0001094839   0.0000309495  -0.0000023848
        0.0002439735  -0.0000024606  -0.0000319205  -0.0025414526   0.0000066589
       -0.0000251682  -0.0013327612   0.0000110698  -0.0000037417  -0.0002835837
        0.0000003545  -0.0000003353  -0.0000049104  -0.0001025992   0.0000264353
        0.0000194480   0.0001020744  -0.0000260280   0.0000249992
        0.0008226919   0.0018293816   0.0000472558   0.0000302462   0.0008331676
       -0.0000095973  -0.0039316648   0.0024925464   0.0001011010  -0.0240292812
       -0.0237114289   0.0002739771  -0.1624983281  -0.1267622955   0.0014729395
        0.0046498259   0.0043336206  -0.0000660538   0.0009791136   0.0007728848
       -0.0000433395   0.1843977826   0.1413608370  -0.0015389168   0.0015099069
       -0.0010270265   0.0002899580  -0.0004302347   0.0010877206  -0.0006209142
        0.0007345292  -0.0001170902   0.0001324711  -0.0000208923   0.0000023507
       -0.0000203839   0.0001476540   0.0001944925  -0.0000074135  -0.0017549668
       -0.0013205925   0.0000026163  -0.0005313071   0.0001452055  -0.0000107596
       -0.0001409494  -0.0000928225  -0.0000006232   0.0000307513  -0.0000106930
       -0.0000081341   0.0000351229  -0.0000102582   0.0000058171
        0.0025616892  -0.0052190861   0.0001031224   0.0007014370   0.0004160132
       -0.0000086584   0.0015199565   0.0002828948   0.0000969624   0.0011892184
        0.0021527997  -0.0002246554  -0.1266235981  -0.1802857133   0.0020632293
       -0.0202209601  -0.0243112834   0.0002596684  -0.0005333167   0.0006981658
       -0.0000235869   0.1413608370   0.2062573667  -0.0023380326   0.0011187314
        0.0016824391  -0.0002593083  -0.0001478131  -0.0000615337   0.0001904303
        0.0001870277  -0.0001555078   0.0001499286  -0.0000061316  -0.0000506304
       -0.0000082580  -0.0009980905  -0.0016380816   0.0000545672  -0.0003984723
       -0.0000253472  -0.0000351708   0.0002597398   0.0003144698  -0.0000176122
       -0.0000082003   0.0000380522  -0.0000031144   0.0000185529  -0.0000488601
       -0.0000058539   0.0000193927  -0.0000461578   0.0000063421
        0.0000187046   0.0001619331   0.0071741602  -0.0000499320  -0.0000260762
       -0.0001592449   0.0000903733   0.0000030530   0.0079165657  -0.0001362524
        0.0003893647   0.0005891080   0.0011928337   0.0018496623  -0.0310369490
        0.0002291066   0.0002910846  -0.0004872595  -0.0000238801  -0.0000260045
       -0.0025866637  -0.0015389168  -0.0023380326   0.0226125251   0.0000383108
       -0.0008223312  -0.0019305712   0.0002118485   0.0003529830  -0.0004975291
       -0.0001683083   0.0001215154   0.0000545247   0.0000205710   0.0000072750
       -0.0014561798   0.0000172481   0.0000436068   0.0003885073   0.0001068578
        0.0000396425  -0.0001999365  -0.0000075858  -0.0000478265  -0.0003495421
        0.0000044576   0.0000002353  -0.0000127997  -0.0000568468  -0.0000282010
       -0.0000098027   0.0000514103   0.0000281164  -0.0000089130
        0.0004670418   0.0018699925   0.0000657265  -0.0034077733  -0.0040425977
       -0.0004148413   0.0005439782  -0.0179915629  -0.0003340791  -0.1063598618
        0.0674108595   0.0084220394  -0.0220990197   0.0437539907   0.0011173817
       -0.0052963166  -0.0025339162  -0.0001091811  -0.0010877151   0.0017660484
       -0.0000695303   0.0015099069   0.0011187314   0.0000383108   0.7026135263
        0.0335656383   0.0115469015  -0.2014485114  -0.1566526504   0.0926907919
       -0.3726583931   0.0386095432  -0.1132404962   0.0001722629  -0.0011274941
        0.0000453389  -0.0000155830   0.0002491294   0.0000409674   0.0071435892
       -0.0052365294  -0.0000602998  -0.0000192424  -0.0009297825   0.0002597483
        0.0001328408   0.0000284393   0.0000076548  -0.0000574915   0.0000976421
        0.0000362757  -0.0001332382   0.0000445184  -0.0000427091
        0.0059498716  -0.0027268476   0.0000004605  -0.0083228307   0.0056851796
        0.0008649104   0.0124284167  -0.0620911480  -0.0006903999   0.0640122322
       -0.2835220016  -0.0188523847   0.0198602704  -0.0200487998  -0.0012595035
       -0.0017669014   0.0009537624   0.0011890490   0.0009155322  -0.0007894854
       -0.0000089569  -0.0010270265   0.0016824391  -0.0008223312   0.0335656383
        0.6096621533  -0.1205428680  -0.1559696337  -0.2031062255   0.1125902783
        0.0402788087  -0.0507413549   0.0279836840   0.0001642276  -0.0018386227
       -0.0001374345   0.0002290441  -0.0006505306  -0.0002414063  -0.0129599984
        0.0057772692   0.0001341389   0.0024388428   0.0025288323  -0.0002613952
       -0.0001529789   0.0001840688  -0.0000012529   0.0001539321  -0.0004729722
        0.0001164139   0.0002025532  -0.0004857165  -0.0000610019
        0.0022213735  -0.0013091361  -0.0000924928  -0.0018498699   0.0038672307
        0.0049389773   0.0027678616  -0.0057592999   0.0028708324  -0.0045126885
        0.0188841789  -0.0309584261   0.0038322355  -0.0007510500   0.0036359117
       -0.0012726586   0.0010577393   0.0050822879   0.0002894759  -0.0001054740
        0.0000376695   0.0002899580  -0.0002593083  -0.0019305712   0.0115469015
       -0.1205428680   0.1020846363   0.0769821385   0.0857164980  -0.0501039654
       -0.0857491719   0.0173787263  -0.0335719655  -0.0000864285  -0.0000721133
       -0.0003510378   0.0001050667  -0.0003339114  -0.0011547557  -0.0050335613
        0.0017845934  -0.0008132355   0.0006205089   0.0008907377   0.0000638163
       -0.0001560421  -0.0000358520  -0.0000480945   0.0000273767   0.0000382671
        0.0001296989  -0.0000224761  -0.0004489584   0.0001807144
       -0.0000031881   0.0003456078  -0.0000885966   0.0004671899  -0.0000763122
        0.0001094798  -0.0011624444   0.0035681047   0.0001183644   0.0082849955
       -0.0008980761  -0.0033432561   0.0000610728   0.0028421517   0.0000926805
       -0.0003000425  -0.0008057794  -0.0002728979  -0.0000648568   0.0001221170
        0.0000287321  -0.0004302347  -0.0001478131   0.0002118485  -0.2014485114
       -0.1559696337   0.0769821385   0.2126278219   0.1718120101  -0.0853183026
       -0.0190108537  -0.0199147244   0.0115639961   0.0000019976   0.0001271048
        0.0000376151  -0.0000085915   0.0000120004   0.0000731827   0.0010659718
       -0.0006641104  -0.0003120487   0.0000067497  -0.0002834005   0.0001208724
        0.0000308236  -0.0000089191   0.0000076084  -0.0000509550  -0.0000293131
       -0.0000044374  -0.0000669448  -0.0000310142  -0.0000069792
       -0.0000457405   0.0005790557  -0.0000092627  -0.0009568576  -0.0014053762
       -0.0006769458   0.0018788129  -0.0044223415   0.0009792985  -0.0184534363
       -0.0297852973   0.0101420025  -0.0025236381   0.0021327917  -0.0003445403
       -0.0001530316  -0.0004949703  -0.0005753070  -0.0001005704   0.0001887522
       -0.0000186275   0.0010877206  -0.0000615337   0.0003529830  -0.1566526504
       -0.2031062255   0.0857164980   0.1718120101   0.2335647771  -0.0946709010
        0.0022362664   0.0028537930  -0.0011041118   0.0001539469  -0.0003980646
        0.0000105979   0.0000185303   0.0001295052   0.0001162851   0.0016193588
        0.0001982305   0.0000630104   0.0000031724  -0.0000352226   0.0000259554
        0.0000278776   0.0000097153   0.0000136341   0.0000232421   0.0000228851
        0.0000186628   0.0000249870   0.0000295260  -0.0000392316
       -0.0012468305   0.0001795290   0.0000592106   0.0008783866  -0.0017391196
        0.0011772394  -0.0001519202   0.0010270417   0.0019726327   0.0002238295
       -0.0112945390  -0.0035143884  -0.0006987473  -0.0000180629  -0.0006088683
        0.0003146106   0.0003376287   0.0003130363  -0.0001578428   0.0000490992
        0.0000373931  -0.0006209142   0.0001904303  -0.0004975291   0.0926907919
        0.1125902783  -0.0501039654  -0.0853183026  -0.0946709010   0.0523084850
       -0.0065593449  -0.0060955374  -0.0004822187   0.0000008446  -0.0000418771
       -0.0003014664  -0.0000842636   0.0000866786  -0.0001694987   0.0008703622
       -0.0005233168  -0.0002149833  -0.0002378379  -0.0003063822   0.0001023942
        0.0000560131   0.0000293194   0.0000012094   0.0000407965   0.0000708961
       -0.0000286127   0.0000003690   0.0001288347  -0.0000500699
        0.0006569474  -0.0002580206   0.0000048253  -0.0013242097   0.0010512710
        0.0000830179   0.0002507819  -0.0034187457   0.0004538849  -0.0144975554
        0.0125968557  -0.0033169035   0.0012388614   0.0013959883  -0.0006856892
       -0.0007150931   0.0002818522   0.0004677037   0.0001016478   0.0001134581
        0.0000333475   0.0007345292   0.0001870277  -0.0001683083  -0.3726583931
        0.0402788087  -0.0857491719  -0.0190108537   0.0022362664  -0.0065593449
        0.4056191807  -0.0536024340   0.0954833547   0.0000197132  -0.0002788137
       -0.0000162961   0.0000866454  -0.0000764643  -0.0000520720  -0.0000087859
       -0.0000442794   0.0004141035  -0.0002072479  -0.0001631322  -0.0003870032
       -0.0002165949  -0.0002365329   0.0000228463  -0.0000895901  -0.0001064450
        0.0000135783   0.0000200169   0.0000433398  -0.0000418730
       -0.0001359921   0.0000821094  -0.0000005475  -0.0000066692   0.0004131756
       -0.0003954831   0.0029817738  -0.0001396311   0.0001791276   0.0306760518
       -0.0065036412   0.0079673909   0.0020122433  -0.0060873189   0.0004361215
        0.0014437890   0.0000001637  -0.0004906273   0.0001548654  -0.0004291068
       -0.0000102662  -0.0001170902  -0.0001555078   0.0001215154   0.0386095432
       -0.0507413549   0.0173787263  -0.0199147244   0.0028537930  -0.0060955374
       -0.0536024340   0.0605572965  -0.0190226842   0.0000120762   0.0000879844
        0.0000343964  -0.0000692107   0.0000502310   0.0000976125  -0.0017008611
       -0.0002781029   0.0000011268  -0.0005513448   0.0000560658  -0.0001701886
       -0.0001167692  -0.0002910402   0.0000324321   0.0001326565   0.0001989406
        0.0000526965   0.0001920968   0.0003259439  -0.0001158116
       -0.0003141684   0.0005250441  -0.0000632828   0.0005552743  -0.0008341782
       -0.0001817364  -0.0025232930   0.0025266995   0.0001330252   0.0062179476
       -0.0083653731  -0.0032394352  -0.0011545656  -0.0002371437   0.0013457355
        0.0005441595  -0.0008912669   0.0013848765  -0.0000317506   0.0000121856
       -0.0001094839   0.0001324711   0.0001499286   0.0000545247  -0.1132404962
        0.0279836840  -0.0335719655   0.0115639961  -0.0011041118  -0.0004822187
        0.0954833547  -0.0190226842   0.0358446172   0.0000549950   0.0001185353
        0.0001479776   0.0000072302   0.0001185387  -0.0001169612   0.0028666689
       -0.0006752390  -0.0009490375  -0.0001298249  -0.0003214594  -0.0000942783
        0.0000839979   0.0000333349   0.0000890897  -0.0000680940  -0.0001431718
       -0.0000977521  -0.0000479026   0.0001266774  -0.0000936946
       -0.0229913427  -0.0222607348   0.0001272753  -0.1553816651  -0.1285430903
        0.0005683537   0.0054686908   0.0027846753  -0.0000109259  -0.0000078484
        0.0018132656   0.0000057438   0.0002189206   0.0006915205  -0.0000021868
       -0.0055279531   0.0019475622  -0.0000722957  -0.0014596218  -0.0010959305
        0.0000309495  -0.0000208923  -0.0000061316   0.0000205710   0.0001722629
        0.0001642276  -0.0000864285   0.0000019976   0.0001539469   0.0000008446
        0.0000197132   0.0000120762   0.0000549950   0.1837273581   0.1424302811
       -0.0005411997   0.0006818737  -0.0006072541   0.0000096750  -0.0002165157
       -0.0012804845   0.0000163129  -0.0018422032   0.0019029657  -0.0000497681
        0.0000355875   0.0003735255   0.0000019407  -0.0014647362   0.0007375809
       -0.0009140997  -0.0014136259   0.0007819984   0.0008402431
        0.0021180242   0.0032032281  -0.0000160476  -0.1284556392  -0.1902133545
        0.0008341239  -0.0213240825  -0.0250409900   0.0000429736   0.0028124898
       -0.0037650971   0.0001123343   0.0008587252   0.0002155156  -0.0000051159
        0.0012860374   0.0010523086   0.0000016448   0.0000833988   0.0000722433
       -0.0000023848   0.0000023507  -0.0000506304   0.0000072750  -0.0011274941
       -0.0018386227  -0.0000721133   0.0001271048  -0.0003980646  -0.0000418771
       -0.0002788137   0.0000879844   0.0001185353   0.1424302811   0.2131584405
       -0.0009105157   0.0008694326   0.0010340052  -0.0000086784  -0.0012148662
        0.0016458011  -0.0000490410   0.0000215806   0.0001829123  -0.0000012970
       -0.0001085583   0.0003342521  -0.0000049644   0.0009158041   0.0001586640
        0.0008861900   0.0009842248   0.0001614043  -0.0008910419
        0.0001572066  -0.0000922419   0.0000246765   0.0003559350   0.0010155077
       -0.0305583580   0.0001914775  -0.0000719216   0.0001635615  -0.0000986531
        0.0001764735   0.0080478520   0.0000330234   0.0000477193  -0.0001506130
       -0.0000481355   0.0000249043   0.0070106176  -0.0000110007  -0.0000096570
        0.0002439735  -0.0000203839  -0.0000082580  -0.0014561798   0.0000453389
       -0.0001374345  -0.0003510378   0.0000376151   0.0000105979  -0.0003014664
       -0.0000162961   0.0000343964   0.0001479776  -0.0005411997  -0.0009105157
        0.0223846674  -0.0000072096  -0.0000380317  -0.0024960994   0.0000336388
       -0.0000495880  -0.0019316274  -0.0000230962   0.0000046498  -0.0002142609
        0.0000059394   0.0000023922  -0.0001914761  -0.0011947699   0.0003263243
       -0.0002165007   0.0011005699  -0.0003253171  -0.0001557065
       -0.0652256650   0.0703672487  -0.0005758370  -0.0110162887   0.0287415245
       -0.0002437576  -0.0043483119   0.0003603550  -0.0000232504  -0.0004910447
       -0.0007123626  -0.0000205450  -0.0020272287  -0.0031768713   0.0000589861
        0.0052465475  -0.0188044283   0.0001671078   0.0007937691  -0.0007556378
       -0.0000024606   0.0001476540  -0.0009980905   0.0000172481  -0.0000155830
        0.0002290441   0.0001050667  -0.0000085915   0.0000185303  -0.0000842636
        0.0000866454  -0.0000692107   0.0000072302   0.0006818737   0.0008694326
       -0.0000072096   0.0777490730  -0.0782118930   0.0006319985  -0.0017852573
        0.0020599813  -0.0000302487   0.0001136608   0.0000653416   0.0000000294
       -0.0000035073  -0.0000044718  -0.0000015820   0.0000526888   0.0000115254
       -0.0000033382   0.0000495659   0.0000099826   0.0000048259
        0.0706697441  -0.2788293015   0.0022981614   0.0040694175  -0.0094541703
        0.0000685772   0.0006259854   0.0012768352   0.0000632447  -0.0007182810
        0.0017763712   0.0000616526  -0.0037779954  -0.0027226034   0.0000999260
        0.0060442219  -0.0250280037   0.0002218589   0.0004035603   0.0008037256
       -0.0000319205   0.0001944925  -0.0016380816   0.0000436068   0.0002491294
       -0.0006505306  -0.0003339114   0.0000120004   0.0001295052   0.0000866786
       -0.0000764643   0.0000502310   0.0001185387  -0.0006072541   0.0010340052
       -0.0000380317  -0.0782118930   0.3142922244  -0.0026858801   0.0013030807
       -0.0010737040   0.0000250791  -0.0001991125  -0.0000724801  -0.0000007915
        0.0000224126   0.0000419575   0.0000004072  -0.0000000144   0.0000336720
        0.0000559537  -0.0000030302   0.0000303479  -0.0000531497
       -0.0006076938   0.0022476752  -0.0305977310   0.0000255996   0.0000087088
       -0.0005176243  -0.0000361706   0.0001176459   0.0067398733  -0.0000262790
       -0.0000017829   0.0005614751   0.0001017177   0.0000938702   0.0071433478
       -0.0000530217   0.0002843403  -0.0005636596  -0.0000251581  -0.0000281176
       -0.0025414526  -0.0000074135   0.0000545672   0.0003885073   0.0000409674
       -0.0002414063  -0.0011547557   0.0000731827   0.0001162851  -0.0001694987
       -0.0000520720   0.0000976125  -0.0001169612   0.0000096750  -0.0000086784
       -0.0024960994   0.0006319985  -0.0026858801   0.0229977557  -0.0000827117
       -0.0000399751   0.0003195736   0.0000055811  -0.0000142921  -0.0000072815
        0.0000017416   0.0000012747   0.0000148343  -0.0000147730   0.0000016169
        0.0000025574   0.0000148298  -0.0000034644  -0.0000028605
       -0.0064249135  -0.0018736025  -0.0001554646  -0.0221262580   0.0120745551
        0.0000723826  -0.2054419856   0.0714871683  -0.0027445781  -0.0618387413
        0.0137437793   0.0010918317   0.0097020713  -0.0099850774   0.0001685973
        0.0000836685   0.0107185858  -0.0000388025  -0.0007892492   0.0000786353
        0.0000066589  -0.0017549668  -0.0003984723   0.0001068578   0.0071435892
       -0.0129599984  -0.0050335613   0.0010659718   0.0016193588   0.0008703622
       -0.0000087859  -0.0017008611   0.0028666689  -0.0002165157  -0.0012148662
        0.0000336388  -0.0017852573   0.0013030807  -0.0000827117   0.4502365208
        0.0445738689   0.0027469378  -0.1216862179  -0.0758953482   0.0003445968
       -0.0335937275  -0.0224586525  -0.0002094143  -0.0059414744  -0.0144331789
       -0.0085905086  -0.0066237285  -0.0146789747   0.0085465082
        0.0022921844  -0.0056315278   0.0001383502   0.0400676437  -0.0130972065
        0.0005159579   0.0476550159  -0.1084893172   0.0012466949  -0.0196208407
        0.0009256349  -0.0008492224  -0.0061828461  -0.0014010205   0.0000722233
        0.0003335957  -0.0031483051   0.0000110030   0.0000012827  -0.0001131722
       -0.0000251682  -0.0013205925  -0.0000253472   0.0000396425  -0.0052365294
        0.0057772692   0.0017845934  -0.0006641104   0.0001982305  -0.0005233168
       -0.0000442794  -0.0002781029  -0.0006752390  -0.0012804845   0.0016458011
       -0.0000495880   0.0020599813  -0.0010737040  -0.0000399751   0.0445738689
        0.3348613970  -0.0026649576  -0.0603878132  -0.1624165872   0.0010895226
        0.0052344904   0.0095195537  -0.0000712576  -0.0238320474  -0.0289288860
       -0.0078623128  -0.0236485194  -0.0283247098   0.0078630498
        0.0002106659   0.0001321056   0.0070556226  -0.0008005227   0.0005196450
        0.0026485088  -0.0017579648   0.0015544505  -0.0317697706   0.0000775055
       -0.0003895140   0.0025037043  -0.0000967701   0.0002116118   0.0049327851
       -0.0000344014  -0.0001839654  -0.0001726222  -0.0000188519  -0.0000182897
       -0.0013327612   0.0000026163  -0.0000351708  -0.0001999365  -0.0000602998
        0.0001341389  -0.0008132355  -0.0003120487   0.0000630104  -0.0002149833
        0.0004141035   0.0000011268  -0.0009490375   0.0000163129  -0.0000490410
       -0.0019316274  -0.0000302487   0.0000250791   0.0003195736   0.0027469378
       -0.0026649576   0.0597713761  -0.0002560740   0.0006423796  -0.0456684982
       -0.0004766404  -0.0003731195   0.0008672042  -0.0197696920  -0.0194971429
        0.0024735413   0.0201453726   0.0199276531   0.0024801563
        0.0001491182   0.0000128917  -0.0000165701   0.0008341685   0.0001654109
       -0.0000385928  -0.0392805136  -0.0194003666  -0.0001156167  -0.0030635125
        0.0005141706  -0.0002303730  -0.0027179312  -0.0009409235  -0.0000219697
       -0.0001522209  -0.0010911253   0.0000138362   0.0000980810  -0.0000456104
        0.0000110698  -0.0005313071   0.0002597398  -0.0000075858  -0.0000192424
        0.0024388428   0.0006205089   0.0000067497   0.0000031724  -0.0002378379
       -0.0002072479  -0.0005513448  -0.0001298249  -0.0018422032   0.0000215806
       -0.0000230962   0.0001136608  -0.0001991125   0.0000055811  -0.1216862179
       -0.0603878132  -0.0002560740   0.4649986820  -0.0627997483   0.0001363470
       -0.2109832126   0.1141184524  -0.0028855671  -0.0432496897   0.0151967848
        0.0180244297  -0.0424671612   0.0126849987  -0.0148486643
       -0.0004988391   0.0012016338   0.0000196819   0.0025058153   0.0004347603
        0.0000311343  -0.0029741686   0.0147679972  -0.0002508622   0.0031782836
       -0.0042784745  -0.0002222571  -0.0006340447   0.0000535198   0.0000021554
        0.0001524389  -0.0004137592   0.0000245231   0.0003197541   0.0001214157
       -0.0000037417   0.0001452055   0.0003144698  -0.0000478265  -0.0009297825
        0.0025288323   0.0008907377  -0.0002834005  -0.0000352226  -0.0003063822
       -0.0001631322   0.0000560658  -0.0003214594   0.0019029657   0.0001829123
        0.0000046498   0.0000653416  -0.0000724801  -0.0000142921  -0.0758953482
       -0.1624165872   0.0006423796  -0.0627997483   0.4664752591  -0.0013359548
        0.1074154437  -0.1087816317   0.0018366564   0.0154387078  -0.1070351605
       -0.0993802204   0.0130545077  -0.1031035504   0.0984310782
       -0.0001021289  -0.0000422917   0.0008171369   0.0001066736  -0.0000894926
       -0.0013556848  -0.0005629193  -0.0003041038  -0.0038697448  -0.0001120460
        0.0003381195   0.0013395138   0.0000811405  -0.0000902735   0.0010049191
        0.0000253293   0.0000967165   0.0002002329  -0.0000035914  -0.0000039715
       -0.0002835837  -0.0000107596  -0.0000176122  -0.0003495421   0.0002597483
       -0.0002613952   0.0000638163   0.0001208724   0.0000259554   0.0001023942
       -0.0003870032  -0.0001701886  -0.0000942783  -0.0000497681  -0.0000012970
       -0.0002142609   0.0000000294  -0.0000007915  -0.0000072815   0.0003445968
        0.0010895226  -0.0456684982   0.0001363470  -0.0013359548   0.4828182037
       -0.0028388648   0.0019051752  -0.0437024726   0.0186746849  -0.0998685816
       -0.1925030043  -0.0156823406   0.0987304650  -0.1982978655
        0.0001311022  -0.0000887448  -0.0000002392   0.0002366774  -0.0007883069
        0.0000015165  -0.0038488015  -0.0035107588   0.0000223031  -0.0010629110
        0.0009523197  -0.0000025732  -0.0001452727  -0.0002851625  -0.0000000936
        0.0000704037  -0.0000342596   0.0000006310  -0.0000235645   0.0000109240
        0.0000003545  -0.0001409494  -0.0000082003   0.0000044576   0.0001328408
       -0.0001529789  -0.0001560421   0.0000308236   0.0000278776   0.0000560131
       -0.0002165949  -0.0001167692   0.0000839979   0.0000355875  -0.0001085583
        0.0000059394  -0.0000035073   0.0000224126   0.0000017416  -0.0335937275
        0.0052344904  -0.0004766404  -0.2109832126   0.1074154437  -0.0028388648
        0.2573473934  -0.1193775951   0.0034573174  -0.0042473792   0.0056072396
        0.0014558540  -0.0037189081   0.0052006269  -0.0016156728
       -0.0000217872   0.0002323291  -0.0000000722   0.0001839457  -0.0006081818
        0.0000135414  -0.0031964904  -0.0026172137   0.0000057837  -0.0011884592
        0.0002387461  -0.0000175309  -0.0000626196  -0.0002744507  -0.0000011687
        0.0001337300   0.0001022402  -0.0000032295   0.0000414869   0.0000450552
       -0.0000003353  -0.0000928225   0.0000380522   0.0000002353   0.0000284393
        0.0001840688  -0.0000358520  -0.0000089191   0.0000097153   0.0000293194
       -0.0002365329  -0.0002910402   0.0000333349   0.0003735255   0.0003342521
        0.0000023922  -0.0000044718   0.0000419575   0.0000012747  -0.0224586525
        0.0095195537  -0.0003731195   0.1141184524  -0.1087816317   0.0019051752
       -0.1193775951   0.1234857918  -0.0020871885   0.0161343651  -0.0110108957
       -0.0014544260   0.0156344055  -0.0106483485   0.0019818656
       -0.0000002702  -0.0000018630   0.0000261941   0.0000042450  -0.0000104023
        0.0002955601  -0.0000071876  -0.0000113876   0.0005532412  -0.0000036395
        0.0000054168   0.0001068037  -0.0000020677  -0.0000080277  -0.0000003385
       -0.0000040761   0.0000026806  -0.0000005875  -0.0000008821  -0.0000003857
       -0.0000049104  -0.0000006232  -0.0000031144  -0.0000127997   0.0000076548
       -0.0000012529  -0.0000480945   0.0000076084   0.0000136341   0.0000012094
        0.0000228463   0.0000324321   0.0000890897   0.0000019407  -0.0000049644
       -0.0001914761  -0.0000015820   0.0000004072   0.0000148343  -0.0002094143
       -0.0000712576   0.0008672042  -0.0028855671   0.0018366564  -0.0437024726
        0.0034573174  -0.0020871885   0.0455603760   0.0221137907  -0.0158956033
       -0.0013417135  -0.0225000933   0.0162042202  -0.0022121198
       -0.0005672368  -0.0000570942   0.0004390609   0.0002969613   0.0000955216
       -0.0000545605   0.0020642542  -0.0007024250  -0.0012963186  -0.0005185962
       -0.0005850123   0.0001797490   0.0003233550  -0.0002598850   0.0001928391
        0.0001435802   0.0004345272   0.0000609954   0.0000392253   0.0000245417
       -0.0001025992   0.0000307513   0.0000185529  -0.0000568468  -0.0000574915
        0.0001539321   0.0000273767  -0.0000509550   0.0000232421   0.0000407965
       -0.0000895901   0.0001326565  -0.0000680940  -0.0014647362   0.0009158041
       -0.0011947699   0.0000526888  -0.0000000144  -0.0000147730  -0.0059414744
       -0.0238320474  -0.0197696920  -0.0432496897   0.0154387078   0.0186746849
       -0.0042473792   0.0161343651   0.0221137907   0.0519526057  -0.0075037864
       -0.0158738101   0.0012837273  -0.0004315865  -0.0032978292
       -0.0001172109  -0.0002009198  -0.0001746438   0.0000537736   0.0002432848
        0.0004648058   0.0011852983   0.0006084141   0.0001511070  -0.0003837221
        0.0002324728  -0.0000048789   0.0004052812  -0.0001530494   0.0000823719
        0.0000058004   0.0003781584  -0.0000208450  -0.0000637470  -0.0000022431
        0.0000264353  -0.0000106930  -0.0000488601  -0.0000282010   0.0000976421
       -0.0004729722   0.0000382671  -0.0000293131   0.0000228851   0.0000708961
       -0.0001064450   0.0001989406  -0.0001431718   0.0007375809   0.0001586640
        0.0003263243   0.0000115254   0.0000336720   0.0000016169  -0.0144331789
       -0.0289288860  -0.0194971429   0.0151967848  -0.1070351605  -0.0998685816
        0.0056072396  -0.0110108957  -0.0158956033  -0.0075037864   0.1374084375
        0.1217964836  -0.0006528298   0.0085680576   0.0126747603
       -0.0000447513   0.0001254281  -0.0001384263  -0.0000588663  -0.0006355290
        0.0001000845   0.0018096865  -0.0003315581   0.0005071968  -0.0003862989
       -0.0001349299  -0.0000721159   0.0003711734  -0.0001380346   0.0000230951
        0.0001629107   0.0003492555  -0.0000137964   0.0000079889   0.0000461493
        0.0000194480  -0.0000081341  -0.0000058539  -0.0000098027   0.0000362757
        0.0001164139   0.0001296989  -0.0000044374   0.0000186628  -0.0000286127
        0.0000135783   0.0000526965  -0.0000977521  -0.0009140997   0.0008861900
       -0.0002165007  -0.0000033382   0.0000559537   0.0000025574  -0.0085905086
       -0.0078623128   0.0024735413   0.0180244297  -0.0993802204  -0.1925030043
        0.0014558540  -0.0014544260  -0.0013417135  -0.0158738101   0.1217964836
        0.2202924787   0.0040023473  -0.0135043687  -0.0291263760
       -0.0005191436  -0.0000528592  -0.0004254237   0.0002370324   0.0001056808
        0.0000669416   0.0020879123  -0.0007400960   0.0013428672  -0.0005225502
       -0.0006230176  -0.0002039165   0.0003121245  -0.0002489328  -0.0001829144
        0.0001347434   0.0004031846  -0.0000591353   0.0000419041   0.0000225575
        0.0001020744   0.0000351229   0.0000193927   0.0000514103  -0.0001332382
        0.0002025532  -0.0000224761  -0.0000669448   0.0000249870   0.0000003690
        0.0000200169   0.0001920968  -0.0000479026  -0.0014136259   0.0009842248
        0.0011005699   0.0000495659  -0.0000030302   0.0000148298  -0.0066237285
       -0.0236485194   0.0201453726  -0.0424671612   0.0130545077  -0.0156823406
       -0.0037189081   0.0156344055  -0.0225000933   0.0012837273  -0.0006528298
        0.0040023473   0.0512631508  -0.0046743057   0.0122974205
       -0.0000515520  -0.0001963495   0.0001731821   0.0000074319   0.0002988513
       -0.0004286709   0.0011700027   0.0005427148  -0.0001452379  -0.0003742214
        0.0002668865   0.0000811549   0.0003827417  -0.0001199021  -0.0000656394
       -0.0000091521   0.0003161769   0.0000131902  -0.0000645761  -0.0000072690
       -0.0000260280  -0.0000102582  -0.0000461578   0.0000281164   0.0000445184
       -0.0004857165  -0.0004489584  -0.0000310142   0.0000295260   0.0001288347
        0.0000433398   0.0003259439   0.0001266774   0.0007819984   0.0001614043
       -0.0003253171   0.0000099826   0.0000303479  -0.0000034644  -0.0146789747
       -0.0283247098   0.0199276531   0.0126849987  -0.1031035504   0.0987304650
        0.0052006269  -0.0106483485   0.0162042202  -0.0004315865   0.0085680576
       -0.0135043687  -0.0046743057   0.1323920943  -0.1204658094
        0.0000140393  -0.0001215909  -0.0001534803   0.0000581097   0.0006216988
        0.0000928786  -0.0017518574   0.0003116530   0.0005378864   0.0003670287
        0.0001013734  -0.0000974042  -0.0003625357   0.0001234271   0.0000111850
       -0.0001596366  -0.0003262496  -0.0000067916  -0.0000062351  -0.0000413619
        0.0000249992   0.0000058171   0.0000063421  -0.0000089130  -0.0000427091
       -0.0000610019   0.0001807144  -0.0000069792  -0.0000392316  -0.0000500699
       -0.0000418730  -0.0001158116  -0.0000936946   0.0008402431  -0.0008910419
       -0.0001557065   0.0000048259  -0.0000531497  -0.0000028605   0.0085465082
        0.0078630498   0.0024801563  -0.0148486643   0.0984310782  -0.1982978655
       -0.0016156728   0.0019818656  -0.0022121198  -0.0032978292   0.0126747603
       -0.0291263760   0.0122974205  -0.1204658094   0.2268774624
