           1           2   1.39964700752936     
           2           3   1.42565296532386     
           3           4   1.26568686537709     
           4           5   1.37509477077233     
           1           6   1.44965069885916     
           5           6   1.42861221042741     
           6           7  0.971289177208128     
           5           8  0.968170542515564     
           4           9   1.17144527636492     
           9          10  0.940206651308786     
           9          11  0.939190599906962     
           2          12  0.965781059605662     
           1          13  0.972023096527195     
           3          14   1.02293620048365     
          14          15  0.979257271266242     
          15          16  0.977785681432238     
          15          17  0.976860546925249     
          15          18  0.976991422623791     
