           1           3  0.219917625634954     
           4           6  0.953719937662323     
           5           6  0.981574134549077     
           5           7   1.01026635887762     
           7           8   1.38706038051032     
           7           9   1.41757586967599     
           8          10   1.43066704473154     
           8          11  0.106539238841094     
           9          11   1.43935475961135     
           1          12   1.47156006859734     
           3          12   1.53762704869660     
           6          12  0.898403007169431     
           2          13   1.08325728229693     
          10          13   1.31786900360051     
          11          13   1.37737375017566     
           5          14  0.955362151179143     
           5          15  0.968880121012664     
           6          16  0.955946548389078     
           8          17  0.963555865187948     
           9          18  0.963575098423112     
          11          19  0.964224055864726     
           4          20  0.895303148102796     
           4          21  0.833365750433657     
           2          22  0.841893262482688     
           4          23  0.895886656578843     
          10          24  0.921904244022715     
