           1           2   1.44324513104899     
           2           3   1.37609918178289     
           3           4   1.21928038633365     
           4           5   1.40914055291615     
           1           6   1.35345714433126     
           5           6   1.32745293524054     
           2           7  0.959715988332551     
           5           8  0.959311234837358     
           4           9   1.19232863472815     
           9          10  0.928909178790018     
           9          11  0.934970793530376     
           6          12   1.00419513471675     
          12          13   1.40090826820176     
          12          14   1.40214063688146     
          13          14  0.302637574642243     
           1          15  0.962165298397292     
           3          16   1.10970857557041     
          16          17  0.957332219379232     
          17          18  0.974367211870943     
          17          19  0.975616580420422     
          17          20  0.974259714104080     
