$hessian                                                                        
        0.3332998430   0.1630634746   0.0000002927  -0.2093114384  -0.1546894282
        0.0000008366  -0.0626223000  -0.0089902005   0.0028868402   0.0011738105
       -0.0160002891  -0.0204086200  -0.0031281870   0.0216150751   0.0241035910
        0.0015642011  -0.0006050879  -0.0001490458   0.0004117552  -0.0006525991
        0.0002796668   0.0004561763  -0.0002061619  -0.0001393877   0.0001505174
        0.0006518631   0.0005032490  -0.0626225460  -0.0089897110  -0.0028875111
        0.0011739694  -0.0160001524   0.0204086191  -0.0031284584   0.0216151302
       -0.0241037589   0.0015641977  -0.0006050061   0.0001487851   0.0001505197
        0.0006518685  -0.0005032432   0.0004561863  -0.0002061813   0.0001393483
        0.0004117531  -0.0006525940  -0.0002796621
        0.1630634746   0.4924866703  -0.0000005847  -0.1945556982  -0.1855290555
        0.0000009202   0.0078946792  -0.1203229886  -0.0621710960  -0.0044626315
       -0.0202896597  -0.0217668777   0.0139634648  -0.0223365496  -0.0232525648
       -0.0016669456   0.0096466670   0.0137302041  -0.0004399607   0.0007398719
       -0.0002449691  -0.0000035940  -0.0011619439   0.0045726379   0.0004608608
        0.0002454555   0.0012047847   0.0078950206  -0.1203225262   0.0621709023
       -0.0044624582  -0.0202895618   0.0217669653   0.0139635729  -0.0223363991
        0.0232524894  -0.0016670462   0.0096466604  -0.0137303519   0.0004608499
        0.0002454551  -0.0012047828  -0.0000036278  -0.0011619706  -0.0045726526
       -0.0004399605   0.0007398749   0.0002449757
        0.0000002927  -0.0000005847   0.4895191462   0.0000009061   0.0000007782
       -0.0474411104   0.0286749797  -0.0716929787  -0.1613606296  -0.0044223129
       -0.0084116372  -0.0059667646   0.0151775101  -0.0199089492  -0.0161104585
        0.0010218312  -0.0115240092  -0.0357796347   0.0000035093  -0.0008639648
        0.0017990246  -0.0000750332   0.0029950623  -0.0053713264   0.0000977997
       -0.0008471707   0.0017509690  -0.0286757099   0.0716929024  -0.1613608856
        0.0044222742   0.0084118034  -0.0059670539  -0.0151776461   0.0199088228
       -0.0161103350  -0.0010220891   0.0115238545  -0.0357796216  -0.0000977937
        0.0008471740   0.0017509743   0.0000749929  -0.0029950756  -0.0053713015
       -0.0000035110   0.0008639725   0.0017990079
       -0.2093114384  -0.1945556982   0.0000009061   0.2055399426   0.1878898250
       -0.0000008187  -0.0009883959   0.0034528899   0.0006389640   0.0010469118
       -0.0011978677  -0.0004222264   0.0015449323   0.0004989536   0.0006097011
        0.0004306293   0.0003028207   0.0006871625  -0.0005218557  -0.0000347100
       -0.0002174230   0.0000148438   0.0002714646   0.0001556697   0.0003586095
        0.0000392982  -0.0004238611  -0.0009882542   0.0034530322  -0.0006389928
        0.0010469181  -0.0011978343   0.0004221882   0.0015449291   0.0004989508
       -0.0006097102   0.0004306312   0.0003028252  -0.0006871622   0.0003586124
        0.0000392988   0.0004238468   0.0000148384   0.0002714606  -0.0001556687
       -0.0005218544  -0.0000347093   0.0002174245
       -0.1546894282  -0.1855290555   0.0000007782   0.1878898250   0.2209600290
       -0.0000009224  -0.0164846451  -0.0174138441  -0.0051803997   0.0000910048
       -0.0023049529  -0.0033937061  -0.0008722908   0.0006051400   0.0009439001
        0.0006857458   0.0012688532   0.0009544815   0.0000838655  -0.0000524142
        0.0000396273  -0.0000035878  -0.0000962666   0.0004499575  -0.0001003517
        0.0002779399  -0.0002778007  -0.0164845356  -0.0174137531   0.0051805629
        0.0000910288  -0.0023049244   0.0033936949  -0.0008722955   0.0006051368
       -0.0009438947   0.0006857415   0.0012688534  -0.0009544881  -0.0001003506
        0.0002779435   0.0002777933  -0.0000035915  -0.0000962696  -0.0004499571
        0.0000838654  -0.0000524155  -0.0000396268
        0.0000008366   0.0000009202  -0.0474411104  -0.0000008187  -0.0000009224
        0.0627163806  -0.0208300475  -0.0205447569  -0.0034760623  -0.0003847838
       -0.0047001966  -0.0049498123  -0.0001669219   0.0001767030   0.0005552341
       -0.0007097052  -0.0008744439   0.0008811702  -0.0001585158   0.0000091472
       -0.0001002817   0.0001048570   0.0002758957   0.0001725955   0.0006435720
        0.0002655865  -0.0007203572   0.0208300874   0.0205447817  -0.0034762936
        0.0003847416   0.0047001952  -0.0049498456   0.0001669174  -0.0001767071
        0.0005552413   0.0007097059   0.0008744392   0.0008811718  -0.0006435874
       -0.0002655977  -0.0007203470  -0.0001048558  -0.0002758964   0.0001726001
        0.0001585182  -0.0000091476  -0.0001002834
       -0.0626223000   0.0078946792   0.0286749797  -0.0009883959  -0.0164846451
       -0.0208300475   0.4945938896   0.0318807934   0.0047072537  -0.1817974125
       -0.1024131367   0.0001923710  -0.1769876547   0.0766693223  -0.0025354624
       -0.0683486327   0.0017844670  -0.0034925995  -0.0025184322   0.0169827329
       -0.0208418672   0.0002819235  -0.0002175462   0.0002889330  -0.0005267119
       -0.0163145512   0.0198045968  -0.0042284776   0.0008942112  -0.0044791622
        0.0008413551   0.0000930167   0.0016736764   0.0016442264  -0.0011160759
       -0.0025308759   0.0004086836   0.0005257306  -0.0005466740  -0.0001066668
       -0.0001705183  -0.0000226162   0.0002710794   0.0000317684  -0.0001996024
        0.0000835267  -0.0000402484   0.0001370966
       -0.0089902005  -0.1203229886  -0.0716929787   0.0034528899  -0.0174138441
       -0.0205447569   0.0318807934   0.4798875856  -0.0181928485  -0.1038991677
       -0.1222632887   0.0007512135   0.0739437325  -0.0899026685   0.0017764442
        0.0016853172  -0.1183318771   0.0658985032   0.0038990520  -0.0130702555
        0.0157816872  -0.0005390829   0.0086320559  -0.0132724068  -0.0026859822
       -0.0147108978   0.0167699592   0.0008942989   0.0073159584   0.0120401138
        0.0000354058   0.0004523222   0.0018356787   0.0000551571   0.0004058148
        0.0039158608   0.0000794011  -0.0018244867   0.0039314258   0.0003551984
        0.0004459488  -0.0000363833   0.0000524663   0.0004729997   0.0012584013
       -0.0002192792   0.0002276218  -0.0002199136
        0.0028868402  -0.0621710960  -0.1613606296   0.0006389640  -0.0051803997
       -0.0034760623   0.0047072537  -0.0181928485   0.4547992454  -0.0005144399
        0.0009401406  -0.0401844446  -0.0099322525   0.0078738519  -0.0391952751
       -0.0020437224   0.0685463895  -0.1466897821  -0.0025686811   0.0032127241
       -0.0020819416  -0.0006655115   0.0134721315  -0.0238742963   0.0021862494
        0.0041424528  -0.0028449573   0.0044789595  -0.0120402595  -0.0326155374
       -0.0003852044  -0.0006614233   0.0003690974   0.0012567362  -0.0018482818
        0.0027083331  -0.0000961890   0.0023624419  -0.0038702377   0.0002478011
        0.0003547999  -0.0002032014   0.0000099544  -0.0010326581  -0.0012035612
       -0.0002067579   0.0002220348  -0.0002767494
        0.0011738105  -0.0044626315  -0.0044223129   0.0010469118   0.0000910048
       -0.0003847838  -0.1817974125  -0.1038991677  -0.0005144399   0.2091925593
        0.1244009140   0.0029134324  -0.0315812634  -0.0150565247   0.0001987404
       -0.0004175000  -0.0019841232   0.0017196609   0.0006723008   0.0004695963
       -0.0003599188  -0.0000055540   0.0001688723   0.0002421225   0.0011549782
       -0.0002222121   0.0004135302   0.0008413444   0.0000353914   0.0003852000
        0.0002068280   0.0001430765  -0.0005677231  -0.0006624419  -0.0000317410
        0.0001458587   0.0000858544   0.0002512472   0.0000852244   0.0000370598
        0.0000262495   0.0001174651   0.0000070230   0.0000468197  -0.0000368809
        0.0000455016   0.0000232285   0.0000648247
       -0.0160002891  -0.0202896597  -0.0084116372  -0.0011978677  -0.0023049529
       -0.0047001966  -0.1024131367  -0.1222632887   0.0009401406   0.1244009140
        0.1517717509   0.0049719904   0.0111428187   0.0081933451   0.0005043008
       -0.0154558333  -0.0135293803   0.0035422654  -0.0004045249  -0.0000505297
       -0.0005124045   0.0000669973   0.0005864296  -0.0005188695  -0.0004663378
       -0.0027366473   0.0035650453   0.0000930154   0.0004523154   0.0006614233
        0.0001430781  -0.0000087133  -0.0001633840  -0.0000044505  -0.0001399841
       -0.0000440106   0.0001491979   0.0003411025   0.0000307599  -0.0000089032
       -0.0000354175   0.0001209452   0.0000160920   0.0000919358  -0.0000247088
       -0.0000607700  -0.0000783059   0.0000383402
       -0.0204086200  -0.0217668777  -0.0059667646  -0.0004222264  -0.0033937061
       -0.0049498123   0.0001923710   0.0007512135  -0.0401844446   0.0029134324
        0.0049719904   0.0555907781  -0.0011505451  -0.0002161868   0.0016991613
        0.0185595281   0.0170034391  -0.0031574058   0.0002794365  -0.0004719641
        0.0006456365   0.0004839206   0.0002540391   0.0002255743   0.0003278393
        0.0041543444  -0.0040488014  -0.0016736777  -0.0018356734   0.0003691105
        0.0005677161   0.0001633815  -0.0003905624   0.0001834184   0.0000350904
        0.0000201702   0.0001219985   0.0000946269  -0.0000481797   0.0000873381
        0.0001440230   0.0000651514   0.0000321249   0.0001173822   0.0000415950
       -0.0000940545  -0.0000051224   0.0000887937
       -0.0031281870   0.0139634648   0.0151775101   0.0015449323  -0.0008722908
       -0.0001669219  -0.1769876547   0.0739437325  -0.0099322525  -0.0315812634
        0.0111428187  -0.0011505451   0.2096360749  -0.1004310558  -0.0010890478
       -0.0027404561   0.0032344589  -0.0021796040   0.0011098655   0.0007010555
       -0.0009513971  -0.0001086420  -0.0001778212  -0.0002920727   0.0007825067
       -0.0003693315   0.0005641256   0.0016442323   0.0000551213  -0.0012567295
       -0.0006624454  -0.0000044499  -0.0001834139   0.0003704050  -0.0007225513
        0.0016536804   0.0000966283  -0.0003470447  -0.0000364329  -0.0000047241
        0.0000178082  -0.0000950331  -0.0000044381  -0.0000805832   0.0001250721
        0.0000331660  -0.0000533315  -0.0001869377
        0.0216150751  -0.0223365496  -0.0199089492   0.0004989536   0.0006051400
        0.0001767030   0.0766693223  -0.0899026685   0.0078738519  -0.0150565247
        0.0081933451  -0.0002161868  -0.1004310558   0.1169776261   0.0030245371
        0.0176296435  -0.0124455138   0.0051185347   0.0007170552  -0.0027519670
        0.0039439134  -0.0000568210   0.0004134456  -0.0003045330   0.0004732992
        0.0000460117  -0.0005985319  -0.0011160527   0.0004058099   0.0018482970
       -0.0000317433  -0.0001399835  -0.0000350903  -0.0007225655   0.0006372098
       -0.0011648483  -0.0001019155   0.0002994903   0.0001046075   0.0000323782
       -0.0000555188   0.0000713544  -0.0000376098   0.0000925293  -0.0000641132
       -0.0000814389  -0.0000384066   0.0001304538
        0.0241035910  -0.0232525648  -0.0161104585   0.0006097011   0.0009439001
        0.0005552341  -0.0025354624   0.0017764442  -0.0391952751   0.0001987404
        0.0005043008   0.0016991613  -0.0010890478   0.0030245371   0.0562770009
       -0.0204887295   0.0155829010  -0.0035768225  -0.0006313024   0.0040997341
       -0.0041965220  -0.0003415998   0.0001358014   0.0002667103  -0.0002632077
       -0.0005511277   0.0007047646   0.0025308849  -0.0039158593   0.0027083314
       -0.0001458527   0.0000440108   0.0000201733  -0.0016536772   0.0011648529
        0.0004806502  -0.0001917400   0.0000993766   0.0001024373   0.0000832829
        0.0000567169   0.0001151116  -0.0000427375   0.0001290884   0.0000277661
       -0.0001428434   0.0001578874   0.0001217369
        0.0015642011  -0.0016669456   0.0010218312   0.0004306293   0.0006857458
       -0.0007097052  -0.0683486327   0.0016853172  -0.0020437224  -0.0004175000
       -0.0154558333   0.0185595281  -0.0027404561   0.0176296435  -0.0204887295
        0.5238977296  -0.0020068784  -0.0033548741  -0.2149075307   0.1113278640
        0.0050454092  -0.0436815870   0.0013132932   0.0019463845  -0.1965949925
       -0.1136123652  -0.0002324747   0.0004086901   0.0000793727   0.0000961599
        0.0000858551   0.0001491959  -0.0001219993   0.0000966299  -0.0001019148
        0.0001917414   0.0001248480  -0.0000467532   0.0000918172   0.0000396539
        0.0000555613   0.0000295685  -0.0000019176   0.0000132994   0.0000168224
        0.0000443797  -0.0000486023  -0.0000477573
       -0.0006050879   0.0096466670  -0.0115240092   0.0003028207   0.0012688532
       -0.0008744439   0.0017844670  -0.1183318771   0.0685463895  -0.0019841232
       -0.0135293803   0.0170034391   0.0032344589  -0.0124455138   0.0155829010
       -0.0020068784   0.5025842497   0.0342721338   0.1115850128  -0.1174631834
       -0.0043161436   0.0015136749  -0.1213337199  -0.1142710641  -0.1141964530
       -0.1297463522  -0.0007604451   0.0005257172  -0.0018245087  -0.0023624524
        0.0002512464   0.0003411014  -0.0000946302  -0.0003470455   0.0002994901
       -0.0000993745  -0.0000467607   0.0004323469  -0.0009550611   0.0000152645
        0.0000960800   0.0000881873   0.0000028302  -0.0000737594  -0.0003223081
       -0.0000291437   0.0000795066   0.0000868817
       -0.0001490458   0.0137302041  -0.0357796347   0.0006871625   0.0009544815
        0.0008811702  -0.0034925995   0.0658985032  -0.1466897821   0.0017196609
        0.0035422654  -0.0031574058  -0.0021796040   0.0051185347  -0.0035768225
       -0.0033548741   0.0342721338   0.4857887522   0.0044832757  -0.0037776291
       -0.0423677514   0.0022961341  -0.1153051814  -0.2061663528  -0.0004026690
       -0.0011513341  -0.0430697256   0.0005466419  -0.0039314332  -0.0038702200
       -0.0000852262  -0.0000307621  -0.0000481781   0.0000364341  -0.0001046069
        0.0001024371  -0.0000918287   0.0009550554  -0.0014843693   0.0000386017
        0.0000479256  -0.0000040087  -0.0000002095  -0.0002801595  -0.0005705090
       -0.0000518541   0.0000620027   0.0000124005
        0.0004117552  -0.0004399607   0.0000035093  -0.0005218557   0.0000838655
       -0.0001585158  -0.0025184322   0.0038990520  -0.0025686811   0.0006723008
       -0.0004045249   0.0002794365   0.0011098655   0.0007170552  -0.0006313024
       -0.2149075307   0.1115850128   0.0044832757   0.2461443704  -0.1306485767
       -0.0046592436  -0.0022470234   0.0024514345   0.0015757691  -0.0283496174
        0.0131683252   0.0011979569   0.0000835294  -0.0002192770   0.0002067575
        0.0000455033  -0.0000607707   0.0000940567   0.0000331673  -0.0000814393
        0.0001428450   0.0000443814  -0.0000291429   0.0000518529  -0.0000549808
       -0.0000140034  -0.0000121738  -0.0000063093   0.0000073014   0.0000152069
        0.0000608762  -0.0000143510  -0.0000207499
       -0.0006525991   0.0007398719  -0.0008639648  -0.0000347100  -0.0000524142
        0.0000091472   0.0169827329  -0.0130702555   0.0032127241   0.0004695963
       -0.0000505297  -0.0004719641   0.0007010555  -0.0027519670   0.0040997341
        0.1113278640  -0.1174631834  -0.0037776291  -0.1306485767   0.1354196902
        0.0015175136   0.0177880385  -0.0126124338  -0.0035404782  -0.0158135357
        0.0096389903   0.0002691493  -0.0000402483   0.0002276221  -0.0002220355
        0.0000232293  -0.0000783069   0.0000051232  -0.0000533328  -0.0000384079
       -0.0001578866  -0.0000486016   0.0000795063  -0.0000620022   0.0000142147
       -0.0000128632  -0.0000092050  -0.0000007759  -0.0000247952  -0.0000193689
       -0.0000143512   0.0000494759   0.0000111431
        0.0002796668  -0.0002449691   0.0017990246  -0.0002174230   0.0000396273
       -0.0001002817  -0.0208418672   0.0157816872  -0.0020819416  -0.0003599188
       -0.0005124045   0.0006456365  -0.0009513971   0.0039439134  -0.0041965220
        0.0050454092  -0.0043161436  -0.0423677514  -0.0046592436   0.0015175136
        0.0478809426   0.0226222707  -0.0162704981  -0.0022548571  -0.0009561118
        0.0000980369   0.0007160242  -0.0001370985   0.0002199134  -0.0002767502
       -0.0000648238  -0.0000383397   0.0000887934   0.0001869395  -0.0001304527
        0.0001217347   0.0000477580  -0.0000868825   0.0000124010  -0.0000193147
        0.0000136976   0.0000007057   0.0000044048  -0.0000035550   0.0000751829
        0.0000207496  -0.0000111441  -0.0000623415
        0.0004561763  -0.0000035940  -0.0000750332   0.0000148438  -0.0000035878
        0.0001048570   0.0002819235  -0.0005390829  -0.0006655115  -0.0000055540
        0.0000669973   0.0004839206  -0.0001086420  -0.0000568210  -0.0003415998
       -0.0436815870   0.0015136749   0.0022961341  -0.0022470234   0.0177880385
        0.0226222707   0.0468329854  -0.0013352362  -0.0024858484  -0.0017983049
       -0.0174608405  -0.0219450855   0.0002710824   0.0000524568  -0.0000099645
        0.0000070228   0.0000160923  -0.0000321236  -0.0000044395  -0.0000376102
        0.0000427385  -0.0000019152   0.0000028327   0.0000002046  -0.0000095720
       -0.0000014694   0.0000078832  -0.0000006896  -0.0000010757   0.0000015599
       -0.0000063066  -0.0000007749  -0.0000044021
       -0.0002061619  -0.0011619439   0.0029950623   0.0002714646  -0.0000962666
        0.0002758957  -0.0002175462   0.0086320559   0.0134721315   0.0001688723
        0.0005864296   0.0002540391  -0.0001778212   0.0004134456   0.0001358014
        0.0013132932  -0.1213337199  -0.1153051814   0.0024514345  -0.0126124338
       -0.0162704981  -0.0013352362   0.1390803211   0.1311816777  -0.0022848629
       -0.0140834953  -0.0178569725   0.0000317776   0.0004729984   0.0010326521
        0.0000468182   0.0000919352  -0.0001173832  -0.0000805858   0.0000925283
       -0.0001290882   0.0000133021  -0.0000737580   0.0002801587  -0.0000009753
       -0.0000295535   0.0000065911  -0.0000010749   0.0000462516   0.0000415589
        0.0000073017  -0.0000247950   0.0000035550
       -0.0001393877   0.0045726379  -0.0053713264   0.0001556697   0.0004499575
        0.0001725955   0.0002889330  -0.0132724068  -0.0238742963   0.0002421225
       -0.0005188695   0.0002255743  -0.0002920727  -0.0003045330   0.0002667103
        0.0019463845  -0.1142710641  -0.2061663528   0.0015757691  -0.0035404782
       -0.0022548571  -0.0024858484   0.1311816777   0.2407308887  -0.0013779522
       -0.0034404299  -0.0019982122   0.0001995918  -0.0012584073  -0.0012035617
        0.0000368801   0.0000247094   0.0000415958  -0.0001250723   0.0000641125
        0.0000277668  -0.0000168253   0.0003223066  -0.0005705111   0.0000085732
        0.0000129764   0.0000745102  -0.0000015605  -0.0000415593  -0.0001757070
       -0.0000152049   0.0000193704   0.0000751831
        0.0001505174   0.0004608608   0.0000977997   0.0003586095  -0.0001003517
        0.0006435720  -0.0005267119  -0.0026859822   0.0021862494   0.0011549782
       -0.0004663378   0.0003278393   0.0007825067   0.0004732992  -0.0002632077
       -0.1965949925  -0.1141964530  -0.0004026690  -0.0283496174  -0.0158135357
       -0.0009561118  -0.0017983049  -0.0022848629  -0.0013779522   0.2248706411
        0.1341883963   0.0001669054  -0.0001066652   0.0003551977  -0.0002478014
        0.0000370610  -0.0000089051  -0.0000873358  -0.0000047241   0.0000323778
       -0.0000832819   0.0000396559   0.0000152653  -0.0000386032   0.0000515985
        0.0000177917   0.0000238522  -0.0000095729  -0.0000009755  -0.0000085711
       -0.0000549792   0.0000142152   0.0000193160
        0.0006518631   0.0002454555  -0.0008471707   0.0000392982   0.0002779399
        0.0002655865  -0.0163145512  -0.0147108978   0.0041424528  -0.0002222121
       -0.0027366473   0.0041543444  -0.0003693315   0.0000460117  -0.0005511277
       -0.1136123652  -0.1297463522  -0.0011513341   0.0131683252   0.0096389903
        0.0000980369  -0.0174608405  -0.0140834953  -0.0034404299   0.1341883963
        0.1506302023  -0.0020569557  -0.0001705203   0.0004459475  -0.0003548009
        0.0000262472  -0.0000354175  -0.0001440231   0.0000178081  -0.0000555185
       -0.0000567159   0.0000555612   0.0000960801  -0.0000479255   0.0000177919
        0.0000301141   0.0000167372  -0.0000014674  -0.0000295510  -0.0000129765
       -0.0000140028  -0.0000128619  -0.0000136977
        0.0005032490   0.0012047847   0.0017509690  -0.0004238611  -0.0002778007
       -0.0007203572   0.0198045968   0.0167699592  -0.0028449573   0.0004135302
        0.0035650453  -0.0040488014   0.0005641256  -0.0005985319   0.0007047646
       -0.0002324747  -0.0007604451  -0.0430697256   0.0011979569   0.0002691493
        0.0007160242  -0.0219450855  -0.0178569725  -0.0019982122   0.0001669054
       -0.0020569557   0.0494986659   0.0000226173   0.0000363781  -0.0002031983
       -0.0001174649  -0.0001209450   0.0000651540   0.0000950337  -0.0000713541
        0.0001151122  -0.0000295681  -0.0000881877  -0.0000040077  -0.0000238530
       -0.0000167383  -0.0000366466  -0.0000078823  -0.0000065907   0.0000745108
        0.0000121746   0.0000092051   0.0000007058
       -0.0626225460   0.0078950206  -0.0286757099  -0.0009882542  -0.0164845356
        0.0208300874  -0.0042284776   0.0008942989   0.0044789595   0.0008413444
        0.0000930154  -0.0016736777   0.0016442323  -0.0011160527   0.0025308849
        0.0004086901   0.0005257172   0.0005466419   0.0000835294  -0.0000402483
       -0.0001370985   0.0002710824   0.0000317776   0.0001995918  -0.0001066652
       -0.0001705203   0.0000226173   0.4945938520   0.0318809068  -0.0047076279
       -0.1817974141  -0.1024131451  -0.0001910278  -0.1769875686   0.0766692752
        0.0025361589  -0.0683485957   0.0017839996   0.0034920477  -0.0005268654
       -0.0163146511  -0.0198045556   0.0002819244  -0.0002176412  -0.0002891033
       -0.0025182681   0.0169827831   0.0208418114
       -0.0089897110  -0.1203225262   0.0716929024   0.0034530322  -0.0174137531
        0.0205447817   0.0008942112   0.0073159584  -0.0120402595   0.0000353914
        0.0004523154  -0.0018356734   0.0000551213   0.0004058099  -0.0039158593
        0.0000793727  -0.0018245087  -0.0039314332  -0.0002192770   0.0002276221
        0.0002199134   0.0000524568   0.0004729984  -0.0012584073   0.0003551977
        0.0004459475   0.0000363781   0.0318809068   0.4798877184   0.0181925337
       -0.1038991739  -0.1222632963  -0.0007502069   0.0739437500  -0.0899026988
       -0.0017767769   0.0016848641  -0.1183323479  -0.0658986139  -0.0026861054
       -0.0147109702  -0.0167699000  -0.0005389874   0.0086320525   0.0132722978
        0.0038989505  -0.0130703214  -0.0157816766
       -0.0028875111   0.0621709023  -0.1613608856  -0.0006389928   0.0051805629
       -0.0034762936  -0.0044791622   0.0120401138  -0.0326155374   0.0003852000
        0.0006614233   0.0003691105  -0.0012567295   0.0018482970   0.0027083314
        0.0000961599  -0.0023624524  -0.0038702200   0.0002067575  -0.0002220355
       -0.0002767502  -0.0000099645   0.0010326521  -0.0012035617  -0.0002478014
       -0.0003548009  -0.0002031983  -0.0047076279   0.0181925337   0.4547991957
        0.0005157911  -0.0009391405  -0.0401844390   0.0099329547  -0.0078742101
       -0.0391953291   0.0020431690  -0.0685465011  -0.1466893546  -0.0021862567
       -0.0041422986  -0.0028447301   0.0006653432  -0.0134722420  -0.0238742995
        0.0025686707  -0.0032128040  -0.0020820385
        0.0011739694  -0.0044624582   0.0044222742   0.0010469181   0.0000910288
        0.0003847416   0.0008413551   0.0000354058  -0.0003852044   0.0002068280
        0.0001430781   0.0005677161  -0.0006624454  -0.0000317433  -0.0001458527
        0.0000858551   0.0002512464  -0.0000852262   0.0000455033   0.0000232293
       -0.0000648238   0.0000070228   0.0000468182   0.0000368801   0.0000370610
        0.0000262472  -0.0001174649  -0.1817974141  -0.1038991739   0.0005157911
        0.2091925279   0.1244008662  -0.0029149349  -0.0315812584  -0.0150565251
       -0.0001984550  -0.0004176435  -0.0019842493  -0.0017196724   0.0011549743
       -0.0002222432  -0.0004135660  -0.0000055551   0.0001688712  -0.0002421179
        0.0006723015   0.0004696018   0.0003599151
       -0.0160001524  -0.0202895618   0.0084118034  -0.0011978343  -0.0023049244
        0.0047001952   0.0000930167   0.0004523222  -0.0006614233   0.0001430765
       -0.0000087133   0.0001633815  -0.0000044499  -0.0001399835   0.0000440108
        0.0001491959   0.0003411014  -0.0000307621  -0.0000607707  -0.0000783069
       -0.0000383397   0.0000160923   0.0000919352   0.0000247094  -0.0000089051
       -0.0000354175  -0.0001209450  -0.1024131451  -0.1222632963  -0.0009391405
        0.1244008662   0.1517717210  -0.0049731979   0.0111428202   0.0081933447
       -0.0005044015  -0.0154559231  -0.0135294513  -0.0035421228  -0.0004663640
       -0.0027366731  -0.0035650465   0.0000669993   0.0005864302   0.0005188684
       -0.0004045226  -0.0000505267   0.0005124106
        0.0204086191   0.0217669653  -0.0059670539   0.0004221882   0.0033936949
       -0.0049498456   0.0016736764   0.0018356787   0.0003690974  -0.0005677231
       -0.0001633840  -0.0003905624  -0.0001834139  -0.0000350903   0.0000201733
       -0.0001219993  -0.0000946302  -0.0000481781   0.0000940567   0.0000051232
        0.0000887934  -0.0000321236  -0.0001173832   0.0000415958  -0.0000873358
       -0.0001440231   0.0000651540  -0.0001910278  -0.0007502069  -0.0401844390
       -0.0029149349  -0.0049731979   0.0555908644   0.0011507376   0.0002162684
        0.0016991556  -0.0185594947  -0.0170033899  -0.0031571904  -0.0003278731
       -0.0041543468  -0.0040487695  -0.0004839155  -0.0002540422   0.0002255737
       -0.0002794365   0.0004719641   0.0006456314
       -0.0031284584   0.0139635729  -0.0151776461   0.0015449291  -0.0008722955
        0.0001669174   0.0016442264   0.0000551571   0.0012567362  -0.0006624419
       -0.0000044505   0.0001834184   0.0003704050  -0.0007225655  -0.0016536772
        0.0000966299  -0.0003470455   0.0000364341   0.0000331673  -0.0000533328
        0.0001869395  -0.0000044395  -0.0000805858  -0.0001250723  -0.0000047241
        0.0000178081   0.0000950337  -0.1769875686   0.0739437500   0.0099329547
       -0.0315812584   0.0111428202   0.0011507376   0.2096360868  -0.1004310718
        0.0010883260  -0.0027403005   0.0032343572   0.0021795915   0.0007825059
       -0.0003693290  -0.0005641257  -0.0001086357  -0.0001778198   0.0002920745
        0.0011098769   0.0007010307   0.0009513575
        0.0216151302  -0.0223363991   0.0199088228   0.0004989508   0.0006051368
       -0.0001767071  -0.0011160759   0.0004058148  -0.0018482818  -0.0000317410
       -0.0001399841   0.0000350904  -0.0007225513   0.0006372098   0.0011648529
       -0.0001019148   0.0002994901  -0.0001046069  -0.0000814393  -0.0000384079
       -0.0001304527  -0.0000376102   0.0000925283   0.0000641125   0.0000323778
       -0.0000555185  -0.0000713541   0.0766692752  -0.0899026988  -0.0078742101
       -0.0150565251   0.0081933447   0.0002162684  -0.1004310718   0.1169776034
       -0.0030240497   0.0176296778  -0.0124455867  -0.0051186244   0.0004733044
        0.0000460159   0.0005985308  -0.0000568168   0.0004134463   0.0003045320
        0.0007170300  -0.0027519951  -0.0039439230
       -0.0241037589   0.0232524894  -0.0161103350  -0.0006097102  -0.0009438947
        0.0005552413  -0.0025308759   0.0039158608   0.0027083331   0.0001458587
       -0.0000440106   0.0000201702   0.0016536804  -0.0011648483   0.0004806502
        0.0001917414  -0.0000993745   0.0001024371   0.0001428450  -0.0001578866
        0.0001217347   0.0000427385  -0.0001290882   0.0000277668  -0.0000832819
       -0.0000567159   0.0001151122   0.0025361589  -0.0017767769  -0.0391953291
       -0.0001984550  -0.0005044015   0.0016991556   0.0010883260  -0.0030240497
        0.0562769983   0.0204886656  -0.0155828903  -0.0035768991   0.0002632042
        0.0005511328   0.0007047633   0.0003416011  -0.0001358012   0.0002667050
        0.0006312621  -0.0040997445  -0.0041965046
        0.0015641977  -0.0016670462  -0.0010220891   0.0004306312   0.0006857415
        0.0007097059   0.0004086836   0.0000794011  -0.0000961890   0.0000858544
        0.0001491979   0.0001219985   0.0000966283  -0.0001019155  -0.0001917400
        0.0001248480  -0.0000467607  -0.0000918287   0.0000443814  -0.0000486016
        0.0000477580  -0.0000019152   0.0000133021  -0.0000168253   0.0000396559
        0.0000555612  -0.0000295681  -0.0683485957   0.0016848641   0.0020431690
       -0.0004176435  -0.0154559231  -0.0185594947  -0.0027403005   0.0176296778
        0.0204886656   0.5238977488  -0.0020071237   0.0033546358  -0.1965949905
       -0.1136123560   0.0002339420  -0.0436815870   0.0013141070  -0.0019475424
       -0.2149075968   0.1113278740  -0.0050445975
       -0.0006050061   0.0096466604   0.0115238545   0.0003028252   0.0012688534
        0.0008744392   0.0005257306  -0.0018244867   0.0023624419   0.0002512472
        0.0003411025   0.0000946269  -0.0003470447   0.0002994903   0.0000993766
       -0.0000467532   0.0004323469   0.0009550554  -0.0000291429   0.0000795063
       -0.0000868825   0.0000028327  -0.0000737580   0.0003223066   0.0000152653
        0.0000960801  -0.0000881877   0.0017839996  -0.1183323479  -0.0685465011
       -0.0019842493  -0.0135294513  -0.0170033899   0.0032343572  -0.0124455867
       -0.0155828903  -0.0020071237   0.5025840060  -0.0342721728  -0.1141964455
       -0.1297463461   0.0007615447   0.0015144794  -0.1213329118   0.1142707476
        0.1115850283  -0.1174631572   0.0043156310
        0.0001487851  -0.0137303519  -0.0357796216  -0.0006871622  -0.0009544881
        0.0008811718  -0.0005466740   0.0039314258  -0.0038702377   0.0000852244
        0.0000307599  -0.0000481797  -0.0000364329   0.0001046075   0.0001024373
        0.0000918172  -0.0009550611  -0.0014843693   0.0000518529  -0.0000620022
        0.0000124010   0.0000002046   0.0002801587  -0.0005705111  -0.0000386032
       -0.0000479255  -0.0000040077   0.0034920477  -0.0658986139  -0.1466893546
       -0.0017196724  -0.0035421228  -0.0031571904   0.0021795915  -0.0051186244
       -0.0035768991   0.0033546358  -0.0342721728   0.4857889253   0.0004041391
        0.0011524284  -0.0430697412  -0.0022972915   0.1153048657  -0.2061671093
       -0.0044824621   0.0037771169  -0.0423677139
        0.0001505197   0.0004608499  -0.0000977937   0.0003586124  -0.0001003506
       -0.0006435874  -0.0001066668   0.0003551984   0.0002478011   0.0000370598
       -0.0000089032   0.0000873381  -0.0000047241   0.0000323782   0.0000832829
        0.0000396539   0.0000152645   0.0000386017  -0.0000549808   0.0000142147
       -0.0000193147  -0.0000095720  -0.0000009753   0.0000085732   0.0000515985
        0.0000177919  -0.0000238530  -0.0005268654  -0.0026861054  -0.0021862567
        0.0011549743  -0.0004663640  -0.0003278731   0.0007825059   0.0004733044
        0.0002632042  -0.1965949905  -0.1141964455   0.0004041391   0.2248706394
        0.1341884154  -0.0001685849  -0.0017981453  -0.0022847394   0.0013779545
       -0.0283496188  -0.0158135338   0.0009563689
        0.0006518685   0.0002454551   0.0008471740   0.0000392988   0.0002779435
       -0.0002655977  -0.0001705183   0.0004459488   0.0003547999   0.0000262495
       -0.0000354175   0.0001440230   0.0000178082  -0.0000555188   0.0000567169
        0.0000555613   0.0000960800   0.0000479256  -0.0000140034  -0.0000128632
        0.0000136976  -0.0000014694  -0.0000295535   0.0000129764   0.0000177917
        0.0000301141  -0.0000167383  -0.0163146511  -0.0147109702  -0.0041422986
       -0.0002222432  -0.0027366731  -0.0041543468  -0.0003693290   0.0000460159
        0.0005511328  -0.1136123560  -0.1297463461   0.0011524284   0.1341884154
        0.1506302243   0.0020556806  -0.0174607451  -0.0140834294   0.0034405856
        0.0131683219   0.0096389901  -0.0000981593
       -0.0005032432  -0.0012047828   0.0017509743   0.0004238468   0.0002777933
       -0.0007203470  -0.0000226162  -0.0000363833  -0.0002032014   0.0001174651
        0.0001209452   0.0000651514  -0.0000950331   0.0000713544   0.0001151116
        0.0000295685   0.0000881873  -0.0000040087  -0.0000121738  -0.0000092050
        0.0000007057   0.0000078832   0.0000065911   0.0000745102   0.0000238522
        0.0000167372  -0.0000366466  -0.0198045556  -0.0167699000  -0.0028447301
       -0.0004135660  -0.0035650465  -0.0040487695  -0.0005641257   0.0005985308
        0.0007047633   0.0002339420   0.0007615447  -0.0430697412  -0.0001685849
        0.0020556806   0.0494986568   0.0219451400   0.0178570232  -0.0019984561
       -0.0011977993  -0.0002690702   0.0007160273
        0.0004561863  -0.0000036278   0.0000749929   0.0000148384  -0.0000035915
       -0.0001048558   0.0002710794   0.0000524663   0.0000099544   0.0000070230
        0.0000160920   0.0000321249  -0.0000044381  -0.0000376098  -0.0000427375
       -0.0000019176   0.0000028302  -0.0000002095  -0.0000063093  -0.0000007759
        0.0000044048  -0.0000006896  -0.0000010749  -0.0000015605  -0.0000095729
       -0.0000014674  -0.0000078823   0.0002819244  -0.0005389874   0.0006653432
       -0.0000055551   0.0000669993  -0.0004839155  -0.0001086357  -0.0000568168
        0.0003416011  -0.0436815870   0.0015144794  -0.0022972915  -0.0017981453
       -0.0174607451   0.0219451400   0.0468329934  -0.0013361546   0.0024872255
       -0.0022471944   0.0177879840  -0.0226223342
       -0.0002061813  -0.0011619706  -0.0029950756   0.0002714606  -0.0000962696
       -0.0002758964   0.0000317684   0.0004729997  -0.0010326581   0.0000468197
        0.0000919358   0.0001173822  -0.0000805832   0.0000925293   0.0001290884
        0.0000132994  -0.0000737594  -0.0002801595   0.0000073014  -0.0000247952
       -0.0000035550  -0.0000010757   0.0000462516  -0.0000415593  -0.0000009755
       -0.0000295510  -0.0000065907  -0.0002176412   0.0086320525  -0.0134722420
        0.0001688712   0.0005864302  -0.0002540422  -0.0001778198   0.0004134463
       -0.0001358012   0.0013141070  -0.1213329118   0.1153048657  -0.0022847394
       -0.0140834294   0.0178570232  -0.0013361546   0.1390794074  -0.1311812970
        0.0024515431  -0.0126123659   0.0162705176
        0.0001393483  -0.0045726526  -0.0053713015  -0.0001556687  -0.0004499571
        0.0001726001  -0.0001996024   0.0012584013  -0.0012035612  -0.0000368809
       -0.0000247088   0.0000415950   0.0001250721  -0.0000641132   0.0000277661
        0.0000168224  -0.0003223081  -0.0005705090   0.0000152069  -0.0000193689
        0.0000751829   0.0000015599   0.0000415589  -0.0001757070  -0.0000085711
       -0.0000129765   0.0000745108  -0.0002891033   0.0132722978  -0.0238742995
       -0.0002421179   0.0005188684   0.0002255737   0.0002920745   0.0003045320
        0.0002667050  -0.0019475424   0.1142707476  -0.2061671093   0.0013779545
        0.0034405856  -0.0019984561   0.0024872255  -0.1311812970   0.2407317672
       -0.0015757773   0.0035403905  -0.0022547572
        0.0004117531  -0.0004399605  -0.0000035110  -0.0005218544   0.0000838654
        0.0001585182   0.0000835267  -0.0002192792  -0.0002067579   0.0000455016
       -0.0000607700  -0.0000940545   0.0000331660  -0.0000814389  -0.0001428434
        0.0000443797  -0.0000291437  -0.0000518541   0.0000608762  -0.0000143512
        0.0000207496  -0.0000063066   0.0000073017  -0.0000152049  -0.0000549792
       -0.0000140028   0.0000121746  -0.0025182681   0.0038989505   0.0025686707
        0.0006723015  -0.0004045226  -0.0002794365   0.0011098769   0.0007170300
        0.0006312621  -0.2149075968   0.1115850283  -0.0044824621  -0.0283496188
        0.0131683219  -0.0011977993  -0.0022471944   0.0024515431  -0.0015757773
        0.2461444366  -0.1306485722   0.0046583260
       -0.0006525940   0.0007398749   0.0008639725  -0.0000347093  -0.0000524155
       -0.0000091476  -0.0000402484   0.0002276218   0.0002220348   0.0000232285
       -0.0000783059  -0.0000051224  -0.0000533315  -0.0000384066   0.0001578874
       -0.0000486023   0.0000795066   0.0000620027  -0.0000143510   0.0000494759
       -0.0000111441  -0.0000007749  -0.0000247950   0.0000193704   0.0000142152
       -0.0000128619   0.0000092051   0.0169827831  -0.0130703214  -0.0032128040
        0.0004696018  -0.0000505267   0.0004719641   0.0007010307  -0.0027519951
       -0.0040997445   0.1113278740  -0.1174631572   0.0037771169  -0.0158135338
        0.0096389901  -0.0002690702   0.0177879840  -0.0126123659   0.0035403905
       -0.1306485722   0.1354196819  -0.0015169116
       -0.0002796621   0.0002449757   0.0017990079   0.0002174245  -0.0000396268
       -0.0001002834   0.0001370966  -0.0002199136  -0.0002767494   0.0000648247
        0.0000383402   0.0000887937  -0.0001869377   0.0001304538   0.0001217369
       -0.0000477573   0.0000868817   0.0000124005  -0.0000207499   0.0000111431
       -0.0000623415  -0.0000044021   0.0000035550   0.0000751831   0.0000193160
       -0.0000136977   0.0000007058   0.0208418114  -0.0157816766  -0.0020820385
        0.0003599151   0.0005124106   0.0006456314   0.0009513575  -0.0039439230
       -0.0041965046  -0.0050445975   0.0043156310  -0.0423677139   0.0009563689
       -0.0000981593   0.0007160273  -0.0226223342   0.0162705176  -0.0022547572
        0.0046583260  -0.0015169116   0.0478809018
