           1           2  0.950689379890893     
           1           3   1.01335324852067     
           3           4  0.974240366458409     
           3           5  0.965855670821638     
           3           6   1.01755465038253     
           6           7  0.986254801931090     
           6           8  0.985536470085993     
           6           9  0.986635150124604     
           1          10   1.01335324794013     
          10          11  0.974240366613555     
          10          12  0.965855670894829     
          10          13   1.01755465091067     
          13          14  0.986635150202174     
          13          15  0.985536470196335     
          13          16  0.986254802081727     
