$hessian                                                                        
        0.6552083032   0.0173825497   0.0047294124  -0.1264040601   0.0442410010
       -0.0004241163   0.0519717943   0.0128409545   0.0009048503  -0.0365634787
        0.0326661758  -0.0002386990  -0.0516423340  -0.0741448826  -0.0014359866
       -0.3277248487   0.0697257120  -0.0019615538  -0.0131724633   0.0037446506
       -0.0000081682   0.0010616406  -0.0028430364   0.0007134717   0.0000807777
       -0.0000973548  -0.0005912809   0.0004969605   0.0000216229   0.0000910556
       -0.0011659231  -0.0040272953  -0.0000668050  -0.0142876145   0.0273127662
        0.0000740490  -0.1372828415  -0.1255978010  -0.0017125948  -0.0005759123
       -0.0012250626  -0.0000736345
        0.0173825497   0.6665614559   0.0039953972   0.1223681259  -0.2942831345
       -0.0006390066  -0.0431265564  -0.0675230077  -0.0012982488   0.0340769116
       -0.0180038466  -0.0002200938  -0.0149032250   0.0361255868   0.0002624931
       -0.0107839638  -0.0949362786  -0.0004194483   0.0273297842  -0.0052710796
        0.0001972826  -0.0040401165  -0.0020580887   0.0012238884  -0.0002459105
        0.0008377800  -0.0000508478   0.0002235571  -0.0001394239  -0.0006251801
       -0.0032619614  -0.0031093413  -0.0001672347   0.0032511864  -0.0046819784
        0.0000679568  -0.1254148660  -0.2107667618  -0.0022326118  -0.0028555153
       -0.0027518816  -0.0000943463
        0.0047294124   0.0039953972   0.1080961918   0.0002271576  -0.0013564057
       -0.0467892410   0.0001342096  -0.0003960161   0.0023024537  -0.0000519233
        0.0001493564  -0.0040161876  -0.0005689583  -0.0004041591   0.0011336097
       -0.0024887263   0.0003356594  -0.0441380079   0.0000110589   0.0000034374
        0.0007113405   0.0000436754  -0.0000189174  -0.0001589553  -0.0000523603
        0.0000043505   0.0000224878   0.0000070871  -0.0000079091  -0.0000123550
       -0.0000792245  -0.0001123629   0.0075616023  -0.0000816943   0.0001555447
        0.0005517355  -0.0017219612  -0.0022832239  -0.0305194836  -0.0001077528
       -0.0000647514   0.0052548091
       -0.1264040601   0.1223681259   0.0002271576   0.6760127523   0.0025253625
        0.0043061019  -0.1867182636  -0.1603629391  -0.0022023699  -0.0447251551
       -0.0193348866  -0.0001466844   0.0016105925  -0.0047066870   0.0000454078
       -0.0232957517   0.0302530866  -0.0000623978  -0.0058509683   0.0012489398
       -0.0001345455  -0.0031125397   0.0036728629  -0.0015170048  -0.0000088148
       -0.0000925831   0.0001742249  -0.0013608934  -0.0010547141   0.0006881903
        0.0063063975   0.0086399089   0.0001613831  -0.2976247027   0.0337277978
       -0.0015053086   0.0058868189  -0.0167175706  -0.0000436137  -0.0007154118
       -0.0001667040   0.0000094591
        0.0442410010  -0.2942831345  -0.0013564057   0.0025253625   0.6580932723
        0.0039925613  -0.0874181251  -0.2551841154  -0.0015287566  -0.0711426862
        0.0358337151  -0.0000231105  -0.0078803384  -0.0593377735  -0.0007091847
        0.0891059206   0.0103350036   0.0008509222   0.0006789358   0.0011306815
       -0.0000200458   0.0070359375   0.0020779917  -0.0017484923   0.0008170845
       -0.0011300545   0.0000784187  -0.0001819454   0.0005831119   0.0010003990
       -0.0153683315  -0.0260006741  -0.0003980170   0.0335528440  -0.0481656260
       -0.0000337716   0.0073777324  -0.0247100957  -0.0001022987  -0.0033433917
        0.0007576977  -0.0000022182
       -0.0004241163  -0.0006390066  -0.0467892410   0.0043061019   0.0039925613
        0.1161208743  -0.0020320864  -0.0029645265  -0.0425421649  -0.0005896928
        0.0000990716  -0.0023777388  -0.0000484661  -0.0004542962  -0.0042012293
        0.0004849164   0.0003525880   0.0012972981  -0.0001263247   0.0000088017
        0.0076231902  -0.0003766501  -0.0007603954   0.0043111782  -0.0001019830
        0.0004656973   0.0003610126   0.0004223073   0.0002214382   0.0015741077
       -0.0000434433  -0.0000713378  -0.0004780935  -0.0015722110   0.0000643442
       -0.0342697208   0.0001056411  -0.0003013992  -0.0005438415  -0.0000039931
       -0.0000135407  -0.0000856312
        0.0519717943  -0.0431265564   0.0001342096  -0.1867182636  -0.0874181251
       -0.0020320864   0.6402665871   0.0217785835   0.0034947178  -0.2883343217
       -0.0044559756  -0.0026667106  -0.0241976022   0.0761736615   0.0002766356
       -0.0481393712  -0.0188860944  -0.0004659645  -0.0003422853  -0.0005582964
        0.0000278395  -0.0453378389  -0.0154210468   0.0037601863   0.0000012250
        0.0035226432  -0.0008349604  -0.0000145376  -0.0038798124  -0.0011047244
       -0.0833863208   0.0929317976  -0.0002633290  -0.0217688414  -0.0231640758
       -0.0003034474   0.0001649900   0.0026730921   0.0000019557   0.0058347863
       -0.0001697950  -0.0000243220
        0.0128409545  -0.0675230077  -0.0003960161  -0.1603629391  -0.2551841154
       -0.0029645265   0.0217785835   0.6824586076   0.0034790794   0.0680741443
       -0.0925957906   0.0000907878   0.0250563960   0.0126974422   0.0005196242
       -0.0252827999  -0.0070852152  -0.0002406312  -0.0006501608   0.0006320680
       -0.0000304171  -0.0377157837  -0.0023332115  -0.0002078942  -0.0022178746
        0.0020628905  -0.0000540345  -0.0028534590  -0.0042057289   0.0003453426
        0.0934370413  -0.2617919636  -0.0005586612   0.0007656656   0.0018695852
        0.0000766883   0.0021917734  -0.0049058816  -0.0000651032   0.0049384585
       -0.0040956790   0.0000057617
        0.0009048503  -0.0012982488   0.0023024537  -0.0022023699  -0.0015287566
       -0.0425421649   0.0034947178   0.0034790794   0.1066511609  -0.0014641521
       -0.0007569151  -0.0486848879   0.0001128757   0.0009108265  -0.0006319917
       -0.0009329612  -0.0003255545  -0.0027716055  -0.0000042591  -0.0000001185
       -0.0001793708   0.0006413407   0.0004636017   0.0043714052   0.0002147827
        0.0003329876  -0.0010092750  -0.0006028593  -0.0002276417   0.0019972008
       -0.0000613757  -0.0008082954  -0.0310578802  -0.0001230487  -0.0001349354
        0.0002411293  -0.0000342938  -0.0000415674   0.0065910064   0.0000567525
       -0.0000644618   0.0047228197
       -0.0365634787   0.0340769116  -0.0000519233  -0.0447251551  -0.0711426862
       -0.0005896928  -0.2883343217   0.0680741443  -0.0014641521   0.6559284468
        0.0328519532   0.0022528051  -0.0922452998   0.0365119926  -0.0002201692
        0.0500143947   0.0085341104   0.0004671128  -0.0015195118  -0.0030460853
       -0.0001756289  -0.1727145467  -0.1143874197  -0.0105288035   0.0104732805
        0.0040915396   0.0034997560  -0.0277549640  -0.0225562426   0.0074831708
       -0.0142942059   0.0046795459  -0.0002338393  -0.0007056961  -0.0026225882
       -0.0000954778  -0.0001988404   0.0010390311  -0.0000540899  -0.0373601019
        0.0238957933  -0.0002890678
        0.0326661758  -0.0180038466   0.0001493564  -0.0193348866   0.0358337151
        0.0000990716  -0.0044559756  -0.0925957906  -0.0007569151   0.0328519532
        0.6742168448   0.0024192837   0.1039015400  -0.2601055045  -0.0008377756
       -0.0405756779  -0.0573736118  -0.0005225513  -0.0023616047  -0.0016397131
       -0.0000506013  -0.1173241456  -0.2393774883  -0.0147286938  -0.0122998311
       -0.0316193670   0.0089247588  -0.0075808357   0.0069259253   0.0053720576
        0.0286656234  -0.0070856993   0.0000680640  -0.0028054205  -0.0029934473
       -0.0001378380   0.0008514601   0.0007460930  -0.0000084128   0.0078016252
       -0.0069281097   0.0000101957
       -0.0002386990  -0.0002200938  -0.0040161876  -0.0001466844  -0.0000231105
       -0.0023777388  -0.0026667106   0.0000907878  -0.0486848879   0.0022528051
        0.0024192837   0.1261127192   0.0002465813  -0.0022058426  -0.0482455387
        0.0001203597   0.0000337121  -0.0038492501  -0.0001034657  -0.0001220663
        0.0075804156   0.0098902754   0.0115955056  -0.0292224302  -0.0048146899
       -0.0063999673  -0.0043376954  -0.0046052611  -0.0055959166  -0.0039374037
        0.0000830436   0.0001046161   0.0008069347  -0.0001363274  -0.0000925518
        0.0082196289  -0.0000277975  -0.0000142357   0.0006563041   0.0001465704
        0.0004298796   0.0012951299
       -0.0516423340  -0.0149032250  -0.0005689583   0.0016105925  -0.0078803384
       -0.0000484661  -0.0241976022   0.0250563960   0.0001128757  -0.0922452998
        0.1039015400   0.0002465813   0.4550772283   0.0493926043   0.0037167816
       -0.1598896685  -0.1505630379  -0.0020762558   0.0047254810   0.0090947755
        0.0001646722   0.0031232108  -0.0248464778   0.0007829763  -0.0028756876
       -0.0025805636   0.0002276298   0.0001577934  -0.0022863874  -0.0011979570
       -0.0044599744   0.0007719090  -0.0000334978   0.0009472647  -0.0003261325
       -0.0000528367  -0.0045167367   0.0007800381  -0.0001326016  -0.1258142675
        0.0143888995  -0.0011409436
       -0.0741448826   0.0361255868  -0.0004041591  -0.0047066870  -0.0593377735
       -0.0004542962   0.0761736615   0.0126974422   0.0009108265   0.0365119926
       -0.2601055045  -0.0022058426   0.0493926043   0.6401853841   0.0031046069
       -0.0847883403  -0.2579415272  -0.0020529138  -0.0158066670  -0.0269505483
       -0.0002702789   0.0015672170  -0.0547501387   0.0030715686  -0.0039456779
       -0.0022717034  -0.0005715245   0.0037787879  -0.0001336724  -0.0008990805
       -0.0002095806   0.0006329923  -0.0000104400  -0.0003200148  -0.0007998810
       -0.0000290123   0.0010986910   0.0008946163  -0.0000500815   0.0153988957
       -0.0282452726  -0.0001393725
       -0.0014359866   0.0002624931   0.0011336097   0.0000454078  -0.0007091847
       -0.0042012293   0.0002766356   0.0005196242  -0.0006319917  -0.0002201692
       -0.0008377756  -0.0482455387   0.0037167816   0.0031046069   0.0896342428
       -0.0008528610  -0.0021380467  -0.0405905223  -0.0000112025   0.0000040715
        0.0003840450   0.0001466400   0.0005587752   0.0032955024  -0.0002014291
       -0.0007808475   0.0018557139   0.0003209185  -0.0000292256  -0.0004687862
       -0.0000568226  -0.0000613796   0.0072262903  -0.0000017021  -0.0000103280
        0.0004909202  -0.0000880443  -0.0000278980   0.0070584438  -0.0016381661
        0.0001451146  -0.0169406999
       -0.3277248487  -0.0107839638  -0.0024887263  -0.0232957517   0.0891059206
        0.0004849164  -0.0481393712  -0.0252827999  -0.0009329612   0.0500143947
       -0.0405756779   0.0001203597  -0.1598896685  -0.0847883403  -0.0008528610
        0.6563483861  -0.0119423420   0.0050134971  -0.0835194320   0.0938262207
       -0.0001762586  -0.0028048666   0.0053532801  -0.0009275420   0.0004231545
        0.0005577889   0.0007229584  -0.0015479996   0.0002391929   0.0000476288
       -0.0006036041  -0.0002400881  -0.0000844769  -0.0002355267   0.0026814796
       -0.0000543170  -0.0216414817   0.0002772431  -0.0001482033  -0.0373833844
       -0.0184279138  -0.0007240141
        0.0697257120  -0.0949362786   0.0003356594   0.0302530866   0.0103350036
        0.0003525880  -0.0188860944  -0.0070852152  -0.0003255545   0.0085341104
       -0.0573736118   0.0000337121  -0.1505630379  -0.2579415272  -0.0021380467
       -0.0119423420   0.6695874221   0.0028085176   0.0950967788  -0.2617895131
       -0.0001402529   0.0032676699  -0.0010388720  -0.0016915662  -0.0006084788
       -0.0013037604   0.0009226402  -0.0004513114   0.0003505784   0.0001529591
       -0.0005721823   0.0008488146   0.0000069139   0.0028251080  -0.0046980599
       -0.0000533573  -0.0240725624   0.0012393336  -0.0001958905  -0.0026064564
        0.0038056859  -0.0000683221
       -0.0019615538  -0.0004194483  -0.0441380079  -0.0000623978   0.0008509222
        0.0012972981  -0.0004659645  -0.0002406312  -0.0027716055   0.0004671128
       -0.0005225513  -0.0038492501  -0.0020762558  -0.0020529138  -0.0405905223
        0.0050134971   0.0028085176   0.1106781637  -0.0000536034  -0.0001618762
       -0.0334734931  -0.0006221572  -0.0004852107   0.0043657756   0.0002238453
        0.0004413058   0.0015406082   0.0001954844   0.0002240536  -0.0000483977
       -0.0000059556   0.0000092366  -0.0001412800  -0.0000230923  -0.0000641214
        0.0071354283  -0.0003256861   0.0000164010  -0.0006900307  -0.0003032730
       -0.0004036838   0.0006853134
       -0.0131724633   0.0273297842   0.0000110589  -0.0058509683   0.0006789358
       -0.0001263247  -0.0003422853  -0.0006501608  -0.0000042591  -0.0015195118
       -0.0023616047  -0.0001034657   0.0047254810  -0.0158066670  -0.0000112025
       -0.0835194320   0.0950967788  -0.0000536034   0.0979688667  -0.1039675215
        0.0002139886   0.0001785648  -0.0009333891  -0.0000628364  -0.0001292091
       -0.0002841978   0.0000186302   0.0000601716  -0.0001332213  -0.0000041846
        0.0000001876  -0.0000562469   0.0000188732  -0.0008491071   0.0014465626
        0.0000116230   0.0006032514   0.0007025191   0.0000300058   0.0018464537
       -0.0010615715   0.0000616966
        0.0037446506  -0.0052710796   0.0000034374   0.0012489398   0.0011306815
        0.0000088017  -0.0005582964   0.0006320680  -0.0000001185  -0.0030460853
       -0.0016397131  -0.0001220663   0.0090947755  -0.0269505483   0.0000040715
        0.0938262207  -0.2617895131  -0.0001618762  -0.1039675215   0.2946420882
        0.0002062416   0.0002054857  -0.0018963436   0.0000802060  -0.0002121778
       -0.0001824633   0.0000282295   0.0003613408  -0.0000883278  -0.0001106230
       -0.0000067816  -0.0000216041  -0.0000055398   0.0002463080  -0.0004080065
        0.0000029002  -0.0006189507   0.0009625174   0.0000046154  -0.0003179079
        0.0008802445   0.0000617205
       -0.0000081682   0.0001972826   0.0007113405  -0.0001345455  -0.0000200458
        0.0076231902   0.0000278395  -0.0000304171  -0.0001793708  -0.0001756289
       -0.0000506013   0.0075804156   0.0001646722  -0.0002702789   0.0003840450
       -0.0001762586  -0.0001402529  -0.0334734931   0.0002139886   0.0002062416
        0.0236772595   0.0000043912   0.0000364869  -0.0000302133   0.0000313818
        0.0000121013  -0.0001717263  -0.0000057981   0.0000155589   0.0000476819
        0.0000058482   0.0000170277  -0.0014862338  -0.0000095088   0.0000142173
       -0.0000551081   0.0000228225   0.0000261188  -0.0025790123   0.0000389642
       -0.0000134391  -0.0020487751
        0.0010616406  -0.0040401165   0.0000436754  -0.0031125397   0.0070359375
       -0.0003766501  -0.0453378389  -0.0377157837   0.0006413407  -0.1727145467
       -0.1173241456   0.0098902754   0.0031232108   0.0015672170   0.0001466400
       -0.0028048666   0.0032676699  -0.0006221572   0.0001785648   0.0002054857
        0.0000043912   0.6968093799  -0.0427498905   0.0507817362  -0.1079042697
        0.1306275981   0.0393646169  -0.3745929943   0.0575652695  -0.1005481324
        0.0015043130  -0.0013496745   0.0001759295  -0.0015981451  -0.0013787393
       -0.0000393390  -0.0000047686  -0.0002133334   0.0001069861   0.0053928604
        0.0045025058   0.0004306873
       -0.0028430364  -0.0020580887  -0.0000189174   0.0036728629   0.0020779917
       -0.0007603954  -0.0154210468  -0.0023332115   0.0004636017  -0.1143874197
       -0.2393774883   0.0115955056  -0.0248464778  -0.0547501387   0.0005587752
        0.0053532801  -0.0010388720  -0.0004852107  -0.0009333891  -0.0018963436
        0.0000364869  -0.0427498905   0.6776733689   0.0914600273   0.1291914173
       -0.3208515743  -0.1098069778   0.0593559189  -0.0577648155   0.0061858856
        0.0013236724   0.0014240825   0.0004992808  -0.0002831569  -0.0000002043
        0.0000171458  -0.0001725116  -0.0001746354   0.0001876274   0.0027397770
       -0.0009300709   0.0000671648
        0.0007134717   0.0012238884  -0.0001589553  -0.0015170048  -0.0017484923
        0.0043111782   0.0037601863  -0.0002078942   0.0043714052  -0.0105288035
       -0.0147286938  -0.0292224302   0.0007829763   0.0030715686   0.0032955024
       -0.0009275420  -0.0016915662   0.0043657756  -0.0000628364   0.0000802060
       -0.0000302133   0.0507817362   0.0914600273   0.0688164910   0.0349170897
       -0.0855861880  -0.0294109289  -0.0769230174   0.0079472692  -0.0233326390
        0.0002457606   0.0001787444  -0.0015809388   0.0001171282  -0.0000176017
       -0.0000626744   0.0000703993   0.0001208171  -0.0010060893  -0.0014295444
       -0.0001020848  -0.0003554833
        0.0000807777  -0.0002459105  -0.0000523603  -0.0000088148   0.0008170845
       -0.0001019830   0.0000012250  -0.0022178746   0.0002147827   0.0104732805
       -0.0122998311  -0.0048146899  -0.0028756876  -0.0039456779  -0.0002014291
        0.0004231545  -0.0006084788   0.0002238453  -0.0001292091  -0.0002121778
        0.0000313818  -0.1079042697   0.1291914173   0.0349170897   0.1107574068
       -0.1358630688  -0.0387109463  -0.0106000112   0.0245969313   0.0084813596
       -0.0008189406   0.0002656390   0.0000476985  -0.0000358169  -0.0000579501
        0.0000111547   0.0000154930   0.0000614220   0.0000339819   0.0006214123
        0.0005184756  -0.0000798856
       -0.0000973548   0.0008377800   0.0000043505  -0.0000925831  -0.0011300545
        0.0004656973   0.0035226432   0.0020628905   0.0003329876   0.0040915396
       -0.0316193670  -0.0063999673  -0.0025805636  -0.0022717034  -0.0007808475
        0.0005577889  -0.0013037604   0.0004413058  -0.0002841978  -0.0001824633
        0.0000121013   0.1306275981  -0.3208515743  -0.0855861880  -0.1358630688
        0.3570333764   0.0936326897   0.0021215746  -0.0036008496  -0.0016432242
       -0.0009349515   0.0002288087  -0.0002628640   0.0001620270   0.0001694882
       -0.0000044569  -0.0000003405   0.0001289624  -0.0001229508  -0.0012301113
        0.0004984661  -0.0000886336
       -0.0005912809  -0.0000508478   0.0000224878   0.0001742249   0.0000784187
        0.0003610126  -0.0008349604  -0.0000540345  -0.0010092750   0.0034997560
        0.0089247588  -0.0043376954   0.0002276298  -0.0005715245   0.0018557139
        0.0007229584   0.0009226402   0.0015406082   0.0000186302   0.0000282295
       -0.0001717263   0.0393646169  -0.1098069778  -0.0294109289  -0.0387109463
        0.0936326897   0.0333040233  -0.0032493446   0.0066326160  -0.0016059476
       -0.0004799727  -0.0000223151  -0.0004625365  -0.0000834947  -0.0000016608
        0.0000744749  -0.0000393662  -0.0000040459  -0.0002095755  -0.0000184504
        0.0002920534   0.0000493645
        0.0004969605   0.0002235571   0.0000070871  -0.0013608934  -0.0001819454
        0.0004223073  -0.0000145376  -0.0028534590  -0.0006028593  -0.0277549640
       -0.0075808357  -0.0046052611   0.0001577934   0.0037787879   0.0003209185
       -0.0015479996  -0.0004513114   0.0001954844   0.0000601716   0.0003613408
       -0.0000057981  -0.3745929943   0.0593559189  -0.0769230174  -0.0106000112
        0.0021215746  -0.0032493446   0.4128206240  -0.0540205479   0.0847430931
        0.0005078960  -0.0003616906  -0.0001138877  -0.0001162539  -0.0002154873
        0.0000201393   0.0000179166   0.0000528764  -0.0000688572   0.0019262921
       -0.0002287784  -0.0001400045
        0.0000216229  -0.0001394239  -0.0000079091  -0.0010547141   0.0005831119
        0.0002214382  -0.0038798124  -0.0042057289  -0.0002276417  -0.0225562426
        0.0069259253  -0.0055959166  -0.0022863874  -0.0001336724  -0.0000292256
        0.0002391929   0.0003505784   0.0002240536  -0.0001332213  -0.0000883278
        0.0000155589   0.0575652695  -0.0577648155   0.0079472692   0.0245969313
       -0.0036008496   0.0066326160  -0.0540205479   0.0594451104  -0.0091175079
       -0.0001306162  -0.0000943704  -0.0000901296  -0.0002520448  -0.0002888360
       -0.0000024092   0.0000541938   0.0000202480  -0.0000234891   0.0018363764
       -0.0010089494   0.0000532928
        0.0000910556  -0.0006251801  -0.0000123550   0.0006881903   0.0010003990
        0.0015741077  -0.0011047244   0.0003453426   0.0019972008   0.0074831708
        0.0053720576  -0.0039374037  -0.0011979570  -0.0008990805  -0.0004687862
        0.0000476288   0.0001529591  -0.0000483977  -0.0000041846  -0.0001106230
        0.0000476819  -0.1005481324   0.0061858856  -0.0233326390   0.0084813596
       -0.0016432242  -0.0016059476   0.0847430931  -0.0091175079   0.0268516733
        0.0000644009  -0.0001641272   0.0000396026   0.0000064598  -0.0000012928
       -0.0002575520   0.0000093149  -0.0000620735  -0.0001450421   0.0012403245
       -0.0004335349  -0.0007021430
       -0.0011659231  -0.0032619614  -0.0000792245   0.0063063975  -0.0153683315
       -0.0000434433  -0.0833863208   0.0934370413  -0.0000613757  -0.0142942059
        0.0286656234   0.0000830436  -0.0044599744  -0.0002095806  -0.0000568226
       -0.0006036041  -0.0005721823  -0.0000059556   0.0000001876  -0.0000067816
        0.0000058482   0.0015043130   0.0013236724   0.0002457606  -0.0008189406
       -0.0009349515  -0.0004799727   0.0005078960  -0.0001306162   0.0000644009
        0.0966604883  -0.1023338613   0.0003285511   0.0008131985  -0.0009672660
        0.0000089797   0.0001968082  -0.0008501833  -0.0000195753  -0.0012603200
        0.0012093786   0.0000097856
       -0.0040272953  -0.0031093413  -0.0001123629   0.0086399089  -0.0260006741
       -0.0000713378   0.0929317976  -0.2617919636  -0.0008082954   0.0046795459
       -0.0070856993   0.0001046161   0.0007719090   0.0006329923  -0.0000613796
       -0.0002400881   0.0008488146   0.0000092366  -0.0000562469  -0.0000216041
        0.0000170277  -0.0013496745   0.0014240825   0.0001787444   0.0002656390
        0.0002288087  -0.0000223151  -0.0003616906  -0.0000943704  -0.0001641272
       -0.1023338613   0.2959444545   0.0008989932   0.0005336323   0.0007380708
        0.0000267797   0.0003815713  -0.0014860124  -0.0000325911   0.0001648527
       -0.0002275582   0.0000370114
       -0.0000668050  -0.0001672347   0.0075616023   0.0001613831  -0.0003980170
       -0.0004780935  -0.0002633290  -0.0005586612  -0.0310578802  -0.0002338393
        0.0000680640   0.0008069347  -0.0000334978  -0.0000104400   0.0072262903
       -0.0000844769   0.0000069139  -0.0001412800   0.0000188732  -0.0000055398
       -0.0014862338   0.0001759295   0.0004992808  -0.0015809388   0.0000476985
       -0.0002628640  -0.0004625365  -0.0001138877  -0.0000901296   0.0000396026
        0.0003285511   0.0008989932   0.0224595550   0.0000237061   0.0000158307
       -0.0027416123   0.0000012569  -0.0000446696   0.0003662336   0.0000384374
        0.0000484732  -0.0005116432
       -0.0142876145   0.0032511864  -0.0000816943  -0.2976247027   0.0335528440
       -0.0015722110  -0.0217688414   0.0007656656  -0.0001230487  -0.0007056961
       -0.0028054205  -0.0001363274   0.0009472647  -0.0003200148  -0.0000017021
       -0.0002355267   0.0028251080  -0.0000230923  -0.0008491071   0.0002463080
       -0.0000095088  -0.0015981451  -0.0002831569   0.0001171282  -0.0000358169
        0.0001620270  -0.0000834947  -0.0001162539  -0.0002520448   0.0000064598
        0.0008131985   0.0005336323   0.0000237061   0.3343320292  -0.0370561900
        0.0018566976   0.0008493107  -0.0005452482   0.0000140661   0.0002799012
       -0.0000746961   0.0000130215
        0.0273127662  -0.0046819784   0.0001555447   0.0337277978  -0.0481656260
        0.0000643442  -0.0231640758   0.0018695852  -0.0001349354  -0.0026225882
       -0.0029934473  -0.0000925518  -0.0003261325  -0.0007998810  -0.0000103280
        0.0026814796  -0.0046980599  -0.0000641214   0.0014465626  -0.0004080065
        0.0000142173  -0.0013787393  -0.0000002043  -0.0000176017  -0.0000579501
        0.0001694882  -0.0000016608  -0.0002154873  -0.0002888360  -0.0000012928
       -0.0009672660   0.0007380708   0.0000158307  -0.0370561900   0.0585850341
        0.0000308903   0.0007635380   0.0006230911   0.0000225278  -0.0001437151
        0.0000507699   0.0000191370
        0.0000740490   0.0000679568   0.0005517355  -0.0015053086  -0.0000337716
       -0.0342697208  -0.0003034474   0.0000766883   0.0002411293  -0.0000954778
       -0.0001378380   0.0082196289  -0.0000528367  -0.0000290123   0.0004909202
       -0.0000543170  -0.0000533573   0.0071354283   0.0000116230   0.0000029002
       -0.0000551081  -0.0000393390   0.0000171458  -0.0000626744   0.0000111547
       -0.0000044569   0.0000744749   0.0000201393  -0.0000024092  -0.0002575520
        0.0000089797   0.0000267797  -0.0027416123   0.0018566976   0.0000308903
        0.0242379221   0.0000310200   0.0000146227  -0.0022771091   0.0000370630
        0.0000238615  -0.0012874624
       -0.1372828415  -0.1254148660  -0.0017219612   0.0058868189   0.0073777324
        0.0001056411   0.0001649900   0.0021917734  -0.0000342938  -0.0001988404
        0.0008514601  -0.0000277975  -0.0045167367   0.0010986910  -0.0000880443
       -0.0216414817  -0.0240725624  -0.0003256861   0.0006032514  -0.0006189507
        0.0000228225  -0.0000047686  -0.0001725116   0.0000703993   0.0000154930
       -0.0000003405  -0.0000393662   0.0000179166   0.0000541938   0.0000093149
        0.0001968082   0.0003815713   0.0000012569   0.0008493107   0.0007635380
        0.0000310200   0.1571894682   0.1384583876   0.0020385042  -0.0012793879
       -0.0008981164  -0.0000418098
       -0.1255978010  -0.2107667618  -0.0022832239  -0.0167175706  -0.0247100957
       -0.0003013992   0.0026730921  -0.0049058816  -0.0000415674   0.0010390311
        0.0007460930  -0.0000142357   0.0007800381   0.0008946163  -0.0000278980
        0.0002772431   0.0012393336   0.0000164010   0.0007025191   0.0009625174
        0.0000261188  -0.0002133334  -0.0001746354   0.0001208171   0.0000614220
        0.0001289624  -0.0000040459   0.0000528764   0.0000202480  -0.0000620735
       -0.0008501833  -0.0014860124  -0.0000446696  -0.0005452482   0.0006230911
        0.0000146227   0.1384583876   0.2374128236   0.0025994938  -0.0001204731
        0.0000157017   0.0000016598
       -0.0017125948  -0.0022326118  -0.0305194836  -0.0000436137  -0.0001022987
       -0.0005438415   0.0000019557  -0.0000651032   0.0065910064  -0.0000540899
       -0.0000084128   0.0006563041  -0.0001326016  -0.0000500815   0.0070584438
       -0.0001482033  -0.0001958905  -0.0006900307   0.0000300058   0.0000046154
       -0.0025790123   0.0001069861   0.0001876274  -0.0010060893   0.0000339819
       -0.0001229508  -0.0002095755  -0.0000688572  -0.0000234891  -0.0001450421
       -0.0000195753  -0.0000325911   0.0003662336   0.0000140661   0.0000225278
       -0.0022771091   0.0020385042   0.0025994938   0.0229521942  -0.0000459641
        0.0000191653   0.0003460018
       -0.0005759123  -0.0028555153  -0.0001077528  -0.0007154118  -0.0033433917
       -0.0000039931   0.0058347863   0.0049384585   0.0000567525  -0.0373601019
        0.0078016252   0.0001465704  -0.1258142675   0.0153988957  -0.0016381661
       -0.0373833844  -0.0026064564  -0.0003032730   0.0018464537  -0.0003179079
        0.0000389642   0.0053928604   0.0027397770  -0.0014295444   0.0006214123
       -0.0012301113  -0.0000184504   0.0019262921   0.0018363764   0.0012403245
       -0.0012603200   0.0001648527   0.0000384374   0.0002799012  -0.0001437151
        0.0000370630  -0.0012793879  -0.0001204731  -0.0000459641   0.1884870797
       -0.0222624148   0.0019890318
       -0.0012250626  -0.0027518816  -0.0000647514  -0.0001667040   0.0007576977
       -0.0000135407  -0.0001697950  -0.0040956790  -0.0000644618   0.0238957933
       -0.0069281097   0.0004298796   0.0143888995  -0.0282452726   0.0001451146
       -0.0184279138   0.0038056859  -0.0004036838  -0.0010615715   0.0008802445
       -0.0000134391   0.0045025058  -0.0009300709  -0.0001020848   0.0005184756
        0.0004984661   0.0002920534  -0.0002287784  -0.0010089494  -0.0004335349
        0.0012093786  -0.0002275582   0.0000484732  -0.0000746961   0.0000507699
        0.0000238615  -0.0008981164   0.0000157017   0.0000191653  -0.0222624148
        0.0381789556   0.0001369489
       -0.0000736345  -0.0000943463   0.0052548091   0.0000094591  -0.0000022182
       -0.0000856312  -0.0000243220   0.0000057617   0.0047228197  -0.0002890678
        0.0000101957   0.0012951299  -0.0011409436  -0.0001393725  -0.0169406999
       -0.0007240141  -0.0000683221   0.0006853134   0.0000616966   0.0000617205
       -0.0020487751   0.0004306873   0.0000671648  -0.0003554833  -0.0000798856
       -0.0000886336   0.0000493645  -0.0001400045   0.0000532928  -0.0007021430
        0.0000097856   0.0000370114  -0.0005116432   0.0000130215   0.0000191370
       -0.0012874624  -0.0000418098   0.0000016598   0.0003460018   0.0019890318
        0.0001369489   0.0095783996
