           1           2   1.41761276074122     
           2           3   1.47188812064018     
           3           4   1.32060959340704     
           4           5   1.30743288016674     
           1           6   1.42453452777092     
           3           6  0.101515511605069     
           5           6   1.43471594762841     
           6           7  0.968095250766999     
           4           8   1.21115986178157     
           8           9  0.934460619017020     
           8          10  0.935290178223917     
           3          11  0.965864831677273     
           2          12  0.969426369692138     
           1          13  0.969961210529187     
           5          14  0.918769772249868     
