$hessian                                                                        
        0.6713344200   0.0254913210  -0.0001291303  -0.3125092603   0.1065855873
        0.0000712375  -0.0618337967  -0.0549185706   0.0000201770  -0.0256604888
        0.0373694156   0.0000013419   0.0396782059  -0.0066732203  -0.0000095374
       -0.0841351460  -0.0008163547   0.0000103089  -0.0013888865  -0.0032452756
        0.0000001266   0.0006921055  -0.0001702149  -0.0000003069  -0.0084960618
        0.0044370528   0.0000037971  -0.0026411771  -0.0034290066   0.0000023126
       -0.1886032659  -0.1323863513   0.0000270468  -0.0027591524  -0.0034961844
        0.0000033652  -0.0236774956   0.0312518016  -0.0000007389
        0.0254913210   0.6545484970  -0.0000068696   0.0262759488  -0.1130771577
       -0.0000084916   0.0026514014   0.0507846222  -0.0000043275   0.0344288834
       -0.0346952948  -0.0000050874  -0.0589359917  -0.0523252626   0.0000197177
        0.0671988554  -0.3170758996  -0.0000108824  -0.0016123830   0.0008640590
       -0.0000001022  -0.0001728617   0.0002708151   0.0000009349   0.0280656430
       -0.0110392608  -0.0000092998  -0.0035473476  -0.0018907760   0.0000024974
       -0.1334901119  -0.1623891641   0.0000237513  -0.0030209320  -0.0014967620
       -0.0000003681   0.0166675750  -0.0124784156  -0.0000014726
       -0.0001291303  -0.0000068696   0.1081616463   0.0000709744  -0.0000273010
       -0.0452892952   0.0000165534   0.0000113015   0.0020336146   0.0000034379
       -0.0000060900  -0.0043351141  -0.0000037890   0.0000063533   0.0008698435
        0.0000034924  -0.0000020527  -0.0473811147   0.0000002255   0.0000002639
       -0.0001631830  -0.0000004218   0.0000000768   0.0001694509   0.0000013310
       -0.0000007189   0.0005146645   0.0000021192   0.0000015257   0.0074018710
        0.0000295762   0.0000234952  -0.0312790367   0.0000031840   0.0000022894
        0.0070979620   0.0000024472  -0.0000022735   0.0021986910
       -0.3125092603   0.0262759488   0.0000709744   0.6546482388  -0.0027644717
       -0.0001498356  -0.2275510029  -0.0834318962   0.0000526349   0.0461988656
       -0.0696208578  -0.0000043334  -0.0578321178  -0.0151948669   0.0000143422
       -0.0034161379   0.0972320152  -0.0000022757   0.0017151869   0.0063738223
        0.0000010323  -0.0010993868   0.0005787741   0.0000000923  -0.0553460789
        0.0556857346   0.0000000150  -0.0242770077  -0.0182407560   0.0000084500
       -0.0231157071   0.0046171242   0.0000080560  -0.0004125338   0.0000635940
       -0.0000002261   0.0029969419  -0.0015741646   0.0000010737
        0.1065855873  -0.1130771577  -0.0000273010  -0.0027644717   0.6760240665
       -0.0000395668  -0.1602293524  -0.2056175092   0.0000538579  -0.0093260711
       -0.0542528555   0.0000051260  -0.0123077316  -0.0001670834   0.0000012883
        0.0316794787  -0.0101848002  -0.0000033251   0.0014682659  -0.0050773361
        0.0000009414  -0.0004064618  -0.0001127325   0.0000003654   0.0558689176
       -0.2940292020   0.0000064692   0.0054630600   0.0054875044  -0.0000010163
       -0.0184474816   0.0050505716   0.0000041869  -0.0003572594   0.0006912650
       -0.0000001245   0.0027735200  -0.0047347310  -0.0000009015
        0.0000712375  -0.0000084916  -0.0452892952  -0.0001498356  -0.0000395668
        0.1164741684   0.0000606480   0.0000361914  -0.0446963097  -0.0000100089
        0.0000226792  -0.0016059955   0.0000124696   0.0000029004  -0.0025274371
        0.0000017018  -0.0000236737   0.0009613907   0.0000016994  -0.0000010349
        0.0066437995  -0.0000001033  -0.0000003000   0.0002343486   0.0000014078
        0.0000058268  -0.0342339311   0.0000057638   0.0000039815  -0.0004787486
        0.0000058251  -0.0000008424  -0.0002714213   0.0000001482   0.0000000706
       -0.0003291412  -0.0000009535   0.0000022596   0.0051185724
       -0.0618337967   0.0026514014   0.0000165534  -0.2275510029  -0.1602293524
        0.0000606480   0.6802295028   0.0062336238  -0.0001282310  -0.1037644554
        0.0980540650   0.0000032434   0.0005656506   0.0307839408  -0.0000010981
       -0.0032713347  -0.0212118329  -0.0000013240  -0.0031547287  -0.0392873701
        0.0000044885   0.0021283467  -0.0021168946  -0.0000004626   0.0038220516
        0.0028848563  -0.0000006607  -0.2766697944   0.0781869177   0.0000406943
       -0.0049425621   0.0018152304   0.0000027351  -0.0053495370   0.0019551392
        0.0000028817  -0.0002083398   0.0002802754   0.0000005321
       -0.0549185706   0.0507846222   0.0000113015  -0.0834318962  -0.2056175092
        0.0000361914   0.0062336238   0.6500117119  -0.0000560817   0.0167009222
       -0.2900611467   0.0000190104   0.0800508283  -0.0082508170  -0.0000203474
       -0.0171902776  -0.0591593944   0.0000079706  -0.0097848855  -0.0477926349
        0.0000064246   0.0023309539   0.0014084645  -0.0000014850  -0.0209190081
       -0.0231290787   0.0000089048   0.0772283990  -0.0698207765  -0.0000116246
        0.0021417234   0.0004417238  -0.0000009990   0.0014194142   0.0000983011
        0.0000011455   0.0001387733   0.0010865339  -0.0000004110
        0.0000201770  -0.0000043275   0.0020336146   0.0000526349   0.0000538579
       -0.0446963097  -0.0001282310  -0.0000560817   0.1090121552   0.0000096730
        0.0000020055  -0.0514797786  -0.0000061897  -0.0000063645   0.0007023834
        0.0000019246   0.0000086154  -0.0041930728   0.0000022056   0.0000122602
        0.0063607948  -0.0000004739   0.0000003527  -0.0014828084   0.0000008565
        0.0000010620   0.0006045473   0.0000419332  -0.0000114690  -0.0310982371
        0.0000024006  -0.0000006825   0.0072636922   0.0000032647   0.0000007283
        0.0070644844  -0.0000001754   0.0000000432  -0.0000914652
       -0.0256604888   0.0344288834   0.0000034379   0.0461988656  -0.0093260711
       -0.0000100089  -0.1037644554   0.0167009222   0.0000096730   0.6420567958
       -0.0127951712  -0.0001353509  -0.2774788135   0.1103462563   0.0000593751
       -0.0645735687  -0.0572413273   0.0000197789  -0.1676136211  -0.0863478551
        0.0000336283  -0.0342407314  -0.0239352249   0.0000080380  -0.0022179089
       -0.0032275440   0.0000033765  -0.0098980533   0.0278772738   0.0000000531
        0.0001556404   0.0006154901   0.0000004475  -0.0062406014   0.0048175956
        0.0000034647   0.0032769408  -0.0019132278   0.0000040867
        0.0373694156  -0.0346952948  -0.0000060900  -0.0696208578  -0.0542528555
        0.0000226792   0.0980540650  -0.2900611467   0.0000020055  -0.0127951712
        0.6467257616  -0.0000302432   0.0346070192  -0.1156092495  -0.0000034084
        0.0006371025   0.0552994658  -0.0000117035  -0.1153755293  -0.1944504122
        0.0000305457  -0.0009713369   0.0121883726  -0.0000009960  -0.0023036462
       -0.0006861710   0.0000006798   0.0038683715  -0.0101878406   0.0000008198
        0.0007897141   0.0000206756   0.0000005301   0.0293538563  -0.0120117144
       -0.0000091957  -0.0036130027  -0.0022795910   0.0000043768
        0.0000013419  -0.0000050874  -0.0043351141  -0.0000043334   0.0000051260
       -0.0016059955   0.0000032434   0.0000190104  -0.0514797786  -0.0001353509
       -0.0000302432   0.1322561315   0.0000681384  -0.0000250966  -0.0497090779
        0.0000173222   0.0000097061  -0.0033081908   0.0000352818   0.0000229115
       -0.0366579898   0.0000122666   0.0000076740  -0.0021833841   0.0000029689
        0.0000009329   0.0081787295   0.0000024397  -0.0000059199   0.0008083640
       -0.0000000752  -0.0000003409   0.0003782019  -0.0000014535   0.0000000825
        0.0020362978  -0.0000017899   0.0000012447   0.0056218060
        0.0396782059  -0.0589359917  -0.0000037890  -0.0578321178  -0.0123077316
        0.0000124696   0.0005656506   0.0800508283  -0.0000061897  -0.2774788135
        0.0346070192   0.0000681384   0.6488085780   0.0132676272  -0.0001601724
       -0.2009657418  -0.0958334244   0.0000638420  -0.0525744227  -0.0060675146
        0.0000164264  -0.0024113271  -0.0017984454   0.0000024721  -0.0006243618
       -0.0001933617  -0.0000009696   0.0000482652   0.0012968675   0.0000007784
        0.0004137009   0.0014383168   0.0000017675  -0.0542556279   0.0544345020
       -0.0000022924  -0.0433719880  -0.0099586915   0.0000075186
       -0.0066732203  -0.0523252626   0.0000063533  -0.0151948669  -0.0001670834
        0.0000029004   0.0307839408  -0.0082508170  -0.0000063645   0.1103462563
       -0.1156092495  -0.0000250966   0.0132676272   0.6874103496  -0.0000828369
       -0.1587593673  -0.2149884525   0.0000711975  -0.0315204519   0.0071869428
        0.0000079536  -0.0030885203  -0.0019782497   0.0000015084  -0.0003224077
        0.0008178583  -0.0000004673   0.0015473388  -0.0054989485  -0.0000003199
        0.0012024851  -0.0051888005   0.0000014045   0.0547185215  -0.2977023545
        0.0000246601   0.0036926646   0.0062940674  -0.0000008925
       -0.0000095374   0.0000197177   0.0008698435   0.0000143422   0.0000012883
       -0.0025274371  -0.0000010981  -0.0000203474   0.0007023834   0.0000593751
       -0.0000034084  -0.0497090779  -0.0001601724  -0.0000828369   0.1048613086
        0.0000684600   0.0000600066  -0.0430715755   0.0000156965   0.0000000877
        0.0042138854   0.0000019743   0.0000010922   0.0015203593   0.0000003961
        0.0000001497   0.0000136434   0.0000009190   0.0000010845   0.0065788236
        0.0000013416  -0.0000007014   0.0063882677  -0.0000005484   0.0000243854
       -0.0318319346   0.0000088516  -0.0000005181   0.0019915102
       -0.0841351460   0.0671988554   0.0000034924  -0.0034161379   0.0316794787
        0.0000017018  -0.0032713347  -0.0171902776   0.0000019246  -0.0645735687
        0.0006371025   0.0000173222  -0.2009657418  -0.1587593673   0.0000684600
        0.4790936232   0.0575059778  -0.0000906839   0.0005944146   0.0056001387
        0.0000016508  -0.0022134304  -0.0012746863   0.0000016036  -0.0042733390
        0.0018121055   0.0000037920   0.0008188626  -0.0003216128   0.0000011849
        0.0026015262  -0.0217531209  -0.0000014326   0.0031411884   0.0028929735
       -0.0000013500  -0.1234009166   0.0319724329  -0.0000076659
       -0.0008163547  -0.3170758996  -0.0000020527   0.0972320152  -0.0101848002
       -0.0000236737  -0.0212118329  -0.0591593944   0.0000086154  -0.0572413273
        0.0552994658   0.0000097061  -0.0958334244  -0.2149884525   0.0000600066
        0.0575059778   0.6306525865  -0.0000670131   0.0048087632  -0.0017579345
       -0.0000008951   0.0006799452  -0.0002126737  -0.0000004574   0.0015181900
        0.0006318520   0.0000015552  -0.0001739647  -0.0007349887  -0.0000004065
        0.0026994183  -0.0229282267  -0.0000017847  -0.0204366237  -0.0227016158
        0.0000115154   0.0312692181  -0.0368399180   0.0000048846
        0.0000103089  -0.0000108824  -0.0473811147  -0.0000022757  -0.0000033251
        0.0009613907  -0.0000013240   0.0000079706  -0.0041930728   0.0000197789
       -0.0000117035  -0.0033081908   0.0000638420   0.0000711975  -0.0430715755
       -0.0000906839  -0.0000670131   0.1024289883   0.0000028608   0.0000026516
        0.0055677961   0.0000002963   0.0000002305   0.0014822857   0.0000025666
        0.0000004014   0.0078883993  -0.0000002142   0.0000004575   0.0003232113
       -0.0000008861   0.0000056561  -0.0002339226   0.0000013071   0.0000011393
       -0.0002630200  -0.0000055767   0.0000032195  -0.0202011751
       -0.0013888865  -0.0016123830   0.0000002255   0.0017151869   0.0014682659
        0.0000016994  -0.0031547287  -0.0097848855   0.0000022056  -0.1676136211
       -0.1153755293   0.0000352818  -0.0525744227  -0.0315204519   0.0000156965
        0.0005944146   0.0048087632   0.0000028608   0.5539478560  -0.0139217570
       -0.0001511761  -0.3314276033   0.1657352348   0.0000981886  -0.0005339018
       -0.0006131934   0.0000002478   0.0017281271   0.0015547696  -0.0000009168
       -0.0000343654   0.0000786669  -0.0000006227   0.0019801127  -0.0003811248
       -0.0000016699  -0.0032381677  -0.0004363755  -0.0000020205
       -0.0032452756   0.0008640590   0.0000002639   0.0063738223  -0.0050773361
       -0.0000010349  -0.0392873701  -0.0477926349   0.0000122602  -0.0863478551
       -0.1944504122   0.0000229115  -0.0060675146   0.0071869428   0.0000000877
        0.0056001387  -0.0017579345   0.0000026516  -0.0139217570   0.3541776730
        0.0000165290   0.1410685715  -0.1143237410  -0.0000510854  -0.0017851878
       -0.0022117134   0.0000003720  -0.0009705816   0.0023064151  -0.0000003419
        0.0000189880   0.0000200904  -0.0000003179  -0.0005367150   0.0006398251
        0.0000000552  -0.0008992637   0.0004187666  -0.0000023512
        0.0000001266  -0.0000001022  -0.0001631830   0.0000010323   0.0000009414
        0.0066437995   0.0000044885   0.0000064246   0.0063607948   0.0000336283
        0.0000305457  -0.0366579898   0.0000164264   0.0000079536   0.0042138854
        0.0000016508  -0.0000008951   0.0055677961  -0.0001511761   0.0000165290
        0.0257575244   0.0000950625  -0.0000595868  -0.0054278898   0.0000005263
        0.0000004807  -0.0004759027  -0.0000004858  -0.0000004728  -0.0015013283
       -0.0000001288  -0.0000003107  -0.0013425734  -0.0000018197  -0.0000009424
       -0.0030206507   0.0000006689  -0.0000005649   0.0000457173
        0.0006921055  -0.0001728617  -0.0000004218  -0.0010993868  -0.0004064618
       -0.0000001033   0.0021283467   0.0023309539  -0.0000004739  -0.0342407314
       -0.0009713369   0.0000122666  -0.0024113271  -0.0030885203   0.0000019743
       -0.0022134304   0.0006799452   0.0000002963  -0.3314276033   0.1410685715
        0.0000950625   0.3675602948  -0.1370202262  -0.0001088375   0.0001706065
        0.0001602079  -0.0000007013  -0.0002385052  -0.0013333588   0.0000002445
        0.0001168052  -0.0001123411  -0.0000004316   0.0005493034  -0.0006213039
        0.0000006302   0.0004135222  -0.0005132676   0.0000004950
       -0.0001702149   0.0002708151   0.0000000768   0.0005787741  -0.0001127325
       -0.0000003000  -0.0021168946   0.0014084645   0.0000003527  -0.0239352249
        0.0121883726   0.0000076740  -0.0017984454  -0.0019782497   0.0000010922
       -0.0012746863  -0.0002126737   0.0000002305   0.1657352348  -0.1143237410
       -0.0000595868  -0.1370202262   0.1032607549   0.0000495874  -0.0000325623
        0.0000653865  -0.0000004677   0.0003627046  -0.0007926232   0.0000001868
        0.0000747329   0.0001295191  -0.0000000319  -0.0002178283   0.0001450565
        0.0000005374  -0.0001853635  -0.0000483492   0.0000006486
       -0.0000003069   0.0000009349   0.0001694509   0.0000000923   0.0000003654
        0.0002343486  -0.0000004626  -0.0000014850  -0.0014828084   0.0000080380
       -0.0000009960  -0.0021833841   0.0000024721   0.0000015084   0.0015203593
        0.0000016036  -0.0000004574   0.0014822857   0.0000981886  -0.0000510854
       -0.0054278898  -0.0001088375   0.0000495874   0.0063096234  -0.0000003506
       -0.0000001140   0.0001170075   0.0000004631   0.0000006504  -0.0005226107
       -0.0000005985   0.0000002865  -0.0000683853   0.0000001978   0.0000002084
       -0.0000130917  -0.0000004993   0.0000005962  -0.0001349054
       -0.0084960618   0.0280656430   0.0000013310  -0.0553460789   0.0558689176
        0.0000014078   0.0038220516  -0.0209190081   0.0000008565  -0.0022179089
       -0.0023036462   0.0000029689  -0.0006243618  -0.0003224077   0.0000003961
       -0.0042733390   0.0015181900   0.0000025666  -0.0005339018  -0.0017851878
        0.0000005263   0.0001706065  -0.0000325623  -0.0000003506   0.0671781144
       -0.0611838218  -0.0000073875   0.0006992792  -0.0010240522  -0.0000007379
        0.0005758813   0.0008163187  -0.0000007744  -0.0000227433   0.0000139015
       -0.0000006499  -0.0009315376   0.0012877152  -0.0000001529
        0.0044370528  -0.0110392608  -0.0000007189   0.0556857346  -0.2940292020
        0.0000058268   0.0028848563  -0.0231290787   0.0000010620  -0.0032275440
       -0.0006861710   0.0000009329  -0.0001933617   0.0008178583   0.0000001497
        0.0018121055   0.0006318520   0.0000004014  -0.0006131934  -0.0022117134
        0.0000004807   0.0001602079   0.0000653865  -0.0000001140  -0.0611838218
        0.3284286508  -0.0000074286   0.0005540474   0.0007241172  -0.0000002369
       -0.0006531749   0.0008253351  -0.0000002784  -0.0000636781   0.0000868894
       -0.0000000463   0.0004007694  -0.0004846632  -0.0000000304
        0.0000037971  -0.0000092998   0.0005146645   0.0000000150   0.0000064692
       -0.0342339311  -0.0000006607   0.0000089048   0.0006045473   0.0000033765
        0.0000006798   0.0081787295  -0.0000009696  -0.0000004673   0.0000136434
        0.0000037920   0.0000015552   0.0078883993   0.0000002478   0.0000003720
       -0.0004759027  -0.0000007013  -0.0000004677   0.0001170075  -0.0000073875
       -0.0000074286   0.0241411127  -0.0000004682  -0.0000002574  -0.0026106174
       -0.0000006120   0.0000002755  -0.0024911219  -0.0000006406  -0.0000000559
       -0.0015230790   0.0000002114  -0.0000002798  -0.0001234522
       -0.0026411771  -0.0035473476   0.0000021192  -0.0242770077   0.0054630600
        0.0000057638  -0.2766697944   0.0772283990   0.0000419332  -0.0098980533
        0.0038683715   0.0000024397   0.0000482652   0.0015473388   0.0000009190
        0.0008188626  -0.0001739647  -0.0000002142   0.0017281271  -0.0009705816
       -0.0000004858  -0.0002385052   0.0003627046   0.0000004631   0.0006992792
        0.0005540474  -0.0000004682   0.3118385921  -0.0847459923  -0.0000521579
       -0.0012328985   0.0003730800   0.0000003597  -0.0004497096   0.0001419060
       -0.0000000726   0.0002740196  -0.0001010211  -0.0000005989
       -0.0034290066  -0.0018907760   0.0000015257  -0.0182407560   0.0054875044
        0.0000039815   0.0781869177  -0.0698207765  -0.0000114690   0.0278772738
       -0.0101878406  -0.0000059199   0.0012968675  -0.0054989485   0.0000010845
       -0.0003216128  -0.0007349887   0.0000004575   0.0015547696   0.0023064151
       -0.0000004728  -0.0013333588  -0.0007926232   0.0000006504  -0.0010240522
        0.0007241172  -0.0000002574  -0.0847459923   0.0805825878   0.0000107789
       -0.0010068203   0.0001704351   0.0000002293   0.0014884681  -0.0005283742
       -0.0000003743  -0.0003026979   0.0001832681  -0.0000002145
        0.0000023126   0.0000024974   0.0074018710   0.0000084500  -0.0000010163
       -0.0004787486   0.0000406943  -0.0000116246  -0.0310982371   0.0000000531
        0.0000008198   0.0008083640   0.0000007784  -0.0000003199   0.0065788236
        0.0000011849  -0.0000004065   0.0003232113  -0.0000009168  -0.0000003419
       -0.0015013283   0.0000002445   0.0000001868  -0.0005226107  -0.0000007379
       -0.0000002369  -0.0026106174  -0.0000521579   0.0000107789   0.0224681548
        0.0000005526  -0.0000001779   0.0002027569  -0.0000000304  -0.0000000120
       -0.0003120182  -0.0000004274  -0.0000001468  -0.0012596213
       -0.1886032659  -0.1334901119   0.0000295762  -0.0231157071  -0.0184474816
        0.0000058251  -0.0049425621   0.0021417234   0.0000024006   0.0001556404
        0.0007897141  -0.0000000752   0.0004137009   0.0012024851   0.0000013416
        0.0026015262   0.0026994183  -0.0000008861  -0.0000343654   0.0000189880
       -0.0000001288   0.0001168052   0.0000747329  -0.0000005985   0.0005758813
       -0.0006531749  -0.0000006120  -0.0012328985  -0.0010068203   0.0000005526
        0.2123893132   0.1458663329  -0.0000371246   0.0000795589   0.0003210830
       -0.0000000373   0.0015963728   0.0004831109  -0.0000002336
       -0.1323863513  -0.1623891641   0.0000234952   0.0046171242   0.0050505716
       -0.0000008424   0.0018152304   0.0004417238  -0.0000006825   0.0006154901
        0.0000206756  -0.0000003409   0.0014383168  -0.0051888005  -0.0000007014
       -0.0217531209  -0.0229282267   0.0000056561   0.0000786669   0.0000200904
       -0.0000003107  -0.0001123411   0.0001295191   0.0000002865   0.0008163187
        0.0008253351   0.0000002755   0.0003730800   0.0001704351  -0.0000001779
        0.1458663329   0.1841406511  -0.0000270255  -0.0011753371  -0.0010479149
        0.0000004499  -0.0001934096   0.0007551044  -0.0000000820
        0.0000270468   0.0000237513  -0.0312790367   0.0000080560   0.0000041869
       -0.0002714213   0.0000027351  -0.0000009990   0.0072636922   0.0000004475
        0.0000005301   0.0003782019   0.0000017675   0.0000014045   0.0063882677
       -0.0000014326  -0.0000017847  -0.0002339226  -0.0000006227  -0.0000003179
       -0.0013425734  -0.0000004316  -0.0000000319  -0.0000683853  -0.0000007744
       -0.0000002784  -0.0024911219   0.0000003597   0.0000002293   0.0002027569
       -0.0000371246  -0.0000270255   0.0229107613   0.0000001209   0.0000001655
        0.0003516810  -0.0000001478   0.0000001698  -0.0018088999
       -0.0027591524  -0.0030209320   0.0000031840  -0.0004125338  -0.0003572594
        0.0000001482  -0.0053495370   0.0014194142   0.0000032647  -0.0062406014
        0.0293538563  -0.0000014535  -0.0542556279   0.0547185215  -0.0000005484
        0.0031411884  -0.0204366237   0.0000013071   0.0019801127  -0.0005367150
       -0.0000018197   0.0005493034  -0.0002178283   0.0000001978  -0.0000227433
       -0.0000636781  -0.0000006406  -0.0004497096   0.0014884681  -0.0000000304
        0.0000795589  -0.0011753371   0.0000001209   0.0621483249  -0.0602516623
       -0.0000032795   0.0015914170  -0.0009202242  -0.0000004505
       -0.0034961844  -0.0014967620   0.0000022894   0.0000635940   0.0006912650
        0.0000000706   0.0019551392   0.0000983011   0.0000007283   0.0048175956
       -0.0120117144   0.0000000825   0.0544345020  -0.2977023545   0.0000243854
        0.0028929735  -0.0227016158   0.0000011393  -0.0003811248   0.0006398251
       -0.0000009424  -0.0006213039   0.0001450565   0.0000002084   0.0000139015
        0.0000868894  -0.0000000559   0.0001419060  -0.0005283742  -0.0000000120
        0.0003210830  -0.0010479149   0.0000001655  -0.0602516623   0.3329645918
       -0.0000275668   0.0001095804   0.0008628068  -0.0000004923
        0.0000033652  -0.0000003681   0.0070979620  -0.0000002261  -0.0000001245
       -0.0003291412   0.0000028817   0.0000011455   0.0070644844   0.0000034647
       -0.0000091957   0.0020362978  -0.0000022924   0.0000246601  -0.0318319346
       -0.0000013500   0.0000115154  -0.0002630200  -0.0000016699   0.0000000552
       -0.0030206507   0.0000006302   0.0000005374  -0.0000130917  -0.0000006499
       -0.0000000463  -0.0015230790  -0.0000000726  -0.0000003743  -0.0003120182
       -0.0000000373   0.0000004499   0.0003516810  -0.0000032795  -0.0000275668
        0.0228204933  -0.0000007642  -0.0000006878  -0.0020779831
       -0.0236774956   0.0166675750   0.0000024472   0.0029969419   0.0027735200
       -0.0000009535  -0.0002083398   0.0001387733  -0.0000001754   0.0032769408
       -0.0036130027  -0.0000017899  -0.0433719880   0.0036926646   0.0000088516
       -0.1234009166   0.0312692181  -0.0000055767  -0.0032381677  -0.0008992637
        0.0000006689   0.0004135222  -0.0001853635  -0.0000004993  -0.0009315376
        0.0004007694   0.0000002114   0.0002740196  -0.0003026979  -0.0000004274
        0.0015963728  -0.0001934096  -0.0000001478   0.0015914170   0.0001095804
       -0.0000007642   0.1846792309  -0.0498583635  -0.0000018449
        0.0312518016  -0.0124784156  -0.0000022735  -0.0015741646  -0.0047347310
        0.0000022596   0.0002802754   0.0010865339   0.0000000432  -0.0019132278
       -0.0022795910   0.0000012447  -0.0099586915   0.0062940674  -0.0000005181
        0.0319724329  -0.0368399180   0.0000032195  -0.0004363755   0.0004187666
       -0.0000005649  -0.0005132676  -0.0000483492   0.0000005962   0.0012877152
       -0.0004846632  -0.0000002798  -0.0001010211   0.0001832681  -0.0000001468
        0.0004831109   0.0007551044   0.0000001698  -0.0009202242   0.0008628068
       -0.0000006878  -0.0498583635   0.0472651208  -0.0000030621
       -0.0000007389  -0.0000014726   0.0021986910   0.0000010737  -0.0000009015
        0.0051185724   0.0000005321  -0.0000004110  -0.0000914652   0.0000040867
        0.0000043768   0.0056218060   0.0000075186  -0.0000008925   0.0019915102
       -0.0000076659   0.0000048846  -0.0202011751  -0.0000020205  -0.0000023512
        0.0000457173   0.0000004950   0.0000006486  -0.0001349054  -0.0000001529
       -0.0000000304  -0.0001234522  -0.0000005989  -0.0000002145  -0.0012596213
       -0.0000002336  -0.0000000820  -0.0018088999  -0.0000004505  -0.0000004923
       -0.0020779831  -0.0000018449  -0.0000030621   0.0107212053
