           1           2   1.43063916981248     
           2           3   1.45041846484664     
           3           4   1.36410899411004     
           2           5  0.105255304034975     
           4           5   1.35552973588582     
           1           6   1.40050605255192     
           5           6   1.42755673431929     
           4           7   1.09626001766273     
           7           8  0.831801200997730     
           2           9  0.966705962581565     
           3          10  0.963809909649891     
           1          11  0.966854673656356     
           5          12  0.964631288267144     
           6          13  0.942079344005258     
