$hessian                                                                        
        0.6171728013   0.0044278880   0.1161915993  -0.2379950047   0.0755015249
       -0.0424529992   0.0209390906   0.0745996629   0.0049996847  -0.0595970403
        0.0024665476  -0.0122498277   0.0248568254  -0.0802475365   0.0061459645
       -0.2639426994  -0.0671902764  -0.0519329910   0.0007786445  -0.0001097361
       -0.0013311673  -0.0241319446  -0.0113467535  -0.0058004788  -0.0410114161
        0.0019643309  -0.0023302271  -0.0001888420   0.0027369657  -0.0024358723
       -0.0377472354   0.0001892319  -0.0089602761   0.0008151567  -0.0029098268
        0.0000917563   0.0002176341  -0.0001631571   0.0002395720  -0.0000994852
        0.0002123298   0.0000712762  -0.0001742484  -0.0000695005  -0.0001340385
        0.0001223172  -0.0000482451   0.0001639578   0.0000269554  -0.0000449911
       -0.0001000648  -0.0000093185  -0.0000405649  -0.0000293342  -0.0002387083
        0.0000501270   0.0000296371  -0.0000482458  -0.0000233335   0.0000403907
       -0.0000511499  -0.0000178465  -0.0000397632   0.0000830015   0.0002542082
       -0.0001418994   0.0000633972  -0.0001211423   0.0000061378   0.0001595145
       -0.0000699064  -0.0000410370
        0.0044278880   0.6873755466   0.0060215844   0.1419374768  -0.1548505452
        0.0313782990   0.0226687139  -0.0354046853   0.0047321287   0.0016934334
        0.0037513917   0.0003554257  -0.0253794898  -0.0336858752  -0.0061986562
       -0.1435334398  -0.1552329063  -0.0334870342   0.0001155602  -0.0055812570
       -0.0001430713   0.0107713677   0.0066068746   0.0027028861   0.0011791950
       -0.3114101521  -0.0016652834   0.0007463754  -0.0064469350  -0.0001827756
       -0.0139744797   0.0053110365  -0.0032692013  -0.0002434790  -0.0010460254
       -0.0000608007  -0.0000981548   0.0004912758  -0.0000198425  -0.0001077051
       -0.0000723924  -0.0001205789  -0.0002445143   0.0000020003  -0.0002348334
       -0.0000912895   0.0000244955   0.0000689627   0.0000643731  -0.0000239531
       -0.0001263639   0.0000143710  -0.0000093801   0.0000374527  -0.0002281253
        0.0001227606   0.0001357744  -0.0000182815  -0.0000068307   0.0000097562
       -0.0000096807  -0.0000053248  -0.0000030982   0.0003809024   0.0002380997
        0.0000058888  -0.0000933248  -0.0000876867   0.0000819764   0.0000223075
       -0.0000595320  -0.0000185953
        0.1161915993   0.0060215844   0.1368141345  -0.0419435224   0.0161540326
       -0.0560546489   0.0048426107   0.0166142434   0.0020257711  -0.0130148185
        0.0005818952  -0.0055262084   0.0061440798  -0.0183802150  -0.0000620505
       -0.0527901730  -0.0162505750  -0.0539841073  -0.0013247463  -0.0001890364
        0.0062818579  -0.0055289774  -0.0026908278  -0.0013886550  -0.0018526520
       -0.0015028310  -0.0333723318  -0.0018811646   0.0008137959   0.0059604395
       -0.0091896564   0.0000382219  -0.0004494370   0.0002021631  -0.0006722062
       -0.0000344856  -0.0000344026  -0.0006661776   0.0002702978  -0.0001997148
        0.0000726526  -0.0003438366  -0.0001536484  -0.0000355968  -0.0001183312
        0.0000303746   0.0000332581   0.0000183237   0.0001056246  -0.0000054015
       -0.0000549433  -0.0000045796  -0.0000182009   0.0000230349   0.0000007986
        0.0000251807   0.0000518780  -0.0000265975   0.0000111418   0.0000079363
       -0.0000006579  -0.0000000391   0.0000036229   0.0003755369   0.0000786622
        0.0000870587   0.0001000712  -0.0000422632  -0.0001659218  -0.0000475476
        0.0000087019   0.0000106023
       -0.2379950047   0.1419374768  -0.0419435224   0.4913279553  -0.0729516203
        0.0888448372  -0.0805189734  -0.0148809067  -0.0079681529   0.0259272890
       -0.0255048581   0.0049956270  -0.0185798819   0.0279150154  -0.0039073651
       -0.0666563994  -0.0313555904  -0.0159954760  -0.0011859496   0.0242679137
        0.0000059169  -0.0026776002  -0.0022548505  -0.0022674073  -0.0016663498
        0.0021298767  -0.0001306557   0.0055240698   0.0010564958   0.0019470660
       -0.1080195134  -0.0491754548  -0.0213445199  -0.0027383710  -0.0014320782
       -0.0017743824  -0.0019929334   0.0008822035  -0.0000503454   0.0001942547
       -0.0004232873  -0.0000643608   0.0002703491  -0.0000577043   0.0000071934
       -0.0002662099  -0.0000308683   0.0000246131  -0.0000865869  -0.0001125083
       -0.0001946057  -0.0001246107   0.0000090425  -0.0000206411  -0.0004591584
        0.0001278317   0.0002225891  -0.0001279510  -0.0000255447  -0.0000034745
       -0.0000914528  -0.0000383309  -0.0000280420   0.0001004156   0.0001223052
       -0.0004037297  -0.0002114413  -0.0000377848   0.0001362812   0.0000540544
       -0.0001667738  -0.0000874430
        0.0755015249  -0.1548505452   0.0161540326  -0.0729516203   0.5900249906
       -0.0098059162   0.0510002784  -0.3188439388   0.0068027983  -0.0845265091
       -0.0394775915  -0.0187125098   0.0266146403  -0.0480376123   0.0062130502
        0.0287043204   0.0569047919   0.0072354957   0.0023436471  -0.0165616934
        0.0002665256  -0.0028500868  -0.0002495411  -0.0008493475   0.0246757080
       -0.0170798073   0.0052872819   0.0017792557   0.0013437641  -0.0008661811
       -0.0484707066  -0.0549549547  -0.0117237057  -0.0003021360   0.0014099086
       -0.0002007756  -0.0012181544   0.0005622511   0.0005833296  -0.0002551353
       -0.0001673297  -0.0002936273   0.0000694628   0.0000134587  -0.0001286904
       -0.0001442413   0.0000498914   0.0000667141  -0.0000164715  -0.0000432541
       -0.0001010020  -0.0000424515  -0.0000338488  -0.0000093076  -0.0002023437
        0.0000602558   0.0000840268  -0.0000746592  -0.0000445114   0.0000043980
       -0.0000395686  -0.0000227982   0.0000025693   0.0004503630   0.0001973210
        0.0000340949   0.0000356599  -0.0001455481  -0.0000238994  -0.0000807761
       -0.0000536585  -0.0000193545
       -0.0424529992   0.0313782990  -0.0560546489   0.0888448372  -0.0098059162
        0.1183544682  -0.0075432860  -0.0077226015  -0.0464171445   0.0046824340
       -0.0062239025   0.0016090695  -0.0027635948   0.0058724117  -0.0049600762
       -0.0154072190  -0.0065635106  -0.0019935096  -0.0003701223   0.0051706767
        0.0007004439  -0.0024391275  -0.0005246693   0.0070339280  -0.0002878712
        0.0003320205   0.0005168411   0.0013198492   0.0001008081   0.0003860893
       -0.0209008637  -0.0117389726  -0.0241962785  -0.0017952617  -0.0003011481
        0.0050443775  -0.0006379279   0.0002613077   0.0000777164   0.0001095239
       -0.0001121966   0.0000356995   0.0000964285  -0.0000287486  -0.0000050459
       -0.0000829984  -0.0000095935   0.0000107351   0.0000013592  -0.0000423004
       -0.0000655931  -0.0000256552   0.0000006986  -0.0000006433  -0.0000675628
        0.0000323231   0.0000821410  -0.0000366694   0.0000012451  -0.0000200906
       -0.0000088299  -0.0000109869   0.0000017252  -0.0001644551  -0.0000526723
       -0.0000806894  -0.0000428118   0.0000123319  -0.0000369157  -0.0000271761
       -0.0000249034  -0.0000225990
        0.0209390906   0.0226687139   0.0048426107  -0.0805189734   0.0510002784
       -0.0075432860   0.6488839888  -0.0227842578   0.1211914535  -0.2699626508
       -0.1282709715  -0.0531651347  -0.0567187905   0.0222313422  -0.0126663052
       -0.0118313520  -0.0244193456  -0.0025312270  -0.2336967216   0.1155120156
       -0.0436429786   0.0003906291  -0.0007257549   0.0002328271  -0.0034766444
        0.0025672188  -0.0021911295  -0.0019841830   0.0023001812   0.0004323563
       -0.0104797498  -0.0294928954  -0.0032429518   0.0003482216  -0.0102496941
       -0.0004061861  -0.0011415077  -0.0002762663  -0.0013805080   0.0005946357
        0.0000612859   0.0002234863  -0.0004470661   0.0000341380   0.0000879495
       -0.0001121950  -0.0000449056   0.0000478842  -0.0001437447  -0.0000277867
       -0.0001790224  -0.0000232507   0.0000266728  -0.0000272789  -0.0002325495
        0.0000852547   0.0001034156  -0.0000372320   0.0000425942   0.0000450076
       -0.0000946621   0.0000178137  -0.0000495838  -0.0003037523  -0.0002113011
       -0.0002404542  -0.0001505499   0.0000407819   0.0001086719   0.0001990096
       -0.0000851122  -0.0000496166
        0.0745996629  -0.0354046853   0.0166142434  -0.0148809067  -0.3188439388
       -0.0077226015  -0.0227842578   0.6495138046   0.0025265072  -0.0648621036
       -0.1315350350  -0.0158475355  -0.0281080801   0.0521839184  -0.0065458443
       -0.0275664837  -0.0438552193  -0.0066839429   0.1153754961  -0.1098374444
        0.0248376807  -0.0004077081  -0.0004521303   0.0000151721   0.0025933580
       -0.0013255126   0.0006212964   0.0033435418  -0.0018989262   0.0016793080
       -0.0159370491  -0.0234729065  -0.0040447214  -0.0227318098  -0.0347384627
       -0.0053318923   0.0011215523  -0.0001541393  -0.0001761228   0.0004067597
        0.0001320186   0.0004171158   0.0000518394  -0.0001530771  -0.0001231814
        0.0000421794  -0.0000679203  -0.0000416775   0.0001649476  -0.0000831324
       -0.0000695905  -0.0000170280  -0.0000130674  -0.0000233485  -0.0000270568
        0.0000459322   0.0000770559   0.0000373701   0.0000012050  -0.0000236177
        0.0000256828   0.0000036336  -0.0000011098  -0.0004084438  -0.0000074048
       -0.0002227607  -0.0000421791  -0.0000918456   0.0000749570   0.0000107164
        0.0000543358  -0.0000053896
        0.0049996847   0.0047321287   0.0020257711  -0.0079681529   0.0068027983
       -0.0464171445   0.1211914535   0.0025265072   0.1328941071  -0.0519574158
       -0.0298230552  -0.0528941048  -0.0129909463   0.0050302204  -0.0058514734
       -0.0025117420  -0.0056489752  -0.0018876832  -0.0436737785   0.0248604285
       -0.0418620106   0.0001075946  -0.0001675528   0.0000197663  -0.0022273589
        0.0005743833   0.0059007069  -0.0003994023   0.0017580883   0.0052575841
       -0.0030749624  -0.0070898866   0.0007864936  -0.0004906542  -0.0028671266
        0.0014120525  -0.0008448835  -0.0007069152   0.0006451564  -0.0002463416
        0.0000057721  -0.0001239525   0.0000230109  -0.0000510990  -0.0000006245
        0.0000640271   0.0000507892   0.0000075217   0.0000291200   0.0001103095
       -0.0000510741  -0.0000064235  -0.0000012508   0.0000157175  -0.0000132751
       -0.0000012909   0.0000003253  -0.0000150234  -0.0000014382   0.0000076363
       -0.0000001837   0.0000143144   0.0000024229   0.0001102434  -0.0000911214
        0.0001195276  -0.0000555882  -0.0000085897  -0.0000248157  -0.0000490020
       -0.0000074386   0.0000180942
       -0.0595970403   0.0016934334  -0.0130148185   0.0259272890  -0.0845265091
        0.0046824340  -0.2699626508  -0.0648621036  -0.0519574158   0.6121695499
        0.0185687996   0.1152147204  -0.2272758934   0.0584449786  -0.0358432604
        0.0243802759   0.0740010217   0.0057244112  -0.0242877584  -0.0113019747
       -0.0055537971   0.0006886449  -0.0003640852  -0.0014368419  -0.0005831996
        0.0002238906  -0.0001894928  -0.0513182919   0.0045619275  -0.0137542355
        0.0001306793   0.0017296031  -0.0010177262  -0.0257291008   0.0026101719
       -0.0010034787  -0.0029084824  -0.0016089573  -0.0017152179  -0.0018521818
       -0.0006152806  -0.0017050918  -0.0008552944   0.0007521627   0.0005322310
        0.0001403069   0.0003486037   0.0000992498  -0.0005003437   0.0001946556
        0.0000694366   0.0000456792  -0.0000939083   0.0001956823   0.0004036080
       -0.0002030946  -0.0002689194  -0.0001055110   0.0000248340   0.0001035313
       -0.0001880551   0.0000101919  -0.0000196185   0.0014351630   0.0003802283
        0.0010035170   0.0000810382  -0.0000118534  -0.0002075297  -0.0002384310
        0.0000432643   0.0000622306
        0.0024665476   0.0037513917   0.0005818952  -0.0255048581  -0.0394775915
       -0.0062239025  -0.1282709715  -0.1315350350  -0.0298230552   0.0185687996
        0.4646293345   0.0088787524   0.1258983393  -0.1150587928   0.0266040821
        0.0193563175  -0.0385069192   0.0039867257   0.0108139370   0.0065841703
        0.0026365556   0.0005004305  -0.0047360824  -0.0001105131   0.0000239800
        0.0002154712  -0.0000646880  -0.0224712043   0.0043132880  -0.0035869853
        0.0004898310  -0.0031490166   0.0000971052  -0.0002908724  -0.1442970896
       -0.0018091730  -0.0004629091  -0.0025912058  -0.0014287939  -0.0000873443
        0.0004826278  -0.0002343251  -0.0008104825   0.0000059537   0.0004328615
        0.0003106868  -0.0000694836  -0.0000973443  -0.0001816307   0.0001322058
        0.0000323641  -0.0001054533  -0.0000368161   0.0000221471   0.0003777603
       -0.0002385467  -0.0003599928   0.0000314072   0.0000318931  -0.0000033820
       -0.0001043883   0.0000508570  -0.0000070805  -0.0004449951  -0.0006972331
        0.0005792499   0.0000503054   0.0000110560  -0.0001594719  -0.0001532326
        0.0001855633   0.0000569689
       -0.0122498277   0.0003554257  -0.0055262084   0.0049956270  -0.0187125098
        0.0016090695  -0.0531651347  -0.0158475355  -0.0528941048   0.1152147204
        0.0088787524   0.1197954340  -0.0375203325   0.0114776659  -0.0560928205
        0.0053876991   0.0166621581   0.0014726763  -0.0055226745  -0.0024941778
       -0.0007843899  -0.0015322956  -0.0001683121   0.0066454391  -0.0001955962
        0.0000313459   0.0002032014  -0.0132676557   0.0012498325  -0.0000343095
       -0.0008932409   0.0003225994   0.0046594880  -0.0015630267  -0.0012380975
       -0.0193591546   0.0004269600  -0.0004127774   0.0005332342  -0.0005361624
       -0.0000554794  -0.0003016334  -0.0000857813  -0.0000859487  -0.0000021375
        0.0000213348   0.0000661335   0.0000777344   0.0000107540   0.0000291995
        0.0000246677   0.0000220468  -0.0000134347   0.0000280609   0.0001039412
       -0.0000357662   0.0000124174  -0.0000306368   0.0000113033   0.0000157380
       -0.0000073056   0.0000186379  -0.0000053043   0.0003534955  -0.0000365240
        0.0000695337   0.0001145234  -0.0000189098  -0.0001721285  -0.0000814319
        0.0000164190   0.0000254968
        0.0248568254  -0.0253794898   0.0061440798  -0.0185798819   0.0266146403
       -0.0027635948  -0.0567187905  -0.0281080801  -0.0129909463  -0.2272758934
        0.1258983393  -0.0375203325   0.5843888982  -0.0158446894   0.0965478989
       -0.0872126515  -0.0261738986  -0.0090079882  -0.0020073738  -0.0016637099
       -0.0021731238  -0.0012946235   0.0258570876  -0.0002263857  -0.0026521771
       -0.0025912617  -0.0025620853  -0.1644025278  -0.0766621989  -0.0268374926
        0.0045081357   0.0018559568   0.0009792805  -0.0010795444   0.0046200905
       -0.0014150318  -0.0503059449  -0.0071385731  -0.0073075622   0.0061200935
       -0.0000976079   0.0023549125  -0.0034555523  -0.0006867429   0.0014585344
       -0.0010627278   0.0002350652  -0.0007118709  -0.0000712573   0.0003912731
       -0.0028674386  -0.0003332241  -0.0001087610  -0.0000899117  -0.0018519763
        0.0010383883   0.0013073461   0.0003930379  -0.0001109277  -0.0003429425
        0.0000108202   0.0001770747   0.0000989855  -0.0040520156  -0.0012582620
       -0.0021636918   0.0005720620  -0.0002185559   0.0003692756   0.0015062891
       -0.0006451570  -0.0002799146
       -0.0802475365  -0.0336858752  -0.0183802150   0.0279150154  -0.0480376123
        0.0058724117   0.0222313422   0.0521839184   0.0050302204   0.0584449786
       -0.1150587928   0.0114776659  -0.0158446894   0.6343369663   0.0134337818
        0.0501588001  -0.3022239649   0.0122279817  -0.0027902041  -0.0008020992
       -0.0005471143   0.0037383677  -0.0179107061   0.0005264166  -0.0017303702
       -0.0000382069  -0.0005765830  -0.0886539299  -0.1398006569  -0.0385745707
        0.0018323371   0.0018801419   0.0003915199   0.0212510345  -0.0434063800
        0.0039084668  -0.0018360117   0.0143092829   0.0069843872   0.0028881704
        0.0011837519   0.0015694731   0.0020904678  -0.0018536400  -0.0011797333
       -0.0005312352  -0.0007092941   0.0000155143   0.0012838364  -0.0004672589
       -0.0005595224  -0.0001993593   0.0002834012  -0.0001725607  -0.0013528482
        0.0006740495   0.0008672206   0.0002252140   0.0000072385  -0.0001866074
        0.0003462954  -0.0000118576   0.0000683943  -0.0002115215  -0.0006386063
       -0.0019773156   0.0004572762  -0.0000901529  -0.0000612304   0.0005345699
       -0.0001236465  -0.0001580016
        0.0061459645  -0.0061986562  -0.0000620505  -0.0039073651   0.0062130502
       -0.0049600762  -0.0126663052  -0.0065458443  -0.0058514734  -0.0358432604
        0.0266040821  -0.0560928205   0.0965478989   0.0134337818   0.1470174152
       -0.0091988680  -0.0070470946  -0.0486031630  -0.0021274347  -0.0004846939
        0.0070412682  -0.0005436035   0.0060107205   0.0011381633  -0.0024197307
       -0.0006904568   0.0072053292  -0.0333971486  -0.0404828409  -0.0462658297
        0.0013707922   0.0006574087   0.0006578386  -0.0006547338   0.0001705386
        0.0022300714  -0.0055811840   0.0088307849  -0.0020544076   0.0061390123
        0.0003483175   0.0024766759  -0.0011494162   0.0002320162   0.0006933691
       -0.0014009045  -0.0003220286   0.0000101447  -0.0002340747  -0.0008161276
       -0.0010201021  -0.0002494145   0.0001049566  -0.0003860195  -0.0004755820
        0.0005012941   0.0009592003   0.0000850491   0.0000219507  -0.0000568911
       -0.0000875284   0.0000185458  -0.0000002936  -0.0014917301  -0.0004040077
       -0.0039395650   0.0002648567   0.0000846196   0.0001136577   0.0008747106
       -0.0002403165  -0.0002504412
       -0.2639426994  -0.1435334398  -0.0527901730  -0.0666563994   0.0287043204
       -0.0154072190  -0.0118313520  -0.0275664837  -0.0025117420   0.0243802759
        0.0193563175   0.0053876991  -0.0872126515   0.0501588001  -0.0091988680
        0.6519823121   0.0002457695   0.1271347529   0.0003410372  -0.0005400453
        0.0001211547  -0.2280671304   0.1125764535  -0.0472289876  -0.0013193016
       -0.0024421061  -0.0000437514  -0.0118169083  -0.0398766550  -0.0043721870
       -0.0021490261   0.0011833609  -0.0016516490  -0.0035151616   0.0053108797
       -0.0015923780   0.0022335178  -0.0031143415   0.0000091091  -0.0015341825
       -0.0006963806   0.0001770468   0.0000895992  -0.0000854659   0.0001961715
        0.0003167075  -0.0000832218  -0.0000658218  -0.0001262614   0.0002469119
        0.0002312721   0.0000611412   0.0000450208   0.0001163359   0.0001794707
       -0.0001394767  -0.0002959769   0.0000107289   0.0000140688   0.0000638662
       -0.0000377954   0.0000267770  -0.0000325928  -0.0009468125   0.0002999360
        0.0015404318  -0.0001690810  -0.0001681507   0.0001569818  -0.0002700275
        0.0000771513   0.0000565245
       -0.0671902764  -0.1552329063  -0.0162505750  -0.0313555904   0.0569047919
       -0.0065635106  -0.0244193456  -0.0438552193  -0.0056489752   0.0740010217
       -0.0385069192   0.0166621581  -0.0261738986  -0.3022239649  -0.0070470946
        0.0002457695   0.6405470904   0.0005016054  -0.0002769981  -0.0001538965
       -0.0002147425   0.1120518018  -0.1100094349   0.0266278440  -0.0240848167
       -0.0166733988  -0.0055055826  -0.0181000508  -0.0332514453  -0.0052998193
        0.0039033853  -0.0009510414   0.0007872512   0.0005624965   0.0037323216
        0.0000974154   0.0016301533   0.0000933493   0.0004894565  -0.0017879826
       -0.0005515070  -0.0016321832   0.0009276654   0.0003553229   0.0005411755
        0.0003194615  -0.0000772718   0.0000876660  -0.0002711140   0.0000362221
        0.0005610501   0.0000101344   0.0000650390   0.0001357556   0.0005746238
       -0.0003609411  -0.0003811332  -0.0000630649   0.0000827511   0.0000573131
       -0.0000792425   0.0000107922  -0.0000068286   0.0001222356  -0.0003319530
        0.0020102831  -0.0001733521   0.0001880774  -0.0000913289  -0.0003730160
        0.0001641415   0.0000827999
       -0.0519329910  -0.0334870342  -0.0539841073  -0.0159954760   0.0072354957
       -0.0019935096  -0.0025312270  -0.0066839429  -0.0018876832   0.0057244112
        0.0039867257   0.0014726763  -0.0090079882   0.0122279817  -0.0486031630
        0.1271347529   0.0005016054   0.1391106025   0.0001659474  -0.0001496023
       -0.0002381553  -0.0470209989   0.0270084130  -0.0430610545  -0.0004098657
       -0.0005804322   0.0001606824  -0.0037106311  -0.0126988137   0.0027204051
       -0.0018613768   0.0000273645   0.0041762412  -0.0017908889   0.0014423629
        0.0041952455  -0.0007698522   0.0003670304  -0.0006966139  -0.0012955085
       -0.0003860795  -0.0015036650   0.0004932041   0.0002229438   0.0003329853
        0.0003373358   0.0000322190   0.0001083453  -0.0003174746   0.0001973352
        0.0003651308   0.0000613375   0.0000377331   0.0001459334  -0.0000054652
       -0.0001662097  -0.0005136897  -0.0000437530  -0.0000358064   0.0000702769
       -0.0000150099  -0.0000107774   0.0000288804   0.0026829202   0.0008656714
       -0.0003936430   0.0002064630  -0.0000213775  -0.0000735459  -0.0000978653
        0.0000671942   0.0000614254
        0.0007786445   0.0001155602  -0.0013247463  -0.0011859496   0.0023436471
       -0.0003701223  -0.2336967216   0.1153754961  -0.0436737785  -0.0242877584
        0.0108139370  -0.0055226745  -0.0020073738  -0.0027902041  -0.0021274347
        0.0003410372  -0.0002769981   0.0001659474   0.2601566881  -0.1258765415
        0.0516111155  -0.0000499677  -0.0000342635   0.0003143773  -0.0000512035
       -0.0000545996  -0.0000075913  -0.0011672197   0.0005125857  -0.0000367293
        0.0010392191  -0.0005003565   0.0005685782   0.0006993980   0.0003958668
        0.0006105962  -0.0002123443  -0.0000580729  -0.0002257496   0.0000438541
        0.0000406190   0.0000040583  -0.0001227555   0.0000292342   0.0000440250
       -0.0000563713   0.0000071947   0.0000209527  -0.0001011073   0.0000158724
       -0.0000153912  -0.0000152489   0.0000333141   0.0000186316  -0.0001220813
        0.0000200379   0.0000070399  -0.0000235268   0.0000061183   0.0000171665
       -0.0000286982   0.0000002456  -0.0000117671  -0.0000466783  -0.0000690590
       -0.0000559170  -0.0000429061   0.0000444944   0.0000223017   0.0001590714
       -0.0000941283  -0.0000328887
       -0.0001097361  -0.0055812570  -0.0001890364   0.0242679137  -0.0165616934
        0.0051706767   0.1155120156  -0.1098374444   0.0248604285  -0.0113019747
        0.0065841703  -0.0024941778  -0.0016637099  -0.0008020992  -0.0004846939
       -0.0005400453  -0.0001538965  -0.0001496023  -0.1258765415   0.1251779357
       -0.0268316323  -0.0000714991   0.0000122729   0.0000029237   0.0012493575
       -0.0007182269   0.0002864242  -0.0010765389  -0.0000816833  -0.0002038393
        0.0004572046   0.0006976861   0.0001971200  -0.0006546879   0.0012664951
       -0.0001184130  -0.0002849102  -0.0000275954  -0.0000518924  -0.0000266518
       -0.0000107175  -0.0000427945  -0.0000516021   0.0000140910   0.0000015399
        0.0000278848   0.0000076452  -0.0000050165   0.0000151859   0.0000024993
       -0.0000027542   0.0000088322  -0.0000100346   0.0000127783   0.0000382083
        0.0000026841  -0.0000020732   0.0000130132   0.0000098864  -0.0000040157
        0.0000128121  -0.0000057968   0.0000068172   0.0000878344  -0.0000116419
        0.0000076761  -0.0000272879   0.0000073513   0.0000265654  -0.0000050769
        0.0000193693   0.0000069916
       -0.0013311673  -0.0001430713   0.0062818579   0.0000059169   0.0002665256
        0.0007004439  -0.0436429786   0.0248376807  -0.0418620106  -0.0055537971
        0.0026365556  -0.0007843899  -0.0021731238  -0.0005471143   0.0070412682
        0.0001211547  -0.0002147425  -0.0002381553   0.0516111155  -0.0268316323
        0.0340092773   0.0003096124   0.0000000538  -0.0012864208   0.0000198910
       -0.0000172075   0.0000188206  -0.0003406094   0.0001017674  -0.0000019582
        0.0005439977  -0.0001251617  -0.0017167594   0.0006121828   0.0000258729
       -0.0019783592  -0.0000618109  -0.0000251817  -0.0001781903   0.0000407402
        0.0000113265   0.0000468873  -0.0000433375   0.0000276019   0.0000086331
        0.0000020595   0.0000007323  -0.0000126489  -0.0000198896   0.0000038711
       -0.0000118930  -0.0000028182   0.0000026190   0.0000050270   0.0000155015
       -0.0000124339  -0.0000046479  -0.0000047217   0.0000010557  -0.0000053921
       -0.0000051143  -0.0000060881   0.0000068375  -0.0000527983   0.0000105004
       -0.0000241494  -0.0000132489  -0.0000082505  -0.0000162538  -0.0000367565
        0.0000047211   0.0000021760
       -0.0241319446   0.0107713677  -0.0055289774  -0.0026776002  -0.0028500868
       -0.0024391275   0.0003906291  -0.0004077081   0.0001075946   0.0006886449
        0.0005004305  -0.0015322956  -0.0012946235   0.0037383677  -0.0005436035
       -0.2280671304   0.1120518018  -0.0470209989  -0.0000499677  -0.0000714991
        0.0003096124   0.2569191794  -0.1224171484   0.0546128600   0.0004376639
        0.0005881637   0.0006941930  -0.0004086165  -0.0002251662   0.0007262517
       -0.0010731022   0.0003785788  -0.0002295345  -0.0000598205  -0.0003512431
        0.0000502151   0.0004579070  -0.0010050459  -0.0003518760  -0.0004368942
       -0.0003267067   0.0012952110  -0.0001604872  -0.0001337541  -0.0002472460
       -0.0000151960   0.0000305794   0.0002144526  -0.0001602396  -0.0000139449
       -0.0000123904   0.0000355170   0.0000406928   0.0000030248  -0.0003079864
        0.0000921982  -0.0001075316   0.0000065137   0.0000439041  -0.0000020564
       -0.0000110310  -0.0000027159  -0.0000089158  -0.0001964979  -0.0005022433
       -0.0000602913  -0.0000363548   0.0000500152   0.0000823582   0.0001514377
        0.0000211626  -0.0000109286
       -0.0113467535   0.0066068746  -0.0026908278  -0.0022548505  -0.0002495411
       -0.0005246693  -0.0007257549  -0.0004521303  -0.0001675528  -0.0003640852
       -0.0047360824  -0.0001683121   0.0258570876  -0.0179107061   0.0060107205
        0.1125764535  -0.1100094349   0.0270084130  -0.0000342635   0.0000122729
        0.0000000538  -0.1224171484   0.1251826948  -0.0300293958  -0.0010290641
        0.0008529356  -0.0002310748   0.0012289865   0.0025075569   0.0002200468
       -0.0008893535  -0.0000773141  -0.0002031826   0.0010210764  -0.0010091036
        0.0001642043  -0.0003498508  -0.0005499577  -0.0000530760  -0.0010157193
       -0.0002958684   0.0009958667  -0.0005288408   0.0000213710  -0.0004323760
       -0.0001830790   0.0000675171  -0.0000136518   0.0001012908  -0.0000630965
       -0.0001129918   0.0000743156  -0.0000297567  -0.0000207652  -0.0002241643
        0.0001505923   0.0001532565   0.0000852356  -0.0000477739  -0.0000308106
        0.0000668393  -0.0000217863   0.0000033512   0.0000919134   0.0001585884
        0.0001793391   0.0001166960  -0.0000031244  -0.0000175635   0.0001430331
       -0.0001047272  -0.0000390017
       -0.0058004788   0.0027028861  -0.0013886550  -0.0022674073  -0.0008493475
        0.0070339280   0.0002328271   0.0000151721   0.0000197663  -0.0014368419
       -0.0001105131   0.0066454391  -0.0002263857   0.0005264166   0.0011381633
       -0.0472289876   0.0266278440  -0.0430610545   0.0003143773   0.0000029237
       -0.0012864208   0.0546128600  -0.0300293958   0.0366039270   0.0006987759
        0.0002120900  -0.0023774563   0.0002785057  -0.0003145918  -0.0020670138
       -0.0003332558   0.0000610729  -0.0000156874   0.0000608003  -0.0000523198
       -0.0003631828   0.0005047375   0.0005424141  -0.0001367233   0.0010668677
        0.0007167168   0.0004421180  -0.0000959230  -0.0000444699  -0.0000754595
        0.0000963314  -0.0001349777  -0.0000073577  -0.0001265506  -0.0000137149
       -0.0000158506  -0.0000202581  -0.0000124302  -0.0000923127   0.0000641731
       -0.0000375115   0.0000015270   0.0000208733  -0.0000295036  -0.0000408236
       -0.0000181470   0.0000150880  -0.0000285942  -0.0004222790  -0.0001148074
       -0.0007506057   0.0000537593   0.0003075844  -0.0001639847  -0.0000283737
        0.0000133745  -0.0000136860
       -0.0410114161   0.0011791950  -0.0018526520  -0.0016663498   0.0246757080
       -0.0002878712  -0.0034766444   0.0025933580  -0.0022273589  -0.0005831996
        0.0000239800  -0.0001955962  -0.0026521771  -0.0017303702  -0.0024197307
       -0.0013193016  -0.0240848167  -0.0004098657  -0.0000512035   0.0012493575
        0.0000198910   0.0004376639  -0.0010290641   0.0006987759   0.0501031479
       -0.0017288110   0.0060559827  -0.0008285941  -0.0017992081  -0.0001681593
        0.0007830627   0.0007259507   0.0005740405  -0.0000450486  -0.0000951785
        0.0002447277   0.0003310924  -0.0000437065  -0.0000553714  -0.0000440936
       -0.0000367254  -0.0000509019  -0.0000199067   0.0000065031   0.0000061369
        0.0000251647   0.0000261273   0.0000186844  -0.0000548545   0.0000324670
        0.0000262817   0.0000027325   0.0000139139   0.0000282665  -0.0001179874
        0.0000310412  -0.0000148625  -0.0000128931  -0.0000003323   0.0000189654
       -0.0000073263   0.0000034583  -0.0000088059   0.0000806922   0.0000369836
       -0.0000366439  -0.0000466784  -0.0000049850   0.0000591889   0.0001741185
       -0.0000448458  -0.0000231219
        0.0019643309  -0.3114101521  -0.0015028310   0.0021298767  -0.0170798073
        0.0003320205   0.0025672188  -0.0013255126   0.0005743833   0.0002238906
        0.0002154712   0.0000313459  -0.0025912617  -0.0000382069  -0.0006904568
       -0.0024421061  -0.0166733988  -0.0005804322  -0.0000545996  -0.0007182269
       -0.0000172075   0.0005881637   0.0008529356   0.0002120900  -0.0017288110
        0.3457184924   0.0019109573  -0.0001870873  -0.0010993376  -0.0000605222
       -0.0002414500   0.0008016968  -0.0001571549  -0.0000450978   0.0007244027
        0.0000064132   0.0001889215   0.0000174515  -0.0000447335  -0.0000613815
       -0.0000456194  -0.0000300857  -0.0000665815   0.0000132337  -0.0000258472
       -0.0000305836   0.0000201702   0.0000174966  -0.0000539581   0.0000087943
       -0.0000009041   0.0000076455  -0.0000006193   0.0000073352  -0.0000539592
       -0.0000025708  -0.0000172432  -0.0000324462   0.0000032006   0.0000247774
       -0.0000195946  -0.0000133496  -0.0000089541   0.0000658087   0.0000849426
       -0.0000194830  -0.0000812007  -0.0000143850   0.0000432845  -0.0000457376
       -0.0000396052  -0.0000042483
       -0.0023302271  -0.0016652834  -0.0333723318  -0.0001306557   0.0052872819
        0.0005168411  -0.0021911295   0.0006212964   0.0059007069  -0.0001894928
       -0.0000646880   0.0002032014  -0.0025620853  -0.0005765830   0.0072053292
       -0.0000437514  -0.0055055826   0.0001606824  -0.0000075913   0.0002864242
        0.0000188206   0.0006941930  -0.0002310748  -0.0023774563   0.0060559827
        0.0019109573   0.0245882969  -0.0000701445  -0.0002010017  -0.0002557616
        0.0005011304   0.0001571117  -0.0015928608   0.0002316654   0.0000376906
       -0.0010772540   0.0001124804  -0.0000687988   0.0000372794   0.0000932771
        0.0000383162   0.0000625164  -0.0000249527  -0.0000035268  -0.0000431959
       -0.0000057708  -0.0000013786   0.0000244109   0.0000055116  -0.0000097415
       -0.0000192061  -0.0000016147   0.0000060599   0.0000067004   0.0000009701
        0.0000109797   0.0000006424   0.0000041910  -0.0000102075  -0.0000020753
        0.0000016860   0.0000086614   0.0000027807  -0.0001701404  -0.0000116048
        0.0000185824   0.0000203928  -0.0000129479  -0.0000074544   0.0000060758
       -0.0000023595   0.0000008052
       -0.0001888420   0.0007463754  -0.0018811646   0.0055240698   0.0017792557
        0.0013198492  -0.0019841830   0.0033435418  -0.0003994023  -0.0513182919
       -0.0224712043  -0.0132676557  -0.1644025278  -0.0886539299  -0.0333971486
       -0.0118169083  -0.0181000508  -0.0037106311  -0.0011672197  -0.0010765389
       -0.0003406094  -0.0004086165   0.0012289865   0.0002785057  -0.0008285941
       -0.0001870873  -0.0000701445   0.4885299010   0.0220561517   0.0075258403
       -0.0041833609  -0.0023500849  -0.0008437180   0.0008599474   0.0037981990
        0.0007820570  -0.1859398469   0.0707683542   0.0352146715  -0.0419085829
        0.0160930827   0.0036899931  -0.0418628289   0.0130117883  -0.0027725558
        0.0049838914   0.0017382465   0.0027864789  -0.0040929108   0.0000394142
       -0.0000277268   0.0013166185  -0.0005006888   0.0016913898   0.0036690008
       -0.0029255770  -0.0048739688  -0.0012951962   0.0000064978   0.0005669434
       -0.0015615538   0.0004660574   0.0002598266   0.0122958119   0.0004047279
        0.0086890312  -0.0002620846  -0.0005879887  -0.0019719769  -0.0039576928
        0.0013724715   0.0007521157
        0.0027369657  -0.0064469350   0.0008137959   0.0010564958   0.0013437641
        0.0001008081   0.0023001812  -0.0018989262   0.0017580883   0.0045619275
        0.0043132880   0.0012498325  -0.0766621989  -0.1398006569  -0.0404828409
       -0.0398766550  -0.0332514453  -0.0126988137   0.0005125857  -0.0000816833
        0.0001017674  -0.0002251662   0.0025075569  -0.0003145918  -0.0017992081
       -0.0010993376  -0.0002010017   0.0220561517   0.2616655779   0.0892759805
       -0.0018212214  -0.0009256845  -0.0004277875   0.0022451447   0.0059988769
        0.0005932718   0.0589420279  -0.0919115134  -0.0314904491   0.0278975193
       -0.0101221601  -0.0047712275   0.0023501167   0.0038381249   0.0040364781
        0.0005331066   0.0043977819  -0.0053567145   0.0001702800   0.0062433395
       -0.0035832264  -0.0008183879  -0.0026158303   0.0011240113  -0.0000261038
        0.0004285968   0.0007756905   0.0007602718  -0.0005510839  -0.0000801759
       -0.0002273935   0.0000775844  -0.0001831373  -0.0054925719  -0.0014626557
       -0.0016200903  -0.0003555040   0.0007707690   0.0011261957   0.0011816363
       -0.0014173480   0.0002541367
       -0.0024358723  -0.0001827756   0.0059604395   0.0019470660  -0.0008661811
        0.0003860893   0.0004323563   0.0016793080   0.0052575841  -0.0137542355
       -0.0035869853  -0.0000343095  -0.0268374926  -0.0385745707  -0.0462658297
       -0.0043721870  -0.0052998193   0.0027204051  -0.0000367293  -0.0002038393
       -0.0000019582   0.0007262517   0.0002200468  -0.0020670138  -0.0001681593
       -0.0000605222  -0.0002557616   0.0075258403   0.0892759805   0.0949687962
       -0.0014278478  -0.0009046676  -0.0012546878   0.0010930143   0.0011262120
       -0.0014486435   0.0295431120  -0.0318263558  -0.0528393843   0.0288549729
       -0.0156171508  -0.0098724521  -0.0240834678   0.0072498385   0.0045452645
        0.0002769042  -0.0038694050  -0.0045865217  -0.0015859088  -0.0028913017
       -0.0018478698   0.0011864534   0.0015659725   0.0013317955  -0.0000105563
        0.0001438820   0.0006389378   0.0015243504  -0.0002810245  -0.0004622443
       -0.0008098639   0.0002391343   0.0000725975   0.0027433560   0.0016597039
        0.0043052456  -0.0001055634   0.0004633950   0.0006877026  -0.0002257934
        0.0005411254   0.0000618183
       -0.0377472354  -0.0139744797  -0.0091896564  -0.1080195134  -0.0484707066
       -0.0209008637  -0.0104797498  -0.0159370491  -0.0030749624   0.0001306793
        0.0004898310  -0.0008932409   0.0045081357   0.0018323371   0.0013707922
       -0.0021490261   0.0039033853  -0.0018613768   0.0010392191   0.0004572046
        0.0005439977  -0.0010731022  -0.0008893535  -0.0003332558   0.0007830627
       -0.0002414500   0.0005011304  -0.0041833609  -0.0018212214  -0.0014278478
        0.1546742232   0.0747346704   0.0345107995  -0.0001547903  -0.0001790600
       -0.0000391115   0.0013537912  -0.0005796998   0.0003451606  -0.0005480451
        0.0001685052  -0.0004486853  -0.0000478592   0.0000828337   0.0000554651
        0.0002930870   0.0000885893   0.0000286924   0.0000640862   0.0001099896
        0.0002141009   0.0001312945   0.0000149217   0.0000675280  -0.0000499042
        0.0000449201  -0.0000671056   0.0001522556   0.0000765977   0.0000544468
        0.0001250965   0.0000149109   0.0000216735   0.0005458302   0.0000434680
        0.0004733508  -0.0000593617   0.0001453357   0.0000652330   0.0007111872
       -0.0001144803  -0.0000162648
        0.0001892319   0.0053110365   0.0000382219  -0.0491754548  -0.0549549547
       -0.0117389726  -0.0294928954  -0.0234729065  -0.0070898866   0.0017296031
       -0.0031490166   0.0003225994   0.0018559568   0.0018801419   0.0006574087
        0.0011833609  -0.0009510414   0.0000273645  -0.0005003565   0.0006976861
       -0.0001251617   0.0003785788  -0.0000773141   0.0000610729   0.0007259507
        0.0008016968   0.0001571117  -0.0023500849  -0.0009256845  -0.0009046676
        0.0747346704   0.0754000145   0.0183181907  -0.0008274605  -0.0006532461
       -0.0001717915   0.0007039182  -0.0003003212   0.0001929559  -0.0003308282
        0.0000552006  -0.0002566251  -0.0000232002   0.0000641894   0.0000326558
        0.0002201167   0.0000519508   0.0000038951   0.0000935992   0.0000579689
        0.0001247836   0.0000692009   0.0000180989   0.0000924060   0.0001142836
       -0.0000060706  -0.0000552882   0.0001000561   0.0000254179  -0.0000166182
        0.0001075116   0.0000083625   0.0000536818   0.0002941089   0.0000994042
        0.0002555312  -0.0000439400   0.0000396264   0.0000033767   0.0002440725
       -0.0000202401   0.0000177558
       -0.0089602761  -0.0032692013  -0.0004494370  -0.0213445199  -0.0117237057
       -0.0241962785  -0.0032429518  -0.0040447214   0.0007864936  -0.0010177262
        0.0000971052   0.0046594880   0.0009792805   0.0003915199   0.0006578386
       -0.0016516490   0.0007872512   0.0041762412   0.0005685782   0.0001971200
       -0.0017167594  -0.0002295345  -0.0002031826  -0.0000156874   0.0005740405
       -0.0001571549  -0.0015928608  -0.0008437180  -0.0004277875  -0.0012546878
        0.0345107995   0.0183181907   0.0188167676  -0.0000834269  -0.0000467743
        0.0000306825   0.0004465581  -0.0000497027  -0.0000741905  -0.0000827426
        0.0000111435  -0.0000099461   0.0000318799   0.0000259575   0.0000436988
        0.0001290181  -0.0000125047   0.0000151807  -0.0000160829   0.0000180396
        0.0000855690   0.0000160078   0.0000181338   0.0000302336   0.0000867017
       -0.0000284448  -0.0000610732   0.0000323407   0.0000064051  -0.0000076997
        0.0000329326   0.0000081117   0.0000233054   0.0000519519   0.0000279565
        0.0000363964  -0.0000284357   0.0000372575   0.0000015608   0.0000409742
        0.0000189876   0.0000151644
        0.0008151567  -0.0002434790   0.0002021631  -0.0027383710  -0.0003021360
       -0.0017952617   0.0003482216  -0.0227318098  -0.0004906542  -0.0257291008
       -0.0002908724  -0.0015630267  -0.0010795444   0.0212510345  -0.0006547338
       -0.0035151616   0.0005624965  -0.0017908889   0.0006993980  -0.0006546879
        0.0006121828  -0.0000598205   0.0010210764   0.0000608003  -0.0000450486
       -0.0000450978   0.0002316654   0.0008599474   0.0022451447   0.0010930143
       -0.0001547903  -0.0008274605  -0.0000834269   0.0297123950   0.0001730587
        0.0043572700   0.0007590016   0.0000914955  -0.0002382749   0.0000198463
        0.0000313589   0.0000289366   0.0000400474  -0.0000229523   0.0000650585
        0.0000184764  -0.0000546936  -0.0000003917  -0.0000316691  -0.0000178767
        0.0000549886  -0.0000200442   0.0000085534  -0.0000083269  -0.0000073153
       -0.0000315808  -0.0000331258   0.0000062174  -0.0000000127   0.0000020027
        0.0000040385  -0.0000153337  -0.0000004718  -0.0000426987  -0.0000942681
       -0.0000130123  -0.0000129932   0.0000155718  -0.0000089485   0.0001538114
       -0.0000675290  -0.0000275383
       -0.0029098268  -0.0010460254  -0.0006722062  -0.0014320782   0.0014099086
       -0.0003011481  -0.0102496941  -0.0347384627  -0.0028671266   0.0026101719
       -0.1442970896  -0.0012380975   0.0046200905  -0.0434063800   0.0001705386
        0.0053108797   0.0037323216   0.0014423629   0.0003958668   0.0012664951
        0.0000258729  -0.0003512431  -0.0010091036  -0.0000523198  -0.0000951785
        0.0007244027   0.0000376906   0.0037981990   0.0059988769   0.0011262120
       -0.0001790600  -0.0006532461  -0.0000467743   0.0001730587   0.2106435857
        0.0026732327  -0.0004385162   0.0003048460  -0.0005134606   0.0004992081
        0.0000516382   0.0009345181  -0.0003590037   0.0001820863  -0.0000922981
       -0.0002532016   0.0001085559   0.0001405520  -0.0002383540   0.0000297163
       -0.0001323963   0.0001300844   0.0001386593   0.0000354603   0.0000344309
        0.0000447419   0.0000666024  -0.0001204613  -0.0000084067   0.0000115683
       -0.0000535820   0.0000185350  -0.0000094586  -0.0005628167   0.0004632214
       -0.0008787327   0.0000181220   0.0000462790   0.0000977267  -0.0003470959
       -0.0000051557   0.0000416812
        0.0000917563  -0.0000608007  -0.0000344856  -0.0017743824  -0.0002007756
        0.0050443775  -0.0004061861  -0.0053318923   0.0014120525  -0.0010034787
       -0.0018091730  -0.0193591546  -0.0014150318   0.0039084668   0.0022300714
       -0.0015923780   0.0000974154   0.0041952455   0.0006105962  -0.0001184130
       -0.0019783592   0.0000502151   0.0001642043  -0.0003631828   0.0002447277
        0.0000064132  -0.0010772540   0.0007820570   0.0005932718  -0.0014486435
       -0.0000391115  -0.0001717915   0.0000306825   0.0043572700   0.0026732327
        0.0112799405   0.0001005292   0.0001850295  -0.0000220220   0.0002523384
        0.0000625732   0.0001564202   0.0000345699   0.0000243378   0.0000605881
       -0.0000410214  -0.0000073527  -0.0000248873  -0.0000262590  -0.0000030609
       -0.0000284377  -0.0000038739  -0.0000027091  -0.0000108175   0.0000221205
       -0.0000039758   0.0000420042  -0.0000068985   0.0000139506  -0.0000131097
        0.0000036882  -0.0000143085   0.0000041230  -0.0002103152   0.0000118975
       -0.0001052310  -0.0000214429  -0.0000174968   0.0000260128  -0.0000094890
        0.0000009573  -0.0000159329
        0.0002176341  -0.0000981548  -0.0000344026  -0.0019929334  -0.0012181544
       -0.0006379279  -0.0011415077   0.0011215523  -0.0008448835  -0.0029084824
       -0.0004629091   0.0004269600  -0.0503059449  -0.0018360117  -0.0055811840
        0.0022335178   0.0016301533  -0.0007698522  -0.0002123443  -0.0002849102
       -0.0000618109   0.0004579070  -0.0003498508   0.0005047375   0.0003310924
        0.0001889215   0.0001124804  -0.1859398469   0.0589420279   0.0295431120
        0.0013537912   0.0007039182   0.0004465581   0.0007590016  -0.0004385162
        0.0001005292   0.5740688828  -0.0773403687   0.0783020143  -0.0743844232
        0.0375391268   0.0800174059  -0.1883202401  -0.0287577856  -0.1516780165
       -0.0104347206   0.0117618009   0.0252330799  -0.0522756640   0.0103164008
       -0.0087002590   0.0055540320   0.0015082907   0.0037757608  -0.0039371383
       -0.0049447742  -0.0111102677  -0.0036023728   0.0031167865  -0.0001350128
       -0.0032162677   0.0028220408   0.0003074171  -0.0074784848  -0.0130342208
       -0.0374296001  -0.0023958652   0.0003351753  -0.0012277950   0.0035703772
       -0.0012205388  -0.0005590430
       -0.0001631571   0.0004912758  -0.0006661776   0.0008822035   0.0005622511
        0.0002613077  -0.0002762663  -0.0001541393  -0.0007069152  -0.0016089573
       -0.0025912058  -0.0004127774  -0.0071385731   0.0143092829   0.0088307849
       -0.0031143415   0.0000933493   0.0003670304  -0.0000580729  -0.0000275954
       -0.0000251817  -0.0010050459  -0.0005499577   0.0005424141  -0.0000437065
        0.0000174515  -0.0000687988   0.0707683542  -0.0919115134  -0.0318263558
       -0.0005796998  -0.0003003212  -0.0000497027   0.0000914955   0.0003048460
        0.0001850295  -0.0773403687   0.2279128643   0.1755636506   0.0056205711
       -0.0880447961  -0.0920217396  -0.0001847999  -0.0587825612  -0.0338259315
        0.0321634068  -0.0114454513  -0.0018877599  -0.0110535927   0.0087106841
        0.0184332798  -0.0084320101  -0.0010951386  -0.0112753544  -0.0045985068
       -0.0105513090  -0.0186736442   0.0024893640   0.0055292282  -0.0022313734
        0.0030130825   0.0055470710  -0.0024492602   0.0018744636  -0.0004492850
       -0.0072735473   0.0003742674   0.0013402882  -0.0012922346  -0.0016801099
        0.0010846815   0.0005032573
        0.0002395720  -0.0000198425   0.0002702978  -0.0000503454   0.0005833296
        0.0000777164  -0.0013805080  -0.0001761228   0.0006451564  -0.0017152179
       -0.0014287939   0.0005332342  -0.0073075622   0.0069843872  -0.0020544076
        0.0000091091   0.0004894565  -0.0006966139  -0.0002257496  -0.0000518924
       -0.0001781903  -0.0003518760  -0.0000530760  -0.0001367233  -0.0000553714
       -0.0000447335   0.0000372794   0.0352146715  -0.0314904491  -0.0528393843
        0.0003451606   0.0001929559  -0.0000741905  -0.0002382749  -0.0005134606
       -0.0000220220   0.0783020143   0.1755636506   0.5569599422   0.0071257479
       -0.0690001114  -0.2182196794  -0.0828279049  -0.0507147772  -0.2098639998
        0.0717385149  -0.0138714200   0.0094168841  -0.0582716107   0.0307388145
        0.0362219102  -0.0175326740  -0.0055236143  -0.0221272086  -0.0121725899
       -0.0184537862  -0.0551662107  -0.0009345124  -0.0023083266   0.0017977658
        0.0009482248  -0.0023857516   0.0018077667  -0.0085129636  -0.0180354413
       -0.0458229538  -0.0019759010  -0.0008260709  -0.0015395872  -0.0003699534
        0.0003450758   0.0009732181
       -0.0000994852  -0.0001077051  -0.0001997148   0.0001942547  -0.0002551353
        0.0001095239   0.0005946357   0.0004067597  -0.0002463416  -0.0018521818
       -0.0000873443  -0.0005361624   0.0061200935   0.0028881704   0.0061390123
       -0.0015341825  -0.0017879826  -0.0012955085   0.0000438541  -0.0000266518
        0.0000407402  -0.0004368942  -0.0010157193   0.0010668677  -0.0000440936
       -0.0000613815   0.0000932771  -0.0419085829   0.0278975193   0.0288549729
       -0.0005480451  -0.0003308282  -0.0000827426   0.0000198463   0.0004992081
        0.0002523384  -0.0743844232   0.0056205711   0.0071257479   0.6240800457
       -0.1126567584   0.0397271494   0.0396726117  -0.0128384909  -0.0015426672
       -0.2804190942   0.0915596237   0.0724197761  -0.0238025390   0.0168446081
        0.0278350890  -0.0018609751   0.0006895010  -0.0038639954  -0.0570069035
       -0.0106717179  -0.0592757965  -0.0089592579   0.0040187821   0.0036452082
       -0.0000244697   0.0005291066   0.0003772996  -0.1910803238  -0.0076436556
       -0.1182126015   0.0106074825  -0.0037745581  -0.0012178654   0.0026286274
        0.0003040788  -0.0012136069
        0.0002123298  -0.0000723924   0.0000726526  -0.0004232873  -0.0001673297
       -0.0001121966   0.0000612859   0.0001320186   0.0000057721  -0.0006152806
        0.0004826278  -0.0000554794  -0.0000976079   0.0011837519   0.0003483175
       -0.0006963806  -0.0005515070  -0.0003860795   0.0000406190  -0.0000107175
        0.0000113265  -0.0003267067  -0.0002958684   0.0007167168  -0.0000367254
       -0.0000456194   0.0000383162   0.0160930827  -0.0101221601  -0.0156171508
        0.0001685052   0.0000552006   0.0000111435   0.0000313589   0.0000516382
        0.0000625732   0.0375391268  -0.0880447961  -0.0690001114  -0.1126567584
        0.2213825337   0.1664453379  -0.0321973259  -0.0021919648  -0.0190832969
        0.0599192818  -0.0756712557  -0.0384485364   0.0187442730  -0.0137831972
       -0.0157300134   0.0013199752   0.0060049556  -0.0026315996   0.0107017006
        0.0084387287   0.0335439634   0.0122324757  -0.0035746073  -0.0037597224
        0.0002734581   0.0002510140  -0.0002798228   0.0014654367  -0.0439221528
       -0.0225476524  -0.0115596147  -0.0033712484  -0.0110027007  -0.0001932216
        0.0038423478  -0.0026017574
        0.0000712762  -0.0001205789  -0.0003438366  -0.0000643608  -0.0002936273
        0.0000356995   0.0002234863   0.0004171158  -0.0001239525  -0.0017050918
       -0.0002343251  -0.0003016334   0.0023549125   0.0015694731   0.0024766759
        0.0001770468  -0.0016321832  -0.0015036650   0.0000040583  -0.0000427945
        0.0000468873   0.0012952110   0.0009958667   0.0004421180  -0.0000509019
       -0.0000300857   0.0000625164   0.0036899931  -0.0047712275  -0.0098724521
       -0.0004486853  -0.0002566251  -0.0000099461   0.0000289366   0.0009345181
        0.0001564202   0.0800174059  -0.0920217396  -0.2182196794   0.0397271494
        0.1664453379   0.5568487874  -0.0494800394  -0.0072158117  -0.0500449814
       -0.0011393320  -0.0192609605  -0.0913252287   0.0304757046  -0.0155079077
       -0.0212253677  -0.0025989498  -0.0030352492  -0.0008207607  -0.0093804833
        0.0193145576   0.0376993341   0.0241015887  -0.0088196816  -0.0059797472
        0.0003622517  -0.0003425131   0.0001612191  -0.0933355689  -0.0273808174
       -0.1652130905  -0.0220812258  -0.0065353615  -0.0311688628  -0.0022443818
       -0.0021753795  -0.0017764537
       -0.0001742484  -0.0002445143  -0.0001536484   0.0002703491   0.0000694628
        0.0000964285  -0.0004470661   0.0000518394   0.0000230109  -0.0008552944
       -0.0008104825  -0.0000857813  -0.0034555523   0.0020904678  -0.0011494162
        0.0000895992   0.0009276654   0.0004932041  -0.0001227555  -0.0000516021
       -0.0000433375  -0.0001604872  -0.0005288408  -0.0000959230  -0.0000199067
       -0.0000665815  -0.0000249527  -0.0418628289   0.0023501167  -0.0240834678
       -0.0000478592  -0.0000232002   0.0000318799   0.0000400474  -0.0003590037
        0.0000345699  -0.1883202401  -0.0001847999  -0.0828279049   0.0396726117
       -0.0321973259  -0.0494800394   0.6409001117  -0.1210261262   0.0344156676
       -0.0511019907   0.0042568624  -0.0211499749  -0.3065480627   0.0643425944
       -0.0071526486  -0.0613814916   0.0326783243   0.0605350546  -0.0087012431
        0.0384546086   0.0844122973  -0.0003950116   0.0000465244  -0.0000925185
       -0.0215518854   0.0058163741   0.0010676185   0.0030288834   0.0035984607
        0.0063472924  -0.0002512642   0.0004535447  -0.0002561121   0.0013955856
        0.0003556314  -0.0008612983
       -0.0000695005   0.0000020003  -0.0000355968  -0.0000577043   0.0000134587
       -0.0000287486   0.0000341380  -0.0001530771  -0.0000510990   0.0007521627
        0.0000059537  -0.0000859487  -0.0006867429  -0.0018536400   0.0002320162
       -0.0000854659   0.0003553229   0.0002229438   0.0000292342   0.0000140910
        0.0000276019  -0.0001337541   0.0000213710  -0.0000444699   0.0000065031
        0.0000132337  -0.0000035268   0.0130117883   0.0038381249   0.0072498385
        0.0000828337   0.0000641894   0.0000259575  -0.0000229523   0.0001820863
        0.0000243378  -0.0287577856  -0.0587825612  -0.0507147772  -0.0128384909
       -0.0021919648  -0.0072158117  -0.1210261262   0.2235320503   0.1945566591
        0.0057215271  -0.0013169937   0.0037902415   0.0948901942  -0.0739774872
       -0.0183860114   0.0332082765  -0.0864718600  -0.1039507622   0.0142940919
       -0.0103906551  -0.0190964382  -0.0000917862  -0.0001996339   0.0003906383
       -0.0025665471   0.0007953875   0.0008479198   0.0028016326   0.0025327882
       -0.0034844772  -0.0001927434   0.0007929526  -0.0011340248   0.0016972171
        0.0031748625  -0.0031364618
       -0.0001340385  -0.0002348334  -0.0001183312   0.0000071934  -0.0001286904
       -0.0000050459   0.0000879495  -0.0001231814  -0.0000006245   0.0005322310
        0.0004328615  -0.0000021375   0.0014585344  -0.0011797333   0.0006933691
        0.0001961715   0.0005411755   0.0003329853   0.0000440250   0.0000015399
        0.0000086331  -0.0002472460  -0.0004323760  -0.0000754595   0.0000061369
       -0.0000258472  -0.0000431959  -0.0027725558   0.0040364781   0.0045452645
        0.0000554651   0.0000326558   0.0000436988   0.0000650585  -0.0000922981
        0.0000605881  -0.1516780165  -0.0338259315  -0.2098639998  -0.0015426672
       -0.0190832969  -0.0500449814   0.0344156676   0.1945566591   0.5838455105
       -0.0168382992   0.0028238303  -0.0048701804   0.0626497732  -0.0361212006
       -0.0890025185   0.0609511399  -0.1046679228  -0.2385888932   0.0279683937
       -0.0051093692   0.0057635699  -0.0003223811   0.0004071670   0.0005502673
       -0.0192078621   0.0059554902   0.0023514509   0.0034359359  -0.0032084638
       -0.0012703979  -0.0012375145  -0.0007411409  -0.0013404635   0.0021069053
       -0.0038135717  -0.0029691084
        0.0001223172  -0.0000912895   0.0000303746  -0.0002662099  -0.0001442413
       -0.0000829984  -0.0001121950   0.0000421794   0.0000640271   0.0001403069
        0.0003106868   0.0000213348  -0.0010627278  -0.0005312352  -0.0014009045
        0.0003167075   0.0003194615   0.0003373358  -0.0000563713   0.0000278848
        0.0000020595  -0.0000151960  -0.0001830790   0.0000963314   0.0000251647
       -0.0000305836  -0.0000057708   0.0049838914   0.0005331066   0.0002769042
        0.0002930870   0.0002201167   0.0001290181   0.0000184764  -0.0002532016
       -0.0000410214  -0.0104347206   0.0321634068   0.0717385149  -0.2804190942
        0.0599192818  -0.0011393320  -0.0511019907   0.0057215271  -0.0168382992
        0.6228408501  -0.1144673909   0.0479064154   0.0398021679  -0.0284292626
       -0.0452745234  -0.0005476570  -0.0000250166  -0.0003289756  -0.1788743459
       -0.0045062755  -0.0923248508  -0.0620916778   0.0334866729   0.0607293509
        0.0005664412   0.0018527688   0.0010099761  -0.0461887989   0.0094545843
       -0.0120870364   0.0016278063   0.0002219956   0.0021638051  -0.0395662316
        0.0043879025  -0.0149817356
       -0.0000482451   0.0000244955   0.0000332581  -0.0000308683   0.0000498914
       -0.0000095935  -0.0000449056  -0.0000679203   0.0000507892   0.0003486037
       -0.0000694836   0.0000661335   0.0002350652  -0.0007092941  -0.0003220286
       -0.0000832218  -0.0000772718   0.0000322190   0.0000071947   0.0000076452
        0.0000007323   0.0000305794   0.0000675171  -0.0001349777   0.0000261273
        0.0000201702  -0.0000013786   0.0017382465   0.0043977819  -0.0038694050
        0.0000885893   0.0000519508  -0.0000125047  -0.0000546936   0.0001085559
       -0.0000073527   0.0117618009  -0.0114454513  -0.0138714200   0.0915596237
       -0.0756712557  -0.0192609605   0.0042568624  -0.0013169937   0.0028238303
       -0.1144673909   0.2120810291   0.1927080139  -0.0093548555  -0.0010439435
       -0.0109023649  -0.0000092238   0.0001046645   0.0003393290  -0.0282900649
       -0.0564875570  -0.0478283768   0.0337462045  -0.0803050058  -0.1005628372
        0.0018208734   0.0040748588  -0.0042395044  -0.0017047862   0.0056011403
       -0.0003948023  -0.0013311718  -0.0007438908   0.0007009903   0.0097996563
        0.0013483669   0.0046622114
        0.0001639578   0.0000689627   0.0000183237   0.0000246131   0.0000667141
        0.0000107351   0.0000478842  -0.0000416775   0.0000075217   0.0000992498
       -0.0000973443   0.0000777344  -0.0007118709   0.0000155143   0.0000101447
       -0.0000658218   0.0000876660   0.0001083453   0.0000209527  -0.0000050165
       -0.0000126489   0.0002144526  -0.0000136518  -0.0000073577   0.0000186844
        0.0000174966   0.0000244109   0.0027864789  -0.0053567145  -0.0045865217
        0.0000286924   0.0000038951   0.0000151807  -0.0000003917   0.0001405520
       -0.0000248873   0.0252330799  -0.0018877599   0.0094168841   0.0724197761
       -0.0384485364  -0.0913252287  -0.0211499749   0.0037902415  -0.0048701804
        0.0479064154   0.1927080139   0.5975194947   0.0016911751  -0.0228258317
       -0.0523471601  -0.0003091037   0.0003671200   0.0005380790  -0.1501401339
       -0.0331685129  -0.2147829348   0.0623456709  -0.1005588634  -0.2379497583
        0.0007414006  -0.0042360052  -0.0030834835  -0.0378167711   0.0064542929
       -0.0041846078  -0.0013806382   0.0016303598   0.0015723548  -0.0021677777
        0.0012890852   0.0038555599
        0.0000269554   0.0000643731   0.0001056246  -0.0000865869  -0.0000164715
        0.0000013592  -0.0001437447   0.0001649476   0.0000291200  -0.0005003437
       -0.0001816307   0.0000107540  -0.0000712573   0.0012838364  -0.0002340747
       -0.0001262614  -0.0002711140  -0.0003174746  -0.0001011073   0.0000151859
       -0.0000198896  -0.0001602396   0.0001012908  -0.0001265506  -0.0000548545
       -0.0000539581   0.0000055116  -0.0040929108   0.0001702800  -0.0015859088
        0.0000640862   0.0000935992  -0.0000160829  -0.0000316691  -0.0002383540
       -0.0000262590  -0.0522756640  -0.0110535927  -0.0582716107  -0.0238025390
        0.0187442730   0.0304757046  -0.3065480627   0.0948901942   0.0626497732
        0.0398021679  -0.0093548555   0.0016911751   0.6394174651  -0.1049393281
        0.0724862744  -0.0087855549   0.0033656665   0.0030315772  -0.0857091799
        0.0127120132   0.0062113805  -0.0021388529   0.0004647143  -0.0039670511
       -0.1683451193  -0.0218910619  -0.1333253448  -0.0035935150  -0.0012325347
       -0.0042034493   0.0004530009  -0.0000455764   0.0005111867  -0.0231962125
        0.0172081034   0.0248842551
       -0.0000449911  -0.0000239531  -0.0000054015  -0.0001125083  -0.0000432541
       -0.0000423004  -0.0000277867  -0.0000831324   0.0001103095   0.0001946556
        0.0001322058   0.0000291995   0.0003912731  -0.0004672589  -0.0008161276
        0.0002469119   0.0000362221   0.0001973352   0.0000158724   0.0000024993
        0.0000038711  -0.0000139449  -0.0000630965  -0.0000137149   0.0000324670
        0.0000087943  -0.0000097415   0.0000394142   0.0062433395  -0.0028913017
        0.0001099896   0.0000579689   0.0000180396  -0.0000178767   0.0000297163
       -0.0000030609   0.0103164008   0.0087106841   0.0307388145   0.0168446081
       -0.0137831972  -0.0155079077   0.0643425944  -0.0739774872  -0.0361212006
       -0.0284292626  -0.0010439435  -0.0228258317  -0.1049393281   0.2132446835
        0.1860460143   0.0122742199  -0.0041295896  -0.0028612903   0.0382385509
       -0.0977742399  -0.0974016139   0.0007310505   0.0053394610  -0.0022433439
       -0.0221869563  -0.0381035485  -0.0287531998   0.0007519249   0.0005843481
        0.0015650475  -0.0002015124   0.0001682471  -0.0000000793   0.0114442339
       -0.0050654692  -0.0092125153
       -0.0001000648  -0.0001263639  -0.0000549433  -0.0001946057  -0.0001010020
       -0.0000655931  -0.0001790224  -0.0000695905  -0.0000510741   0.0000694366
        0.0000323641   0.0000246677  -0.0028674386  -0.0005595224  -0.0010201021
        0.0002312721   0.0005610501   0.0003651308  -0.0000153912  -0.0000027542
       -0.0000118930  -0.0000123904  -0.0001129918  -0.0000158506   0.0000262817
       -0.0000009041  -0.0000192061  -0.0000277268  -0.0035832264  -0.0018478698
        0.0002141009   0.0001247836   0.0000855690   0.0000549886  -0.0001323963
       -0.0000284377  -0.0087002590   0.0184332798   0.0362219102   0.0278350890
       -0.0157300134  -0.0212253677  -0.0071526486  -0.0183860114  -0.0890025185
       -0.0452745234  -0.0109023649  -0.0523471601   0.0724862744   0.1860460143
        0.5865732768   0.0233189426  -0.0076711596  -0.0046647289   0.0665190568
       -0.1119337318  -0.2688544121  -0.0034611045  -0.0023138727  -0.0016389580
       -0.1340135572  -0.0285735938  -0.1787895100  -0.0004694318   0.0007469383
        0.0009200049  -0.0001997582   0.0002699801   0.0003240755   0.0119124798
       -0.0060149113  -0.0048770100
       -0.0000093185   0.0000143710  -0.0000045796  -0.0001246107  -0.0000424515
       -0.0000256552  -0.0000232507  -0.0000170280  -0.0000064235   0.0000456792
       -0.0001054533   0.0000220468  -0.0003332241  -0.0001993593  -0.0002494145
        0.0000611412   0.0000101344   0.0000613375  -0.0000152489   0.0000088322
       -0.0000028182   0.0000355170   0.0000743156  -0.0000202581   0.0000027325
        0.0000076455  -0.0000016147   0.0013166185  -0.0008183879   0.0011864534
        0.0001312945   0.0000692009   0.0000160078  -0.0000200442   0.0001300844
       -0.0000038739   0.0055540320  -0.0084320101  -0.0175326740  -0.0018609751
        0.0013199752  -0.0025989498  -0.0613814916   0.0332082765   0.0609511399
       -0.0005476570  -0.0000092238  -0.0003091037  -0.0087855549   0.0122742199
        0.0233189426   0.0704426331  -0.0397678457  -0.0654224269  -0.0038659251
        0.0028926538   0.0000277517  -0.0000980693  -0.0002514847   0.0000926114
        0.0004302340  -0.0003149954   0.0010261711  -0.0000328716  -0.0005307558
       -0.0012838047  -0.0001382740  -0.0001357280  -0.0002615713  -0.0007833662
        0.0006150141   0.0010207057
       -0.0000405649  -0.0000093801  -0.0000182009   0.0000090425  -0.0000338488
        0.0000006986   0.0000266728  -0.0000130674  -0.0000012508  -0.0000939083
       -0.0000368161  -0.0000134347  -0.0001087610   0.0002834012   0.0001049566
        0.0000450208   0.0000650390   0.0000377331   0.0000333141  -0.0000100346
        0.0000026190   0.0000406928  -0.0000297567  -0.0000124302   0.0000139139
       -0.0000006193   0.0000060599  -0.0005006888  -0.0026158303   0.0015659725
        0.0000149217   0.0000180989   0.0000181338   0.0000085534   0.0001386593
       -0.0000027091   0.0015082907  -0.0010951386  -0.0055236143   0.0006895010
        0.0060049556  -0.0030352492   0.0326783243  -0.0864718600  -0.1046679228
       -0.0000250166   0.0001046645   0.0003671200   0.0033656665  -0.0041295896
       -0.0076711596  -0.0397678457   0.0856688956   0.1202779902   0.0029651942
        0.0056864859  -0.0024554486  -0.0002701448  -0.0010167561   0.0004451729
       -0.0009003612  -0.0018492342   0.0009925149   0.0001775779  -0.0002710781
       -0.0001579317  -0.0000746198  -0.0002243758   0.0000355467   0.0002052245
       -0.0001628141  -0.0002951661
       -0.0000293342   0.0000374527   0.0000230349  -0.0000206411  -0.0000093076
       -0.0000006433  -0.0000272789  -0.0000233485   0.0000157175   0.0001956823
        0.0000221471   0.0000280609  -0.0000899117  -0.0001725607  -0.0003860195
        0.0001163359   0.0001357556   0.0001459334   0.0000186316   0.0000127783
        0.0000050270   0.0000030248  -0.0000207652  -0.0000923127   0.0000282665
        0.0000073352   0.0000067004   0.0016913898   0.0011240113   0.0013317955
        0.0000675280   0.0000924060   0.0000302336  -0.0000083269   0.0000354603
       -0.0000108175   0.0037757608  -0.0112753544  -0.0221272086  -0.0038639954
       -0.0026315996  -0.0008207607   0.0605350546  -0.1039507622  -0.2385888932
       -0.0003289756   0.0003393290   0.0005380790   0.0030315772  -0.0028612903
       -0.0046647289  -0.0654224269   0.1202779902   0.2639401030   0.0003561168
       -0.0025480365   0.0019107472   0.0000646339   0.0004961089  -0.0001160421
       -0.0003868207   0.0013665044   0.0003559541   0.0003549577  -0.0004978040
       -0.0011254318  -0.0000568888   0.0000095070  -0.0002614619  -0.0000043600
        0.0000340430  -0.0001370663
       -0.0002387083  -0.0002281253   0.0000007986  -0.0004591584  -0.0002023437
       -0.0000675628  -0.0002325495  -0.0000270568  -0.0000132751   0.0004036080
        0.0003777603   0.0001039412  -0.0018519763  -0.0013528482  -0.0004755820
        0.0001794707   0.0005746238  -0.0000054652  -0.0001220813   0.0000382083
        0.0000155015  -0.0003079864  -0.0002241643   0.0000641731  -0.0001179874
       -0.0000539592   0.0000009701   0.0036690008  -0.0000261038  -0.0000105563
       -0.0000499042   0.0001142836   0.0000867017  -0.0000073153   0.0000344309
        0.0000221205  -0.0039371383  -0.0045985068  -0.0121725899  -0.0570069035
        0.0107017006  -0.0093804833  -0.0087012431   0.0142940919   0.0279683937
       -0.1788743459  -0.0282900649  -0.1501401339  -0.0857091799   0.0382385509
        0.0665190568  -0.0038659251   0.0029651942   0.0003561168   0.4546829970
       -0.0612581932   0.0722990285   0.0046735521   0.0002600738   0.0044129589
        0.0036671561  -0.0085058510  -0.0175233507  -0.0009419429   0.0030220211
        0.0028195376  -0.0005622354  -0.0002986380  -0.0010759289  -0.1242892037
        0.0344449157   0.0161956292
        0.0000501270   0.0001227606   0.0000251807   0.0001278317   0.0000602558
        0.0000323231   0.0000852547   0.0000459322  -0.0000012909  -0.0002030946
       -0.0002385467  -0.0000357662   0.0010383883   0.0006740495   0.0005012941
       -0.0001394767  -0.0003609411  -0.0001662097   0.0000200379   0.0000026841
       -0.0000124339   0.0000921982   0.0001505923  -0.0000375115   0.0000310412
       -0.0000025708   0.0000109797  -0.0029255770   0.0004285968   0.0001438820
        0.0000449201  -0.0000060706  -0.0000284448  -0.0000315808   0.0000447419
       -0.0000039758  -0.0049447742  -0.0105513090  -0.0184537862  -0.0106717179
        0.0084387287   0.0193145576   0.0384546086  -0.0103906551  -0.0051093692
       -0.0045062755  -0.0564875570  -0.0331685129   0.0127120132  -0.0977742399
       -0.1119337318   0.0028926538   0.0056864859  -0.0025480365  -0.0612581932
        0.1914977511   0.1775106416  -0.0082319631  -0.0022356116  -0.0099467017
        0.0005891260  -0.0021894041  -0.0045412892   0.0026095259   0.0047041954
       -0.0035950036   0.0004315241   0.0002331548  -0.0000592032   0.0337334021
       -0.0318530234  -0.0078975917
        0.0000296371   0.0001357744   0.0000518780   0.0002225891   0.0000840268
        0.0000821410   0.0001034156   0.0000770559   0.0000003253  -0.0002689194
       -0.0003599928   0.0000124174   0.0013073461   0.0008672206   0.0009592003
       -0.0002959769  -0.0003811332  -0.0005136897   0.0000070399  -0.0000020732
       -0.0000046479  -0.0001075316   0.0001532565   0.0000015270  -0.0000148625
       -0.0000172432   0.0000006424  -0.0048739688   0.0007756905   0.0006389378
       -0.0000671056  -0.0000552882  -0.0000610732  -0.0000331258   0.0000666024
        0.0000420042  -0.0111102677  -0.0186736442  -0.0551662107  -0.0592757965
        0.0335439634   0.0376993341   0.0844122973  -0.0190964382   0.0057635699
       -0.0923248508  -0.0478283768  -0.2147829348   0.0062113805  -0.0974016139
       -0.2688544121   0.0000277517  -0.0024554486   0.0019107472   0.0722990285
        0.1775106416   0.5636407156  -0.0170294533  -0.0050296831  -0.0214736749
        0.0035942081  -0.0098289325  -0.0211254352   0.0011913018  -0.0038482531
       -0.0001023350   0.0003954946  -0.0005376565  -0.0004022381   0.0156003685
       -0.0076984545  -0.0283167886
       -0.0000482458  -0.0000182815  -0.0000265975  -0.0001279510  -0.0000746592
       -0.0000366694  -0.0000372320   0.0000373701  -0.0000150234  -0.0001055110
        0.0000314072  -0.0000306368   0.0003930379   0.0002252140   0.0000850491
        0.0000107289  -0.0000630649  -0.0000437530  -0.0000235268   0.0000130132
       -0.0000047217   0.0000065137   0.0000852356   0.0000208733  -0.0000128931
       -0.0000324462   0.0000041910  -0.0012951962   0.0007602718   0.0015243504
        0.0001522556   0.0001000561   0.0000323407   0.0000062174  -0.0001204613
       -0.0000068985  -0.0036023728   0.0024893640  -0.0009345124  -0.0089592579
        0.0122324757   0.0241015887  -0.0003950116  -0.0000917862  -0.0003223811
       -0.0620916778   0.0337462045   0.0623456709  -0.0021388529   0.0007310505
       -0.0034611045  -0.0000980693  -0.0002701448   0.0000646339   0.0046735521
       -0.0082319631  -0.0170294533   0.0712751993  -0.0395214495  -0.0654897253
        0.0001948013  -0.0004237896  -0.0009941379   0.0022274134  -0.0004134569
        0.0017987317  -0.0008381083  -0.0003361186  -0.0011356393   0.0008341865
       -0.0008540408  -0.0004461756
       -0.0000233335  -0.0000068307   0.0000111418  -0.0000255447  -0.0000445114
        0.0000012451   0.0000425942   0.0000012050  -0.0000014382   0.0000248340
        0.0000318931   0.0000113033  -0.0001109277   0.0000072385   0.0000219507
        0.0000140688   0.0000827511  -0.0000358064   0.0000061183   0.0000098864
        0.0000010557   0.0000439041  -0.0000477739  -0.0000295036  -0.0000003323
        0.0000032006  -0.0000102075   0.0000064978  -0.0005510839  -0.0002810245
        0.0000765977   0.0000254179   0.0000064051  -0.0000000127  -0.0000084067
        0.0000139506   0.0031167865   0.0055292282  -0.0023083266   0.0040187821
       -0.0035746073  -0.0088196816   0.0000465244  -0.0001996339   0.0004071670
        0.0334866729  -0.0803050058  -0.1005588634   0.0004647143   0.0053394610
       -0.0023138727  -0.0002514847  -0.0010167561   0.0004961089   0.0002600738
       -0.0022356116  -0.0050296831  -0.0395214495   0.0798939033   0.1165165989
        0.0001417644   0.0001526586  -0.0002547742  -0.0015974201  -0.0013718288
        0.0005846342   0.0003084731  -0.0003310282   0.0004618859  -0.0005279014
       -0.0013837654   0.0011097345
        0.0000403907   0.0000097562   0.0000079363  -0.0000034745   0.0000043980
       -0.0000200906   0.0000450076  -0.0000236177   0.0000076363   0.0001035313
       -0.0000033820   0.0000157380  -0.0003429425  -0.0001866074  -0.0000568911
        0.0000638662   0.0000573131   0.0000702769   0.0000171665  -0.0000040157
       -0.0000053921  -0.0000020564  -0.0000308106  -0.0000408236   0.0000189654
        0.0000247774  -0.0000020753   0.0005669434  -0.0000801759  -0.0004622443
        0.0000544468  -0.0000166182  -0.0000076997   0.0000020027   0.0000115683
       -0.0000131097  -0.0001350128  -0.0022313734   0.0017977658   0.0036452082
       -0.0037597224  -0.0059797472  -0.0000925185   0.0003906383   0.0005502673
        0.0607293509  -0.1005628372  -0.2379497583  -0.0039670511  -0.0022433439
       -0.0016389580   0.0000926114   0.0004451729  -0.0001160421   0.0044129589
       -0.0099467017  -0.0214736749  -0.0654897253   0.1165165989   0.2646379469
        0.0002923450  -0.0006209430  -0.0009583870  -0.0008278294   0.0014589108
        0.0009527116   0.0004631861   0.0000584222   0.0002133157   0.0003126294
        0.0007325931   0.0004712992
       -0.0000511499  -0.0000096807  -0.0000006579  -0.0000914528  -0.0000395686
       -0.0000088299  -0.0000946621   0.0000256828  -0.0000001837  -0.0001880551
       -0.0001043883  -0.0000073056   0.0000108202   0.0003462954  -0.0000875284
       -0.0000377954  -0.0000792425  -0.0000150099  -0.0000286982   0.0000128121
       -0.0000051143  -0.0000110310   0.0000668393  -0.0000181470  -0.0000073263
       -0.0000195946   0.0000016860  -0.0015615538  -0.0002273935  -0.0008098639
        0.0001250965   0.0001075116   0.0000329326   0.0000040385  -0.0000535820
        0.0000036882  -0.0032162677   0.0030130825   0.0009482248  -0.0000244697
        0.0002734581   0.0003622517  -0.0215518854  -0.0025665471  -0.0192078621
        0.0005664412   0.0018208734   0.0007414006  -0.1683451193  -0.0221869563
       -0.1340135572   0.0004302340  -0.0009003612  -0.0003868207   0.0036671561
        0.0005891260   0.0035942081   0.0001948013   0.0001417644   0.0002923450
        0.1889714047   0.0204443001   0.1475557020   0.0000511837  -0.0002076499
        0.0002763030   0.0000551390  -0.0000848735  -0.0000073312   0.0011331513
       -0.0003619075   0.0007594699
       -0.0000178465  -0.0000053248  -0.0000000391  -0.0000383309  -0.0000227982
       -0.0000109869   0.0000178137   0.0000036336   0.0000143144   0.0000101919
        0.0000508570   0.0000186379   0.0001770747  -0.0000118576   0.0000185458
        0.0000267770   0.0000107922  -0.0000107774   0.0000002456  -0.0000057968
       -0.0000060881  -0.0000027159  -0.0000217863   0.0000150880   0.0000034583
       -0.0000133496   0.0000086614   0.0004660574   0.0000775844   0.0002391343
        0.0000149109   0.0000083625   0.0000081117  -0.0000153337   0.0000185350
       -0.0000143085   0.0028220408   0.0055470710  -0.0023857516   0.0005291066
        0.0002510140  -0.0003425131   0.0058163741   0.0007953875   0.0059554902
        0.0018527688   0.0040748588  -0.0042360052  -0.0218910619  -0.0381035485
       -0.0285735938  -0.0003149954  -0.0018492342   0.0013665044  -0.0085058510
       -0.0021894041  -0.0098289325  -0.0004237896   0.0001526586  -0.0006209430
        0.0204443001   0.0335517244   0.0371693345  -0.0002991183  -0.0009503001
        0.0003611077  -0.0000306367  -0.0001491055   0.0001220630  -0.0006414398
       -0.0012199731   0.0007329459
       -0.0000397632  -0.0000030982   0.0000036229  -0.0000280420   0.0000025693
        0.0000017252  -0.0000495838  -0.0000011098   0.0000024229  -0.0000196185
       -0.0000070805  -0.0000053043   0.0000989855   0.0000683943  -0.0000002936
       -0.0000325928  -0.0000068286   0.0000288804  -0.0000117671   0.0000068172
        0.0000068375  -0.0000089158   0.0000033512  -0.0000285942  -0.0000088059
       -0.0000089541   0.0000027807   0.0002598266  -0.0001831373   0.0000725975
        0.0000216735   0.0000536818   0.0000233054  -0.0000004718  -0.0000094586
        0.0000041230   0.0003074171  -0.0024492602   0.0018077667   0.0003772996
       -0.0002798228   0.0001612191   0.0010676185   0.0008479198   0.0023514509
        0.0010099761  -0.0042395044  -0.0030834835  -0.1333253448  -0.0287531998
       -0.1787895100   0.0010261711   0.0009925149   0.0003559541  -0.0175233507
       -0.0045412892  -0.0211254352  -0.0009941379  -0.0002547742  -0.0009583870
        0.1475557020   0.0371693345   0.1986432868   0.0002582418   0.0004497074
        0.0000341080   0.0000718549   0.0000801199   0.0000319671  -0.0000123724
        0.0010631073   0.0004589597
        0.0000830015   0.0003809024   0.0003755369   0.0001004156   0.0004503630
       -0.0001644551  -0.0003037523  -0.0004084438   0.0001102434   0.0014351630
       -0.0004449951   0.0003534955  -0.0040520156  -0.0002115215  -0.0014917301
       -0.0009468125   0.0001222356   0.0026829202  -0.0000466783   0.0000878344
       -0.0000527983  -0.0001964979   0.0000919134  -0.0004222790   0.0000806922
        0.0000658087  -0.0001701404   0.0122958119  -0.0054925719   0.0027433560
        0.0005458302   0.0002941089   0.0000519519  -0.0000426987  -0.0005628167
       -0.0002103152  -0.0074784848   0.0018744636  -0.0085129636  -0.1910803238
        0.0014654367  -0.0933355689   0.0030288834   0.0028016326   0.0034359359
       -0.0461887989  -0.0017047862  -0.0378167711  -0.0035935150   0.0007519249
       -0.0004694318  -0.0000328716   0.0001775779   0.0003549577  -0.0009419429
        0.0026095259   0.0011913018   0.0022274134  -0.0015974201  -0.0008278294
        0.0000511837  -0.0002991183   0.0002582418   0.3369320371  -0.0690872217
        0.0169933376  -0.0985778689   0.0683983761   0.1159939598  -0.0032981707
        0.0002367911  -0.0010709558
        0.0002542082   0.0002380997   0.0000786622   0.0001223052   0.0001973210
       -0.0000526723  -0.0002113011  -0.0000074048  -0.0000911214   0.0003802283
       -0.0006972331  -0.0000365240  -0.0012582620  -0.0006386063  -0.0004040077
        0.0002999360  -0.0003319530   0.0008656714  -0.0000690590  -0.0000116419
        0.0000105004  -0.0005022433   0.0001585884  -0.0001148074   0.0000369836
        0.0000849426  -0.0000116048   0.0004047279  -0.0014626557   0.0016597039
        0.0000434680   0.0000994042   0.0000279565  -0.0000942681   0.0004632214
        0.0000118975  -0.0130342208  -0.0004492850  -0.0180354413  -0.0076436556
       -0.0439221528  -0.0273808174   0.0035984607   0.0025327882  -0.0032084638
        0.0094545843   0.0056011403   0.0064542929  -0.0012325347   0.0005843481
        0.0007469383  -0.0005307558  -0.0002710781  -0.0004978040   0.0030220211
        0.0047041954  -0.0038482531  -0.0004134569  -0.0013718288   0.0014589108
       -0.0002076499  -0.0009503001   0.0004497074  -0.0690872217   0.1108770838
        0.1731328742   0.0764818220  -0.0754112564  -0.1314839591   0.0001858835
       -0.0000157373   0.0002683611
       -0.0001418994   0.0000058888   0.0000870587  -0.0004037297   0.0000340949
       -0.0000806894  -0.0002404542  -0.0002227607   0.0001195276   0.0010035170
        0.0005792499   0.0000695337  -0.0021636918  -0.0019773156  -0.0039395650
        0.0015404318   0.0020102831  -0.0003936430  -0.0000559170   0.0000076761
       -0.0000241494  -0.0000602913   0.0001793391  -0.0007506057  -0.0000366439
       -0.0000194830   0.0000185824   0.0086890312  -0.0016200903   0.0043052456
        0.0004733508   0.0002555312   0.0000363964  -0.0000130123  -0.0008787327
       -0.0001052310  -0.0374296001  -0.0072735473  -0.0458229538  -0.1182126015
       -0.0225476524  -0.1652130905   0.0063472924  -0.0034844772  -0.0012703979
       -0.0120870364  -0.0003948023  -0.0041846078  -0.0042034493   0.0015650475
        0.0009200049  -0.0012838047  -0.0001579317  -0.0011254318   0.0028195376
       -0.0035950036  -0.0001023350   0.0017987317   0.0005846342   0.0009527116
        0.0002763030   0.0003611077   0.0000341080   0.0169933376   0.1731328742
        0.4906769620   0.1382151275  -0.1368625818  -0.2740316520  -0.0018245290
        0.0003186522  -0.0001757788
        0.0000633972  -0.0000933248   0.0001000712  -0.0002114413   0.0000356599
       -0.0000428118  -0.0001505499  -0.0000421791  -0.0000555882   0.0000810382
        0.0000503054   0.0001145234   0.0005720620   0.0004572762   0.0002648567
       -0.0001690810  -0.0001733521   0.0002064630  -0.0000429061  -0.0000272879
       -0.0000132489  -0.0000363548   0.0001166960   0.0000537593  -0.0000466784
       -0.0000812007   0.0000203928  -0.0002620846  -0.0003555040  -0.0001055634
       -0.0000593617  -0.0000439400  -0.0000284357  -0.0000129932   0.0000181220
       -0.0000214429  -0.0023958652   0.0003742674  -0.0019759010   0.0106074825
       -0.0115596147  -0.0220812258  -0.0002512642  -0.0001927434  -0.0012375145
        0.0016278063  -0.0013311718  -0.0013806382   0.0004530009  -0.0002015124
       -0.0001997582  -0.0001382740  -0.0000746198  -0.0000568888  -0.0005622354
        0.0004315241   0.0003954946  -0.0008381083   0.0003084731   0.0004631861
        0.0000551390  -0.0000306367   0.0000718549  -0.0985778689   0.0764818220
        0.1382151275   0.0899955777  -0.0639913714  -0.1127081218   0.0002995631
       -0.0000756872   0.0000014100
       -0.0001211423  -0.0000876867  -0.0000422632  -0.0000377848  -0.0001455481
        0.0000123319   0.0000407819  -0.0000918456  -0.0000085897  -0.0000118534
        0.0000110560  -0.0000189098  -0.0002185559  -0.0000901529   0.0000846196
       -0.0001681507   0.0001880774  -0.0000213775   0.0000444944   0.0000073513
       -0.0000082505   0.0000500152  -0.0000031244   0.0003075844  -0.0000049850
       -0.0000143850  -0.0000129479  -0.0005879887   0.0007707690   0.0004633950
        0.0001453357   0.0000396264   0.0000372575   0.0000155718   0.0000462790
       -0.0000174968   0.0003351753   0.0013402882  -0.0008260709  -0.0037745581
       -0.0033712484  -0.0065353615   0.0004535447   0.0007929526  -0.0007411409
        0.0002219956  -0.0007438908   0.0016303598  -0.0000455764   0.0001682471
        0.0002699801  -0.0001357280  -0.0002243758   0.0000095070  -0.0002986380
        0.0002331548  -0.0005376565  -0.0003361186  -0.0003310282   0.0000584222
       -0.0000848735  -0.0001491055   0.0000801199   0.0683983761  -0.0754112564
       -0.1368625818  -0.0639913714   0.0770699437   0.1426266083   0.0001120341
       -0.0000040978   0.0000524614
        0.0000061378   0.0000819764  -0.0001659218   0.0001362812  -0.0000238994
       -0.0000369157   0.0001086719   0.0000749570  -0.0000248157  -0.0002075297
       -0.0001594719  -0.0001721285   0.0003692756  -0.0000612304   0.0001136577
        0.0001569818  -0.0000913289  -0.0000735459   0.0000223017   0.0000265654
       -0.0000162538   0.0000823582  -0.0000175635  -0.0001639847   0.0000591889
        0.0000432845  -0.0000074544  -0.0019719769   0.0011261957   0.0006877026
        0.0000652330   0.0000033767   0.0000015608  -0.0000089485   0.0000977267
        0.0000260128  -0.0012277950  -0.0012922346  -0.0015395872  -0.0012178654
       -0.0110027007  -0.0311688628  -0.0002561121  -0.0011340248  -0.0013404635
        0.0021638051   0.0007009903   0.0015723548   0.0005111867  -0.0000000793
        0.0003240755  -0.0002615713   0.0000355467  -0.0002614619  -0.0010759289
       -0.0000592032  -0.0004022381  -0.0011356393   0.0004618859   0.0002133157
       -0.0000073312   0.0001220630   0.0000319671   0.1159939598  -0.1314839591
       -0.2740316520  -0.1127081218   0.1426266083   0.3062996959   0.0004034382
       -0.0000754807   0.0001349432
        0.0001595145   0.0000223075  -0.0000475476   0.0000540544  -0.0000807761
       -0.0000271761   0.0001990096   0.0000107164  -0.0000490020  -0.0002384310
       -0.0001532326  -0.0000814319   0.0015062891   0.0005345699   0.0008747106
       -0.0002700275  -0.0003730160  -0.0000978653   0.0001590714  -0.0000050769
       -0.0000367565   0.0001514377   0.0001430331  -0.0000283737   0.0001741185
       -0.0000457376   0.0000060758  -0.0039576928   0.0011816363  -0.0002257934
        0.0007111872   0.0002440725   0.0000409742   0.0001538114  -0.0003470959
       -0.0000094890   0.0035703772  -0.0016801099  -0.0003699534   0.0026286274
       -0.0001932216  -0.0022443818   0.0013955856   0.0016972171   0.0021069053
       -0.0395662316   0.0097996563  -0.0021677777  -0.0231962125   0.0114442339
        0.0119124798  -0.0007833662   0.0002052245  -0.0000043600  -0.1242892037
        0.0337334021   0.0156003685   0.0008341865  -0.0005279014   0.0003126294
        0.0011331513  -0.0006414398  -0.0000123724  -0.0032981707   0.0001858835
       -0.0018245290   0.0002995631   0.0001120341   0.0004034382   0.1824693508
       -0.0552663796  -0.0240307721
       -0.0000699064  -0.0000595320   0.0000087019  -0.0001667738  -0.0000536585
       -0.0000249034  -0.0000851122   0.0000543358  -0.0000074386   0.0000432643
        0.0001855633   0.0000164190  -0.0006451570  -0.0001236465  -0.0002403165
        0.0000771513   0.0001641415   0.0000671942  -0.0000941283   0.0000193693
        0.0000047211   0.0000211626  -0.0001047272   0.0000133745  -0.0000448458
       -0.0000396052  -0.0000023595   0.0013724715  -0.0014173480   0.0005411254
       -0.0001144803  -0.0000202401   0.0000189876  -0.0000675290  -0.0000051557
        0.0000009573  -0.0012205388   0.0010846815   0.0003450758   0.0003040788
        0.0038423478  -0.0021753795   0.0003556314   0.0031748625  -0.0038135717
        0.0043879025   0.0013483669   0.0012890852   0.0172081034  -0.0050654692
       -0.0060149113   0.0006150141  -0.0001628141   0.0000340430   0.0344449157
       -0.0318530234  -0.0076984545  -0.0008540408  -0.0013837654   0.0007325931
       -0.0003619075  -0.0012199731   0.0010631073   0.0002367911  -0.0000157373
        0.0003186522  -0.0000756872  -0.0000040978  -0.0000754807  -0.0552663796
        0.0316551251   0.0155987778
       -0.0000410370  -0.0000185953   0.0000106023  -0.0000874430  -0.0000193545
       -0.0000225990  -0.0000496166  -0.0000053896   0.0000180942   0.0000622306
        0.0000569689   0.0000254968  -0.0002799146  -0.0001580016  -0.0002504412
        0.0000565245   0.0000827999   0.0000614254  -0.0000328887   0.0000069916
        0.0000021760  -0.0000109286  -0.0000390017  -0.0000136860  -0.0000231219
       -0.0000042483   0.0000008052   0.0007521157   0.0002541367   0.0000618183
       -0.0000162648   0.0000177558   0.0000151644  -0.0000275383   0.0000416812
       -0.0000159329  -0.0005590430   0.0005032573   0.0009732181  -0.0012136069
       -0.0026017574  -0.0017764537  -0.0008612983  -0.0031364618  -0.0029691084
       -0.0149817356   0.0046622114   0.0038555599   0.0248842551  -0.0092125153
       -0.0048770100   0.0010207057  -0.0002951661  -0.0001370663   0.0161956292
       -0.0078975917  -0.0283167886  -0.0004461756   0.0011097345   0.0004712992
        0.0007594699   0.0007329459   0.0004589597  -0.0010709558   0.0002683611
       -0.0001757788   0.0000014100   0.0000524614   0.0001349432  -0.0240307721
        0.0155987778   0.0324653020
