           1           2   1.40042809163479     
           2           3   1.39652255919930     
           3           4   1.42053310382609     
           4           5   1.32581161329617     
           1           6   1.44467451916771     
           3           6  0.101206632054039     
           5           6   1.36554947332234     
           3           7  0.959654476152278     
           6           8  0.959573146507784     
           1           9  0.961337124913191     
           5          10   1.05200349832275     
           2          11  0.962437413045501     
           4          12  0.970806203821852     
          10          13   1.00005791361485     
          13          14   1.29610550073204     
          13          15   1.40503617673581     
          14          16   1.37758727862751     
          15          17   1.42717351748887     
          15          18  0.961783431371171     
          16          19   1.40335811211195     
          17          19   1.40780154443562     
          16          20  0.959174444415468     
          17          21  0.964070002212823     
          14          22   1.10227786798488     
          22          23  0.826143153663220     
          19          24  0.954527548369996     
