           1           3  0.219266262571873     
           4           6  0.952538442975428     
           5           6  0.980215622790034     
           5           7   1.00749969309755     
           7           8   1.39432736362269     
           7           9   1.41557162280512     
           8          10   1.46749502513786     
           9          10  0.106095461231164     
           8          11  0.105935249296488     
           9          11   1.44023916035910     
           1          12   1.53622896832208     
           3          12   1.47029954565915     
           6          12  0.900292815764394     
           2          13   1.06862644786573     
          10          13   1.35934786736435     
          11          13   1.37864853354022     
           5          14  0.958591177949244     
           5          15  0.970560838427215     
           6          16  0.956930336504634     
           8          17  0.968922241901400     
           9          18  0.966145577717568     
          11          19  0.965055843992547     
           4          20  0.895512256611660     
           4          21  0.835459776458733     
           2          22  0.843280789087176     
           4          23  0.896301916881721     
          10          24  0.968345689904736     
