           1           2   1.35929463243324     
           2           3   1.33113710388678     
           3           4   1.33123595891189     
           4           5   1.35922775584840     
           1           6   1.43988836274618     
           5           6   1.43995758490151     
           5           7  0.963326584667651     
           6           8  0.968578394687990     
           4           9   1.06646308402947     
           9          10  0.965621633302029     
          10          11  0.976442271401697     
          10          12  0.977561224587773     
          10          13  0.976735106936337     
           1          14  0.963318321608398     
           2          15   1.06650501993891     
          15          16  0.965623954093512     
          16          17  0.977561536225050     
          16          18  0.976434215298491     
          16          19  0.976733170887804     
           3          20   1.00293366047315     
          20          21  0.954424215547399     
          21          22  0.981247684108203     
          21          23  0.979387286524045     
          21          24  0.981250721725516     
