           1           2   1.40011176965858     
           2           3   1.41272463813080     
           3           4   1.26735951355838     
           4           5   1.41297159281564     
           1           6   1.46785586623772     
           5           6   1.39999903885821     
           5           7  0.964148128939684     
           6           8  0.970330690250606     
           4           9   1.05403084327799     
           9          10  0.969362522196259     
          10          11  0.976479395893686     
          10          12  0.977867998145627     
          10          13  0.976479482679573     
           3          14   1.05440438014100     
          14          15  0.969267113262851     
          15          16  0.976476257881417     
          15          17  0.976476309453621     
          15          18  0.977870097291561     
           2          19  0.964146770429523     
           1          20  0.970326412247909     
