$hessian                                                                        
        0.6616457559   0.0010007246  -0.0135520237  -0.3314792993  -0.0135901588
        0.0077541371  -0.0130158958  -0.0876400512  -0.0012107204  -0.0539767725
        0.0145344601   0.0011184365   0.0509514845   0.0558025084   0.0000588604
       -0.2023936892   0.0800953790   0.0055348621  -0.0672243554  -0.0720640940
       -0.0005583589  -0.0237333075  -0.0016224227   0.0004502782  -0.0004380102
        0.0004911181  -0.0000250692   0.0008593317  -0.0026315450   0.0001408962
       -0.0237282073   0.0214021702   0.0009595926   0.0042706254   0.0034263421
       -0.0021436109   0.0000051976  -0.0002249652   0.0013862892  -0.0010861542
        0.0016184857  -0.0000917818  -0.0004898432  -0.0005127556   0.0004790702
        0.0002224423   0.0000739679  -0.0000355876  -0.0003893028  -0.0001591634
       -0.0002652701
        0.0010007246   0.6647177738   0.0102250142  -0.0877820911  -0.1028269073
        0.0007399225  -0.0348071739   0.0043152734   0.0012952539   0.0210927128
       -0.0030313022  -0.0003287048  -0.0043026689  -0.0632186911  -0.0012764607
        0.1587948058  -0.2224767890  -0.0074069819  -0.0718475974  -0.2724522461
       -0.0023012639   0.0229295572   0.0026607853  -0.0004649886   0.0004076546
        0.0009188957   0.0000509010  -0.0018396646  -0.0053978567  -0.0002387527
       -0.0037902164   0.0038710371   0.0002162634   0.0009462118  -0.0065311878
       -0.0009864342  -0.0015950768  -0.0007490490   0.0002233250   0.0004209240
        0.0003336559   0.0000059328   0.0001829383  -0.0001856151   0.0000270181
        0.0001408373   0.0001674272   0.0000329425   0.0000481226  -0.0001152042
        0.0001870134
       -0.0135520237   0.0102250142   0.1163586059   0.0051950140  -0.0009411299
       -0.0428159022  -0.0003060862   0.0024447242  -0.0024511181   0.0016186295
       -0.0003017040  -0.0043868612  -0.0012955751  -0.0025723552   0.0010050182
        0.0070256466  -0.0055231872  -0.0464544740  -0.0004991792  -0.0023930698
       -0.0343541584   0.0010767652   0.0000647700  -0.0004263047   0.0000083334
        0.0000106306  -0.0001120327   0.0001667058  -0.0002267817   0.0075897483
        0.0005386159  -0.0004870828  -0.0006440810  -0.0007591289  -0.0006306986
        0.0049194068   0.0004825923   0.0002921110   0.0012025434   0.0003411899
        0.0000560838   0.0008674861   0.0003835706   0.0000987101  -0.0001983569
        0.0000322878   0.0000029780   0.0000228491  -0.0004573579  -0.0001190127
       -0.0001223688
       -0.3314792993  -0.0877820911   0.0051950140   0.6770049248  -0.0050632669
       -0.0152379215  -0.1049177863  -0.0191747371   0.0010096104   0.0458660557
       -0.0005587072  -0.0008277658  -0.0325264535  -0.0347966162  -0.0001028411
       -0.0567121116   0.0647599516   0.0026786254  -0.0113770084  -0.0045180551
        0.0002685912  -0.1526092562   0.1277357752   0.0050721437  -0.0021518082
        0.0040910534   0.0003813347   0.0000078806  -0.0007502512  -0.0000386261
       -0.0021156938   0.0031085109   0.0003274497  -0.0258437076  -0.0427787611
        0.0011482246  -0.0059042216  -0.0009554967   0.0001755849   0.0019373005
       -0.0028920060   0.0003649649   0.0007270739   0.0004962792  -0.0005745251
        0.0003086991  -0.0002670440  -0.0001721940  -0.0002145882  -0.0006545378
        0.0003323299
       -0.0135901588  -0.1028269073  -0.0009411299  -0.0050632669   0.6431584759
        0.0094014406  -0.0868292134  -0.2833745592  -0.0031159405   0.0430627609
       -0.0505822683  -0.0020661867  -0.0276373568  -0.0247794175   0.0001733526
        0.0075686532   0.0422193985   0.0006130931  -0.0289673109  -0.0096522307
        0.0005360242   0.1279022008  -0.1922965106  -0.0061257076   0.0029264488
       -0.0025094441  -0.0002382367  -0.0009200820   0.0005635779   0.0000667855
        0.0035055772  -0.0026770992  -0.0002455204  -0.0226164854  -0.0181078370
        0.0045192027  -0.0009693757   0.0016493104  -0.0012984285   0.0010841017
       -0.0011535613  -0.0005096655  -0.0002229135   0.0006789044  -0.0004218945
        0.0005657585  -0.0003746488   0.0000264113   0.0002006623   0.0000648171
       -0.0003735998
        0.0077541371   0.0007399225  -0.0428159022  -0.0152379215   0.0094014406
        0.1067685508  -0.0004036768  -0.0036384851  -0.0501509905   0.0000620552
       -0.0008935834   0.0001742699  -0.0001954700   0.0000890983  -0.0041057940
        0.0012438626  -0.0001165460   0.0016095661  -0.0001756080  -0.0000469744
        0.0004860472   0.0050078764  -0.0059907158  -0.0303414011   0.0003063348
       -0.0003424950   0.0067682392  -0.0000251589   0.0000387651  -0.0001037177
        0.0003298259  -0.0002674514   0.0070897559   0.0007116376   0.0017350792
        0.0032202720  -0.0003375597  -0.0003743841   0.0021867118   0.0004414511
       -0.0007346960  -0.0012032045   0.0002619347   0.0000240581   0.0002836486
        0.0000126516  -0.0001026805   0.0002189361   0.0002436280   0.0004796480
       -0.0000849877
       -0.0130158958  -0.0348071739  -0.0003060862  -0.1049177863  -0.0868292134
       -0.0004036768   0.6677190290   0.0124675114  -0.0135434871  -0.1724959120
        0.1362354381   0.0054943523  -0.0551398303   0.0072577630   0.0017607363
        0.0038162272   0.0146035146   0.0000515190  -0.0049954904  -0.0007453436
        0.0002468497   0.0054602912   0.0206649019   0.0003845999   0.0047936710
       -0.0074664018  -0.0004023306  -0.0042862724  -0.0019052074   0.0002851996
        0.0021029580   0.0005531128  -0.0001194040  -0.2881049821  -0.0476276949
       -0.0113097963  -0.0106857099  -0.0124488630   0.0083774074  -0.0320840069
        0.0023106657   0.0061012689   0.0038621171  -0.0038593994   0.0049123381
       -0.0032273241   0.0027726203  -0.0003509418   0.0011989168  -0.0011762304
       -0.0011785483
       -0.0876400512   0.0043152734   0.0024447242  -0.0191747371  -0.2833745592
       -0.0036384851   0.0124675114   0.6587271550   0.0093755603   0.0678955783
       -0.2091677943  -0.0052545222   0.0593384225   0.0472560451  -0.0005206754
        0.0147060563  -0.0606928819  -0.0014495791  -0.0005797998   0.0016306486
       -0.0000698194  -0.0034803474  -0.0246162596  -0.0003963308   0.0166791958
       -0.0267795834  -0.0010349532  -0.0021737756   0.0009106751  -0.0001673948
        0.0006914686  -0.0005851855  -0.0000582130  -0.0518611337  -0.0986403368
       -0.0054367090  -0.0300386740  -0.0131687147   0.0059387909   0.0168410082
        0.0083927123  -0.0015216267   0.0013745277  -0.0008464402   0.0014714253
        0.0040987971  -0.0024754806   0.0006704740   0.0008559530  -0.0008852732
       -0.0003526659
       -0.0012107204   0.0012952539  -0.0024511181   0.0010096104  -0.0031159405
       -0.0501509905  -0.0135434871   0.0093755603   0.1304043831   0.0034678690
       -0.0060078492  -0.0505510196   0.0030546413   0.0009061581  -0.0024454703
       -0.0003524873  -0.0017007689  -0.0059131178   0.0003200256  -0.0001834534
        0.0086493889  -0.0000949086  -0.0011088691   0.0006303973   0.0003939607
       -0.0002917287   0.0010837163   0.0002608992  -0.0000577819   0.0086779244
       -0.0001027154  -0.0000465939   0.0004475570   0.0210907645   0.0042279541
       -0.0296801092  -0.0073845216  -0.0027246053  -0.0035465145  -0.0055072305
       -0.0008536310  -0.0059793206  -0.0020275401   0.0005559394   0.0001190125
       -0.0006052001   0.0006392990   0.0002303957   0.0012310404  -0.0009089429
        0.0004748854
       -0.0539767725   0.0210927128   0.0016186295   0.0458660557   0.0430627609
        0.0000620552  -0.1724959120   0.0678955783   0.0034678690   0.6817099199
        0.0203801718  -0.0149516706  -0.3394546403  -0.0158018745   0.0070139136
       -0.0129338500  -0.0891748560  -0.0014361907  -0.0005529583   0.0002578225
        0.0000247265   0.0000722352  -0.0026477045   0.0000945501  -0.0659599118
       -0.0705734170  -0.0009660354  -0.0236781480  -0.0016774618   0.0006031289
        0.0002782934  -0.0017880488   0.0001394213  -0.0540148087   0.0248824135
        0.0057271647   0.0013061434   0.0037381159  -0.0005085706  -0.0031132522
       -0.0023085461   0.0005096539  -0.0008680272   0.0006484795  -0.0013501812
       -0.0014294700   0.0014392961  -0.0003999283  -0.0007548967   0.0005745574
        0.0003514640
        0.0145344601  -0.0030313022  -0.0003017040  -0.0005587072  -0.0505822683
       -0.0008935834   0.1362354381  -0.2091677943  -0.0060078492   0.0203801718
        0.6386005613   0.0107503720  -0.0892990105  -0.1037143859   0.0009892655
       -0.0326898180  -0.0017006670   0.0007330557   0.0004875955   0.0011613420
       -0.0000328433  -0.0016939595  -0.0049344325  -0.0001952940  -0.0696331784
       -0.2718107625  -0.0029309530   0.0229926043   0.0025592881  -0.0005107256
       -0.0021763365  -0.0050780587  -0.0002011636   0.0061926118   0.0069006880
       -0.0033123923  -0.0024561914   0.0013595024   0.0006153382  -0.0023380658
       -0.0002500708   0.0009965739   0.0005048924  -0.0003523172   0.0004655380
       -0.0005812899   0.0001050804  -0.0000257678   0.0000987832  -0.0000644029
       -0.0001378670
        0.0011184365  -0.0003287048  -0.0043868612  -0.0008277658  -0.0020661867
        0.0001742699   0.0054943523  -0.0052545222  -0.0505510196  -0.0149516706
        0.0107503720   0.1073631338   0.0063011304  -0.0004047600  -0.0422542985
       -0.0003298104   0.0014415195   0.0016399215   0.0000159197   0.0000056164
       -0.0000771972   0.0001630223  -0.0001293316   0.0069180590  -0.0009005898
       -0.0032678005  -0.0311512884   0.0012088516   0.0001037743   0.0004046193
        0.0001463863  -0.0001809365   0.0069678363   0.0030930935  -0.0011848811
        0.0040575895   0.0002481016   0.0000519916  -0.0009703319  -0.0008106713
        0.0006538357   0.0017496722   0.0003991955  -0.0003285924   0.0000792558
       -0.0000207276   0.0000033768   0.0000925966  -0.0003472541   0.0001352294
       -0.0000559571
        0.0509514845  -0.0043026689  -0.0012955751  -0.0325264535  -0.0276373568
       -0.0001954700  -0.0551398303   0.0593384225   0.0030546413  -0.3394546403
       -0.0892990105   0.0063011304   0.6693488915  -0.0036360878  -0.0145426334
       -0.1152684715  -0.0303865917   0.0012730649  -0.0018448027   0.0042164351
        0.0003196631   0.0002126358  -0.0008551900   0.0000018135  -0.0111213107
       -0.0044734828   0.0001570903  -0.1559013338   0.1246629553   0.0060655194
       -0.0122966646  -0.0287370375  -0.0002711715   0.0038705815   0.0026964156
       -0.0025592587  -0.0002653356  -0.0005940870   0.0001078298  -0.0014771148
       -0.0003649235   0.0010617033   0.0007342159  -0.0004235946   0.0007884146
       -0.0001193519  -0.0000209933   0.0000299647   0.0002975004  -0.0001832042
       -0.0002967266
        0.0558025084  -0.0632186911  -0.0025723552  -0.0347966162  -0.0247794175
        0.0000890983   0.0072577630   0.0472560451   0.0009061581  -0.0158018745
       -0.1037143859  -0.0004047600  -0.0036360878   0.6589742079   0.0116155996
       -0.1091704361  -0.3049681888  -0.0023304627   0.0034078948  -0.0027067550
       -0.0002702516  -0.0006263245   0.0003145114   0.0000083096  -0.0295320210
       -0.0097116016   0.0004327111   0.1244151992  -0.1836840680  -0.0069165811
       -0.0035694954  -0.0074432603  -0.0000518416   0.0039270660  -0.0046052268
       -0.0009472593  -0.0000441401  -0.0009018172  -0.0001128126   0.0014773261
       -0.0005672978   0.0003523174   0.0004001128   0.0000444680   0.0002165331
        0.0002580599  -0.0003245386   0.0000728284   0.0002310654   0.0000360163
       -0.0000872314
        0.0000588604  -0.0012764607   0.0010050182  -0.0001028411   0.0001733526
       -0.0041057940   0.0017607363  -0.0005206754  -0.0024454703   0.0070139136
        0.0009892655  -0.0422542985  -0.0145426334   0.0116155996   0.1163810349
       -0.0004531807  -0.0041689765  -0.0465389024   0.0003178674  -0.0002846776
        0.0077121764  -0.0000295705   0.0000269641  -0.0001010094  -0.0003081580
       -0.0000370418  -0.0004905347   0.0060584545  -0.0067744126  -0.0346429669
        0.0002425864   0.0006335440  -0.0005894895  -0.0006993464  -0.0008552292
        0.0041304817   0.0000977251   0.0005101231   0.0002995093   0.0005049875
       -0.0000620048   0.0015984476   0.0002703024  -0.0001497904   0.0000074467
        0.0000549255  -0.0000378579   0.0000102987  -0.0002446290   0.0002182781
        0.0000240522
       -0.2023936892   0.1587948058   0.0070256466  -0.0567121116   0.0075686532
        0.0012438626   0.0038162272   0.0147060563  -0.0003524873  -0.0129338500
       -0.0326898180  -0.0003298104  -0.1152684715  -0.1091704361  -0.0004531807
        0.6730526817   0.0042569537  -0.0145159203   0.0053973289  -0.0064584285
       -0.0001848117  -0.0052368526  -0.0012853735   0.0002962612  -0.0054735834
       -0.0017583013   0.0002759168   0.0047035937   0.0200667636   0.0003391381
       -0.2862924524  -0.0524510739   0.0059400913  -0.0033601249  -0.0017268359
        0.0015353915   0.0001540527   0.0003468869  -0.0004835066   0.0003218935
       -0.0003242679  -0.0001767761   0.0000416250   0.0002338992  -0.0000683248
        0.0000823822  -0.0000850591  -0.0000172487   0.0001013506  -0.0000244244
       -0.0000742415
        0.0800953790  -0.2224767890  -0.0055231872   0.0647599516   0.0422193985
       -0.0001165460   0.0146035146  -0.0606928819  -0.0017007689  -0.0891748560
       -0.0017006670   0.0014415195  -0.0303865917  -0.3049681888  -0.0041689765
        0.0042569537   0.6465690606   0.0103918606   0.0184768076  -0.0255512570
       -0.0010338875  -0.0020363662   0.0013001135  -0.0000792729  -0.0009801968
        0.0014511136  -0.0001794470  -0.0047749026  -0.0246302722  -0.0002854697
       -0.0524663046  -0.0554129526   0.0009095645  -0.0016383736   0.0021556525
        0.0006333529   0.0004440844   0.0005601761   0.0004899363  -0.0001723850
        0.0007898856  -0.0005637307  -0.0006473838   0.0000444598  -0.0003402020
        0.0000624885   0.0001916086  -0.0000226549  -0.0004218193   0.0001515395
        0.0001479094
        0.0055348621  -0.0074069819  -0.0464544740   0.0026786254   0.0006130931
        0.0016095661   0.0000515190  -0.0014495791  -0.0059131178  -0.0014361907
        0.0007330557   0.0016399215   0.0012730649  -0.0023304627  -0.0465389024
       -0.0145159203   0.0103918606   0.1090201639   0.0002151308  -0.0003069972
        0.0007323126   0.0002745114  -0.0000695027   0.0079238754   0.0003361308
       -0.0001176839   0.0081432347  -0.0002116404  -0.0010896502   0.0007693351
        0.0058308395   0.0009112333  -0.0307868443   0.0000597688   0.0000493983
       -0.0001966322  -0.0000363208   0.0000430413   0.0000658309  -0.0000321271
        0.0000354277   0.0000072256   0.0000028864  -0.0000166602  -0.0000190325
       -0.0000063681   0.0000130128  -0.0000022924  -0.0000187716  -0.0000026048
       -0.0000001701
       -0.0672243554  -0.0718475974  -0.0004991792  -0.0113770084  -0.0289673109
       -0.0001756080  -0.0049954904  -0.0005797998   0.0003200256  -0.0005529583
        0.0004875955   0.0000159197  -0.0018448027   0.0034078948   0.0003178674
        0.0053973289   0.0184768076   0.0002151308   0.0801266265   0.0802056717
        0.0000137067   0.0006709964  -0.0008536410  -0.0000979962  -0.0000655220
       -0.0000367935  -0.0000483666   0.0001465793   0.0010060964   0.0000197299
        0.0008318802   0.0007886524  -0.0000746642  -0.0008010947  -0.0017304382
        0.0000513052  -0.0004461436  -0.0001550850   0.0000073199   0.0000481107
       -0.0001458799  -0.0000478999   0.0000369861  -0.0000056141  -0.0000176400
       -0.0000087468   0.0000127316  -0.0000014754   0.0000576143  -0.0000632903
        0.0000018244
       -0.0720640940  -0.2724522461  -0.0023930698  -0.0045180551  -0.0096522307
       -0.0000469744  -0.0007453436   0.0016306486  -0.0001834534   0.0002578225
        0.0011613420   0.0000056164   0.0042164351  -0.0027067550  -0.0002846776
       -0.0064584285  -0.0255512570  -0.0003069972   0.0802056717   0.3084003001
        0.0029984015   0.0006374180   0.0011255125   0.0000629851  -0.0000930279
       -0.0000851856   0.0000175702  -0.0001624908  -0.0017411236  -0.0000341984
       -0.0003602652   0.0008493433   0.0000653039  -0.0009290060  -0.0009223923
        0.0002468673  -0.0000922514   0.0000093998  -0.0000152466   0.0001200459
       -0.0001324412  -0.0000617539  -0.0000179784   0.0000517623  -0.0001057038
       -0.0000269698   0.0000094957  -0.0000063607   0.0000305175   0.0000058272
        0.0000416916
       -0.0005583589  -0.0023012639  -0.0343541584   0.0002685912   0.0005360242
        0.0004860472   0.0002468497  -0.0000698194   0.0086493889   0.0000247265
       -0.0000328433  -0.0000771972   0.0003196631  -0.0002702516   0.0077121764
       -0.0001848117  -0.0010338875   0.0007323126   0.0000137067   0.0029984015
        0.0243208323  -0.0000649845   0.0000778439  -0.0029225490  -0.0000465787
        0.0000414878  -0.0016854911  -0.0000071508  -0.0000539214  -0.0000542950
       -0.0000996581   0.0000463151  -0.0025372636   0.0000821338   0.0000559686
       -0.0000746939   0.0000347166  -0.0000001006  -0.0002781266  -0.0000187136
        0.0000045710   0.0000722288   0.0000057060  -0.0000105439   0.0000109823
       -0.0000027203  -0.0000033921   0.0000099803  -0.0000131170   0.0000154117
       -0.0000101740
       -0.0237333075   0.0229295572   0.0010767652  -0.1526092562   0.1279022008
        0.0050078764   0.0054602912  -0.0034803474  -0.0000949086   0.0000722352
       -0.0016939595   0.0001630223   0.0002126358  -0.0006263245  -0.0000295705
       -0.0052368526  -0.0020363662   0.0002745114   0.0006709964   0.0006374180
       -0.0000649845   0.1805480127  -0.1419726708  -0.0063235018   0.0001106479
       -0.0003735173   0.0000138707  -0.0000346217   0.0000145559  -0.0000416156
       -0.0014318850   0.0011090418   0.0000408697   0.0000624487   0.0001674038
        0.0000186343  -0.0000820903   0.0000563310  -0.0001335508  -0.0014969303
       -0.0014185712  -0.0003207628  -0.0004826886  -0.0002929925  -0.0005253627
        0.0000168221  -0.0001586297   0.0001316538  -0.0020464578  -0.0007631295
        0.0008070533
       -0.0016224227   0.0026607853   0.0000647700   0.1277357752  -0.1922965106
       -0.0059907158   0.0206649019  -0.0246162596  -0.0011088691  -0.0026477045
       -0.0049344325  -0.0001293316  -0.0008551900   0.0003145114   0.0000269641
       -0.0012853735   0.0013001135  -0.0000695027  -0.0008536410   0.0011255125
        0.0000778439  -0.1419726708   0.2157418495   0.0069999801   0.0009984846
       -0.0016773965  -0.0000825182   0.0000351743  -0.0000167312   0.0000260442
       -0.0000495743   0.0000235917   0.0000054579   0.0007766044   0.0008711964
        0.0002222187   0.0003730427   0.0003909996   0.0001549622   0.0001774534
        0.0002333840  -0.0002201104  -0.0004870367   0.0000948211  -0.0007126753
        0.0001000871   0.0003076700   0.0000030982  -0.0010879102   0.0004768955
        0.0007323838
        0.0004502782  -0.0004649886  -0.0004263047   0.0050721437  -0.0061257076
       -0.0303414011   0.0003845999  -0.0003963308   0.0006303973   0.0000945501
       -0.0001952940   0.0069180590   0.0000018135   0.0000083096  -0.0001010094
        0.0002962612  -0.0000792729   0.0079238754  -0.0000979962   0.0000629851
       -0.0029225490  -0.0063235018   0.0069999801   0.0220209854   0.0000441667
        0.0000137500  -0.0005834767  -0.0000527787   0.0000399547  -0.0016933136
        0.0000323879  -0.0000314343   0.0004548804   0.0001351459   0.0001943918
       -0.0015227170  -0.0000677421  -0.0000427526   0.0000720828  -0.0001032793
        0.0001876197  -0.0001376254  -0.0006998424  -0.0002315836  -0.0003978031
        0.0000186211  -0.0000314461  -0.0001600184   0.0008151724   0.0000918195
        0.0002659380
       -0.0004380102   0.0004076546   0.0000083334  -0.0021518082   0.0029264488
        0.0003063348   0.0047936710   0.0166791958   0.0003939607  -0.0659599118
       -0.0696331784  -0.0009005898  -0.0111213107  -0.0295320210  -0.0003081580
       -0.0054735834  -0.0009801968   0.0003361308  -0.0000655220  -0.0000930279
       -0.0000465787   0.0001106479   0.0009984846   0.0000441667   0.0795775410
        0.0799520368   0.0004739874   0.0006669883  -0.0007499004  -0.0001096912
       -0.0008859522  -0.0015818103  -0.0000130170   0.0016495904   0.0021138973
        0.0002137767  -0.0007531497  -0.0003430889  -0.0003379255  -0.0000833328
        0.0000637701  -0.0001065473   0.0000465838  -0.0000775129   0.0000557347
        0.0000261551  -0.0000697794   0.0000188521   0.0000614034  -0.0000809722
       -0.0000287698
        0.0004911181   0.0009188957   0.0000106306   0.0040910534  -0.0025094441
       -0.0003424950  -0.0074664018  -0.0267795834  -0.0002917287  -0.0705734170
       -0.2718107625  -0.0032678005  -0.0044734828  -0.0097116016  -0.0000370418
       -0.0017583013   0.0014511136  -0.0001176839  -0.0000367935  -0.0000851856
        0.0000414878  -0.0003735173  -0.0016773965   0.0000137500   0.0799520368
        0.3075502421   0.0037481773   0.0005549407   0.0011400343   0.0000881998
       -0.0003577134  -0.0006740527  -0.0000296875  -0.0009676429   0.0013631406
       -0.0001757974   0.0014720277   0.0000619920   0.0004264967  -0.0003343559
        0.0006568900  -0.0001110580  -0.0001109835  -0.0000563157   0.0000133712
        0.0000248378   0.0001433749  -0.0000218302  -0.0001334049   0.0000186589
        0.0000530097
       -0.0000250692   0.0000509010  -0.0001120327   0.0003813347  -0.0002382367
        0.0067682392  -0.0004023306  -0.0010349532   0.0010837163  -0.0009660354
       -0.0029309530  -0.0311512884   0.0001570903   0.0004327111  -0.0004905347
        0.0002759168  -0.0001794470   0.0081432347  -0.0000483666   0.0000175702
       -0.0016854911   0.0000138707  -0.0000825182  -0.0005834767   0.0004739874
        0.0037481773   0.0224671374  -0.0000817242   0.0001160232  -0.0029855679
        0.0000050616  -0.0000019946   0.0004280761   0.0003710587   0.0003725641
       -0.0014023699   0.0000120028  -0.0002995240  -0.0004336519  -0.0001326149
        0.0000978930   0.0000216512  -0.0000275166   0.0000170355  -0.0000437304
       -0.0000151669   0.0000187406  -0.0000015590   0.0000085012  -0.0001039892
       -0.0000223524
        0.0008593317  -0.0018396646   0.0001667058   0.0000078806  -0.0009200820
       -0.0000251589  -0.0042862724  -0.0021737756   0.0002608992  -0.0236781480
        0.0229926043   0.0012088516  -0.1559013338   0.1244151992   0.0060584545
        0.0047035937  -0.0047749026  -0.0002116404   0.0001465793  -0.0001624908
       -0.0000071508  -0.0000346217   0.0000351743  -0.0000527787   0.0006669883
        0.0005549407  -0.0000817242   0.1787911998  -0.1387821833  -0.0073071995
        0.0009911575  -0.0006908678  -0.0001194074  -0.0018369285   0.0012869142
        0.0002277720   0.0000820735   0.0002297908  -0.0001087861  -0.0004432452
       -0.0002736551   0.0000642250   0.0000313671   0.0000350328  -0.0000538134
       -0.0001499840   0.0000667975  -0.0000197111   0.0000503620   0.0000011681
        0.0000004623
       -0.0026315450  -0.0053978567  -0.0002267817  -0.0007502512   0.0005635779
        0.0000387651  -0.0019052074   0.0009106751  -0.0000577819  -0.0016774618
        0.0025592881   0.0001037743   0.1246629553  -0.1836840680  -0.0067744126
        0.0200667636  -0.0246302722  -0.0010896502   0.0010060964  -0.0017411236
       -0.0000539214   0.0000145559  -0.0000167312   0.0000399547  -0.0007499004
        0.0011400343   0.0001160232  -0.1387821833   0.2093553649   0.0079205603
        0.0004431800   0.0006985458   0.0000606447   0.0004781176   0.0000503615
       -0.0002014421   0.0000054591  -0.0000104364   0.0000941189  -0.0001750780
        0.0002894494  -0.0000283069  -0.0000080732  -0.0000760834   0.0000646343
        0.0000351981   0.0000296094   0.0000005504  -0.0000326259  -0.0000403350
       -0.0000067292
        0.0001408962  -0.0002387527   0.0075897483  -0.0000386261   0.0000667855
       -0.0001037177   0.0002851996  -0.0001673948   0.0086779244   0.0006031289
       -0.0005107256   0.0004046193   0.0060655194  -0.0069165811  -0.0346429669
        0.0003391381  -0.0002854697   0.0007693351   0.0000197299  -0.0000341984
       -0.0000542950  -0.0000416156   0.0000260442  -0.0016933136  -0.0001096912
        0.0000881998  -0.0029855679  -0.0073071995   0.0079205603   0.0246548221
       -0.0000868401   0.0000808340  -0.0024710751   0.0000579780   0.0000226998
        0.0000357864  -0.0000016149  -0.0000327979   0.0000631423   0.0000584744
       -0.0000097562  -0.0002219510  -0.0000300217   0.0000210168  -0.0000064503
        0.0000105339  -0.0000033027  -0.0000221129   0.0000350107  -0.0000271612
        0.0000060727
       -0.0237282073  -0.0037902164   0.0005386159  -0.0021156938   0.0035055772
        0.0003298259   0.0021029580   0.0006914686  -0.0001027154   0.0002782934
       -0.0021763365   0.0001463863  -0.0122966646  -0.0035694954   0.0002425864
       -0.2862924524  -0.0524663046   0.0058308395   0.0008318802  -0.0003602652
       -0.0000996581  -0.0014318850  -0.0000495743   0.0000323879  -0.0008859522
       -0.0003577134   0.0000050616   0.0009911575   0.0004431800  -0.0000868401
        0.3233097255   0.0583699743  -0.0069212157  -0.0009156815  -0.0000958479
        0.0003105875   0.0000807900   0.0000588692  -0.0001184296   0.0000405415
       -0.0002987358  -0.0000229939   0.0000063963   0.0001025102  -0.0000709252
       -0.0000392933  -0.0000454725   0.0000007170   0.0000640877   0.0000383824
       -0.0000142300
        0.0214021702   0.0038710371  -0.0004870828   0.0031085109  -0.0026770992
       -0.0002674514   0.0005531128  -0.0005851855  -0.0000465939  -0.0017880488
       -0.0050780587  -0.0001809365  -0.0287370375  -0.0074432603   0.0006335440
       -0.0524510739  -0.0554129526   0.0009112333   0.0007886524   0.0008493433
        0.0000463151   0.0011090418   0.0000235917  -0.0000314343  -0.0015818103
       -0.0006740527  -0.0000019946  -0.0006908678   0.0006985458   0.0000808340
        0.0583699743   0.0663026831  -0.0007179623  -0.0001866458   0.0000014879
        0.0000740043   0.0000982681   0.0000219446   0.0000239140   0.0000539926
        0.0000858926  -0.0000249200  -0.0000285718  -0.0000024632  -0.0000451022
        0.0000012625   0.0000196241  -0.0000010012  -0.0000209297  -0.0000010780
        0.0000346344
        0.0009595926   0.0002162634  -0.0006440810   0.0003274497  -0.0002455204
        0.0070897559  -0.0001194040  -0.0000582130   0.0004475570   0.0001394213
       -0.0002011636   0.0069678363  -0.0002711715  -0.0000518416  -0.0005894895
        0.0059400913   0.0009095645  -0.0307868443  -0.0000746642   0.0000653039
       -0.0025372636   0.0000408697   0.0000054579   0.0004548804  -0.0000130170
       -0.0000296875   0.0004280761  -0.0001194074   0.0000606447  -0.0024710751
       -0.0069212157  -0.0007179623   0.0231462726   0.0002150821   0.0001772297
       -0.0010221509  -0.0000507661  -0.0001479489  -0.0001704691  -0.0000647642
       -0.0000046830  -0.0003497291  -0.0001096263   0.0000132412   0.0000232779
       -0.0000076675  -0.0000007874  -0.0000071088   0.0001291972   0.0000101024
        0.0000205554
        0.0042706254   0.0009462118  -0.0007591289  -0.0258437076  -0.0226164854
        0.0007116376  -0.2881049821  -0.0518611337   0.0210907645  -0.0540148087
        0.0061926118   0.0030930935   0.0038705815   0.0039270660  -0.0006993464
       -0.0033601249  -0.0016383736   0.0000597688  -0.0008010947  -0.0009290060
        0.0000821338   0.0000624487   0.0007766044   0.0001351459   0.0016495904
       -0.0009676429   0.0003710587  -0.0018369285   0.0004781176   0.0000579780
       -0.0009156815  -0.0001866458   0.0002150821   0.6151349629   0.0167063456
        0.0609890242  -0.0601905125  -0.0664957939  -0.0336216899  -0.1496601434
        0.0709839878  -0.0349834007  -0.0076297523   0.0148433035  -0.0163747065
       -0.0306384341   0.0211720048  -0.0052403941  -0.0019920389   0.0086688279
        0.0048729795
        0.0034263421  -0.0065311878  -0.0006306986  -0.0427787611  -0.0181078370
        0.0017350792  -0.0476276949  -0.0986403368   0.0042279541   0.0248824135
        0.0069006880  -0.0011848811   0.0026964156  -0.0046052268  -0.0008552292
       -0.0017268359   0.0021556525   0.0000493983  -0.0017304382  -0.0009223923
        0.0000559686   0.0001674038   0.0008711964   0.0001943918   0.0021138973
        0.0013631406   0.0003725641   0.0012869142   0.0000503615   0.0000226998
       -0.0000958479   0.0000014879   0.0001772297   0.0167063456   0.6665075324
        0.0648282496  -0.0700526414  -0.3569512904  -0.1048906932   0.0776959569
       -0.1518322226   0.0244063427   0.0186743704  -0.0191742826   0.0138146435
       -0.0067427354   0.0062509282  -0.0024556891   0.0231048955  -0.0273362111
        0.0001326698
       -0.0021436109  -0.0009864342   0.0049194068   0.0011482246   0.0045192027
        0.0032202720  -0.0113097963  -0.0054367090  -0.0296801092   0.0057271647
       -0.0033123923   0.0040575895  -0.0025592587  -0.0009472593   0.0041304817
        0.0015353915   0.0006333529  -0.0001966322   0.0000513052   0.0002468673
       -0.0000746939   0.0000186343   0.0002222187  -0.0015227170   0.0002137767
       -0.0001757974  -0.0014023699   0.0002277720  -0.0002014421   0.0000357864
        0.0003105875   0.0000740043  -0.0010221509   0.0609890242   0.0648282496
        0.0857756863  -0.0220156649  -0.0845756419  -0.0266367754  -0.0225375131
        0.0137604775  -0.0473366668  -0.0215001416   0.0211172459  -0.0021204373
       -0.0005172456  -0.0003554043   0.0005572100   0.0123613506  -0.0094105385
        0.0072961198
        0.0000051976  -0.0015950768   0.0004825923  -0.0059042216  -0.0009693757
       -0.0003375597  -0.0106857099  -0.0300386740  -0.0073845216   0.0013061434
       -0.0024561914   0.0002481016  -0.0002653356  -0.0000441401   0.0000977251
        0.0001540527   0.0004440844  -0.0000363208  -0.0004461436  -0.0000922514
        0.0000347166  -0.0000820903   0.0003730427  -0.0000677421  -0.0007531497
        0.0014720277   0.0000120028   0.0000820735   0.0000054591  -0.0000016149
        0.0000807900   0.0000982681  -0.0000507661  -0.0601905125  -0.0700526414
       -0.0220156649   0.0786653645   0.0757840980   0.0235896643   0.0014769260
        0.0195051001   0.0057586488  -0.0007093005   0.0010141762  -0.0000651173
        0.0001367722   0.0020977023   0.0003435000  -0.0028708561   0.0044543920
       -0.0006076441
       -0.0002249652  -0.0007490490   0.0002921110  -0.0009554967   0.0016493104
       -0.0003743841  -0.0124488630  -0.0131687147  -0.0027246053   0.0037381159
        0.0013595024   0.0000519916  -0.0005940870  -0.0009018172   0.0005101231
        0.0003468869   0.0005601761   0.0000430413  -0.0001550850   0.0000093998
       -0.0000001006   0.0000563310   0.0003909996  -0.0000427526  -0.0003430889
        0.0000619920  -0.0002995240   0.0002297908  -0.0000104364  -0.0000327979
        0.0000588692   0.0000219446  -0.0001479489  -0.0664957939  -0.3569512904
       -0.0845756419   0.0757840980   0.3884780517   0.0924592670  -0.0007240277
       -0.0199600226  -0.0060682017   0.0001620944  -0.0003374354  -0.0004087928
       -0.0010852705   0.0015763410  -0.0001397246   0.0026504917  -0.0020289519
        0.0014579404
        0.0013862892   0.0002233250   0.0012025434   0.0001755849  -0.0012984285
        0.0021867118   0.0083774074   0.0059387909  -0.0035465145  -0.0005085706
        0.0006153382  -0.0009703319   0.0001078298  -0.0001128126   0.0002995093
       -0.0004835066   0.0004899363   0.0000658309   0.0000073199  -0.0000152466
       -0.0002781266  -0.0001335508   0.0001549622   0.0000720828  -0.0003379255
        0.0004264967  -0.0004336519  -0.0001087861   0.0000941189   0.0000631423
       -0.0001184296   0.0000239140  -0.0001704691  -0.0336216899  -0.1048906932
       -0.0266367754   0.0235896643   0.0924592670   0.0313427656   0.0018144525
        0.0061250415  -0.0022256307  -0.0015444135   0.0021194633  -0.0014837850
        0.0001052191  -0.0003044876   0.0008599975   0.0012931053  -0.0020489855
       -0.0003472985
       -0.0010861542   0.0004209240   0.0003411899   0.0019373005   0.0010841017
        0.0004414511  -0.0320840069   0.0168410082  -0.0055072305  -0.0031132522
       -0.0023380658  -0.0008106713  -0.0014771148   0.0014773261   0.0005049875
        0.0003218935  -0.0001723850  -0.0000321271   0.0000481107   0.0001200459
       -0.0000187136  -0.0014969303   0.0001774534  -0.0001032793  -0.0000833328
       -0.0003343559  -0.0001326149  -0.0004432452  -0.0001750780   0.0000584744
        0.0000405415   0.0000539926  -0.0000647642  -0.1496601434   0.0776959569
       -0.0225375131   0.0014769260  -0.0007240277   0.0018144525   0.4945830583
        0.0402237386  -0.0070917762  -0.0439414123  -0.0138277280   0.0257317386
       -0.2228164435  -0.1091866886   0.0167474993  -0.0422057949  -0.0113362182
       -0.0093411030
        0.0016184857   0.0003336559   0.0000560838  -0.0028920060  -0.0011535613
       -0.0007346960   0.0023106657   0.0083927123  -0.0008536310  -0.0023085461
       -0.0002500708   0.0006538357  -0.0003649235  -0.0005672978  -0.0000620048
       -0.0003242679   0.0007898856   0.0000354277  -0.0001458799  -0.0001324412
        0.0000045710  -0.0014185712   0.0002333840   0.0001876197   0.0000637701
        0.0006568900   0.0000978930  -0.0002736551   0.0002894494  -0.0000097562
       -0.0002987358   0.0000858926  -0.0000046830   0.0709839878  -0.1518322226
        0.0137604775   0.0195051001  -0.0199600226   0.0061250415   0.0402237386
        0.4924109441   0.0144711206  -0.0123200055  -0.0733875916   0.0719144002
       -0.1020098526  -0.1009030979   0.0091210067  -0.0123493045  -0.1550065083
       -0.1147627066
       -0.0000917818   0.0000059328   0.0008674861   0.0003649649  -0.0005096655
       -0.0012032045   0.0061012689  -0.0015216267  -0.0059793206   0.0005096539
        0.0009965739   0.0017496722   0.0010617033   0.0003523174   0.0015984476
       -0.0001767761  -0.0005637307   0.0000072256  -0.0000478999  -0.0000617539
        0.0000722288  -0.0003207628  -0.0002201104  -0.0001376254  -0.0001065473
       -0.0001110580   0.0000216512   0.0000642250  -0.0000283069  -0.0002219510
       -0.0000229939  -0.0000249200  -0.0003497291  -0.0349834007   0.0244063427
       -0.0473366668   0.0057586488  -0.0060682017  -0.0022256307  -0.0070917762
        0.0144711206   0.4748242777   0.0215414036   0.0748992790  -0.2190488288
        0.0162515106   0.0083123514  -0.0448865211  -0.0088114404  -0.1143345440
       -0.1577515111
       -0.0004898432   0.0001829383   0.0003835706   0.0007270739  -0.0002229135
        0.0002619347   0.0038621171   0.0013745277  -0.0020275401  -0.0008680272
        0.0005048924   0.0003991955   0.0007342159   0.0004001128   0.0002703024
        0.0000416250  -0.0006473838   0.0000028864   0.0000369861  -0.0000179784
        0.0000057060  -0.0004826886  -0.0004870367  -0.0006998424   0.0000465838
       -0.0001109835  -0.0000275166   0.0000313671  -0.0000080732  -0.0000300217
        0.0000063963  -0.0000285718  -0.0001096263  -0.0076297523   0.0186743704
       -0.0215001416  -0.0007093005   0.0001620944  -0.0015444135  -0.0439414123
       -0.0123200055   0.0215414036   0.0524200362   0.0049378779  -0.0201451715
       -0.0052376825  -0.0121287703   0.0259405943   0.0014523050  -0.0002650971
       -0.0027213197
       -0.0005127556  -0.0001856151   0.0000987101   0.0004962792   0.0006789044
        0.0000240581  -0.0038593994  -0.0008464402   0.0005559394   0.0006484795
       -0.0003523172  -0.0003285924  -0.0004235946   0.0000444680  -0.0001497904
        0.0002338992   0.0000444598  -0.0000166602  -0.0000056141   0.0000517623
       -0.0000105439  -0.0002929925   0.0000948211  -0.0002315836  -0.0000775129
       -0.0000563157   0.0000170355   0.0000350328  -0.0000760834   0.0000210168
        0.0001025102  -0.0000024632   0.0000132412   0.0148433035  -0.0191742826
        0.0211172459   0.0010141762  -0.0003374354   0.0021194633  -0.0138277280
       -0.0733875916   0.0748992790   0.0049378779   0.0935302995  -0.0947318441
       -0.0055312299  -0.0073529250   0.0171105855   0.0022192684   0.0073267544
       -0.0205075600
        0.0004790702   0.0000270181  -0.0001983569  -0.0005745251  -0.0004218945
        0.0002836486   0.0049123381   0.0014714253   0.0001190125  -0.0013501812
        0.0004655380   0.0000792558   0.0007884146   0.0002165331   0.0000074467
       -0.0000683248  -0.0003402020  -0.0000190325  -0.0000176400  -0.0001057038
        0.0000109823  -0.0005253627  -0.0007126753  -0.0003978031   0.0000557347
        0.0000133712  -0.0000437304  -0.0000538134   0.0000646343  -0.0000064503
       -0.0000709252  -0.0000451022   0.0000232779  -0.0163747065   0.0138146435
       -0.0021204373  -0.0000651173  -0.0004087928  -0.0014837850   0.0257317386
        0.0719144002  -0.2190488288  -0.0201451715  -0.0947318441   0.2569175483
        0.0028634731   0.0027929633  -0.0051414122   0.0044149983   0.0059856874
       -0.0289813357
        0.0002224423   0.0001408373   0.0000322878   0.0003086991   0.0005657585
        0.0000126516  -0.0032273241   0.0040987971  -0.0006052001  -0.0014294700
       -0.0005812899  -0.0000207276  -0.0001193519   0.0002580599   0.0000549255
        0.0000823822   0.0000624885  -0.0000063681  -0.0000087468  -0.0000269698
       -0.0000027203   0.0000168221   0.0001000871   0.0000186211   0.0000261551
        0.0000248378  -0.0000151669  -0.0001499840   0.0000351981   0.0000105339
       -0.0000392933   0.0000012625  -0.0000076675  -0.0306384341  -0.0067427354
       -0.0005172456   0.0001367722  -0.0010852705   0.0001052191  -0.2228164435
       -0.1020098526   0.0162515106  -0.0052376825  -0.0055312299   0.0028634731
        0.2663845133   0.1153056102  -0.0172314078  -0.0035110561  -0.0046155891
       -0.0009427188
        0.0000739679   0.0001674272   0.0000029780  -0.0002670440  -0.0003746488
       -0.0001026805   0.0027726203  -0.0024754806   0.0006392990   0.0014392961
        0.0001050804   0.0000033768  -0.0000209933  -0.0003245386  -0.0000378579
       -0.0000850591   0.0001916086   0.0000130128   0.0000127316   0.0000094957
       -0.0000033921  -0.0001586297   0.0003076700  -0.0000314461  -0.0000697794
        0.0001433749   0.0000187406   0.0000667975   0.0000296094  -0.0000033027
       -0.0000454725   0.0000196241  -0.0000007874   0.0211720048   0.0062509282
       -0.0003554043   0.0020977023   0.0015763410  -0.0003044876  -0.1091866886
       -0.1009030979   0.0083123514  -0.0121287703  -0.0073529250   0.0027929633
        0.1153056102   0.1165885412  -0.0107743277  -0.0209782938  -0.0139590099
       -0.0001690358
       -0.0000355876   0.0000329425   0.0000228491  -0.0001721940   0.0000264113
        0.0002189361  -0.0003509418   0.0006704740   0.0002303957  -0.0003999283
       -0.0000257678   0.0000925966   0.0000299647   0.0000728284   0.0000102987
       -0.0000172487  -0.0000226549  -0.0000022924  -0.0000014754  -0.0000063607
        0.0000099803   0.0001316538   0.0000030982  -0.0001600184   0.0000188521
       -0.0000218302  -0.0000015590  -0.0000197111   0.0000005504  -0.0000221129
        0.0000007170  -0.0000010012  -0.0000071088  -0.0052403941  -0.0024556891
        0.0005572100   0.0003435000  -0.0001397246   0.0008599975   0.0167474993
        0.0091210067  -0.0448865211   0.0259405943   0.0171105855  -0.0051414122
       -0.0172314078  -0.0107743277   0.0475093619  -0.0197438924  -0.0135905407
        0.0007093988
       -0.0003893028   0.0000481226  -0.0004573579  -0.0002145882   0.0002006623
        0.0002436280   0.0011989168   0.0008559530   0.0012310404  -0.0007548967
        0.0000987832  -0.0003472541   0.0002975004   0.0002310654  -0.0002446290
        0.0001013506  -0.0004218193  -0.0000187716   0.0000576143   0.0000305175
       -0.0000131170  -0.0020464578  -0.0010879102   0.0008151724   0.0000614034
       -0.0001334049   0.0000085012   0.0000503620  -0.0000326259   0.0000350107
        0.0000640877  -0.0000209297   0.0001291972  -0.0019920389   0.0231048955
        0.0123613506  -0.0028708561   0.0026504917   0.0012931053  -0.0422057949
       -0.0123493045  -0.0088114404   0.0014523050   0.0022192684   0.0044149983
       -0.0035110561  -0.0209782938  -0.0197438924   0.0507014512   0.0055845287
        0.0091044586
       -0.0001591634  -0.0001152042  -0.0001190127  -0.0006545378   0.0000648171
        0.0004796480  -0.0011762304  -0.0008852732  -0.0009089429   0.0005745574
       -0.0000644029   0.0001352294  -0.0001832042   0.0000360163   0.0002182781
       -0.0000244244   0.0001515395  -0.0000026048  -0.0000632903   0.0000058272
        0.0000154117  -0.0007631295   0.0004768955   0.0000918195  -0.0000809722
        0.0000186589  -0.0001039892   0.0000011681  -0.0000403350  -0.0000271612
        0.0000383824  -0.0000010780   0.0000101024   0.0086688279  -0.0273362111
       -0.0094105385   0.0044543920  -0.0020289519  -0.0020489855  -0.0113362182
       -0.1550065083  -0.1143345440  -0.0002650971   0.0073267544   0.0059856874
       -0.0046155891  -0.0139590099  -0.0135905407   0.0055845287   0.1913564657
        0.1336101432
       -0.0002652701   0.0001870134  -0.0001223688   0.0003323299  -0.0003735998
       -0.0000849877  -0.0011785483  -0.0003526659   0.0004748854   0.0003514640
       -0.0001378670  -0.0000559571  -0.0002967266  -0.0000872314   0.0000240522
       -0.0000742415   0.0001479094  -0.0000001701   0.0000018244   0.0000416916
       -0.0000101740   0.0008070533   0.0007323838   0.0002659380  -0.0000287698
        0.0000530097  -0.0000223524   0.0000004623  -0.0000067292   0.0000060727
       -0.0000142300   0.0000346344   0.0000205554   0.0048729795   0.0001326698
        0.0072961198  -0.0006076441   0.0014579404  -0.0003472985  -0.0093411030
       -0.1147627066  -0.1577515111  -0.0027213197  -0.0205075600  -0.0289813357
       -0.0009427188  -0.0001690358   0.0007093988   0.0091044586   0.1336101432
        0.1785791332
