           1           2   1.45918514678654     
           2           3   1.33783559355992     
           1           4  0.102734357555744     
           3           4   1.32775151295728     
           2           5  0.100085691199826     
           4           5   1.47522069895903     
           1           6   1.43109945739396     
           5           6   1.41641303795918     
           1           7  0.971686352558112     
           2           8  0.967739477301436     
           4           9  0.968424885488217     
           5          10  0.971483467280715     
           6          11  0.972497687066449     
           3          12   1.17504733964230     
          12          13  0.938855910581966     
          12          14   1.01396551187351     
          14          15  0.975195311189333     
          14          16  0.983927238905666     
          14          17  0.977825049548621     
