           1           2   1.43509029538661     
           2           3   1.42456330825968     
           3           4   1.33866126554198     
           2           5  0.103549113088658     
           4           5   1.39171011799551     
           1           6   1.40968182249417     
           3           6  0.101126053196377     
           5           6   1.41094852766076     
           5           7  0.967433570074393     
           4           8   1.05723004227016     
           8           9  0.849072202074276     
           2          10  0.968669609174121     
           1          11  0.969257758438347     
           3          12   1.02427583140592     
          12          13  0.970299960157830     
          12          14  0.970183861013514     
          12          15  0.983061336551790     
           6          16   1.02556945479899     
          16          17  0.977409762479139     
          16          18  0.968162914411003     
          16          19  0.984522198106337     
