           1           2   1.37495670564173     
           2           3   1.35696275273877     
           3           4   1.39934159445501     
           4           5   1.34901064473178     
           1           6   1.42483044741720     
           3           6  0.102627222902541     
           5           6   1.46245159311013     
           5           7  0.968409404402158     
           6           8  0.970182238509753     
           4           9   1.07018546775191     
           9          10  0.842941152539063     
           1          11  0.965337299330745     
           3          12  0.963306900854457     
           2          13   1.05734930168585     
          13          14  0.969267486030685     
          14          15  0.976981944872849     
          14          16  0.978065872372266     
          14          17  0.976971586273524     
