$hessian                                                                        
        0.6712078835   0.0111790358  -0.0000021451  -0.1104445582   0.0155782451
        0.0000002110   0.0505181157   0.0042823541  -0.0000001864  -0.0355118778
        0.0330866554   0.0000000458  -0.0515811452  -0.0651139113   0.0000003046
       -0.3358239230   0.0857069198   0.0000009536  -0.0113767438   0.0043824457
        0.0000000381  -0.1494415702  -0.1296189231   0.0000006768  -0.0249743207
        0.0410713831   0.0000000472   0.0011706008   0.0029633567  -0.0000000148
        0.0003021429  -0.0000296532   0.0000497318   0.0002155602   0.0002266506
       -0.0000000026   0.0003021437  -0.0000296523  -0.0000497328  -0.0023803769
       -0.0036604384   0.0000000402  -0.0016235066  -0.0023244641   0.0000000239
       -0.0013469511   0.0012872639   0.0000000070  -0.0002986713  -0.0000503796
        0.0000000026   0.0004840674   0.0000695340  -0.0002852020   0.0004840708
        0.0000695368   0.0002851994   0.0001190598   0.0009240411   0.0000000017
        0.0111790358   0.6586603401  -0.0000010100   0.0955833865  -0.2917991352
        0.0000000613  -0.0492656358  -0.0574212861   0.0000002947   0.0330866554
       -0.0258196994  -0.0000000762  -0.0100643424   0.0475045040  -0.0000000584
        0.0120515577  -0.1010537604   0.0000000776   0.0278031689  -0.0080077769
       -0.0000000921  -0.1291414750  -0.1993504911   0.0000007783   0.0152332428
       -0.0138594561  -0.0000000353  -0.0004654054   0.0002075888  -0.0000000010
        0.0000632653   0.0003345270   0.0005648222  -0.0007381192  -0.0006408511
        0.0000000058   0.0000632611   0.0003345270  -0.0005648229  -0.0029269566
       -0.0031962723   0.0000000285  -0.0000784924  -0.0048199567   0.0000000158
       -0.0021378831  -0.0014682246   0.0000000128  -0.0001423693  -0.0002566993
       -0.0000000002  -0.0002952564   0.0001749293  -0.0000030067  -0.0002952553
        0.0001749294   0.0000030070   0.0004876175   0.0003022635  -0.0000000010
       -0.0000021451  -0.0000010100   0.1073435312   0.0000000565   0.0000003694
       -0.0487412679  -0.0000000818   0.0000000848   0.0005288674   0.0000000464
       -0.0000000753  -0.0024371847   0.0000002186   0.0000001463  -0.0019399390
        0.0000010965  -0.0000002097  -0.0395538098  -0.0000000107  -0.0000000020
       -0.0002938840   0.0000006717   0.0000007782  -0.0305687182   0.0000000902
       -0.0000001319   0.0036553769  -0.0000000080  -0.0000000090  -0.0015368241
        0.0000641572  -0.0004103500   0.0000870331   0.0000000013   0.0000000006
        0.0003325612  -0.0000641574   0.0004103485   0.0000870371   0.0000000296
        0.0000000418   0.0069343312   0.0000000224   0.0000000235   0.0046449838
        0.0000000133   0.0000000001   0.0013907922   0.0000000016   0.0000000004
       -0.0000347954  -0.0002374926  -0.0001251962   0.0000303060   0.0002374906
        0.0001251948   0.0000303015  -0.0000000004  -0.0000000041   0.0000413013
       -0.1104445582   0.0955833865   0.0000000565   0.6018067917   0.0074283263
       -0.0000018225  -0.1783703997  -0.1454917400   0.0000007459  -0.0515811451
       -0.0100643424   0.0000002116  -0.0135191295  -0.0102591681   0.0000000391
       -0.0075668569   0.0351761664  -0.0000000350  -0.0045421529   0.0008763038
        0.0000000391   0.0062396243  -0.0199333762   0.0000000120  -0.2187847877
        0.0467502343   0.0000006731  -0.0397042639  -0.0038694397   0.0000001288
        0.0019898108   0.0012654705  -0.0018205488  -0.0040824112  -0.0033474387
        0.0000000093   0.0019898138   0.0012654740   0.0018205209   0.0066210581
        0.0073529981  -0.0000000401   0.0157251398  -0.0032400799  -0.0000000176
       -0.0018517053  -0.0020732672   0.0000000075   0.0002488509   0.0001675778
       -0.0000000064   0.0000126236   0.0004687228  -0.0003951445   0.0000126263
        0.0004687251   0.0003951304  -0.0041989287   0.0014754665   0.0000000407
        0.0155782451  -0.2917991352   0.0000003694   0.0074283263   0.6650246047
       -0.0000009924  -0.0699001353  -0.2200745007   0.0000005881  -0.0651139113
        0.0475045040   0.0000001594  -0.0102591681  -0.0657766251   0.0000001515
        0.0898795155   0.0035745802  -0.0000003528   0.0001170184   0.0017591826
        0.0000000157   0.0034253667  -0.0237190228   0.0000000294   0.0720513973
       -0.1074673669  -0.0000001784  -0.0200387649   0.0143524740   0.0000000523
       -0.0007046593   0.0004723954   0.0003519265  -0.0034132089  -0.0026238638
        0.0000000209  -0.0007046690   0.0004723935  -0.0003519125  -0.0179668089
       -0.0263245603   0.0000001187  -0.0040997555   0.0017879199   0.0000000004
        0.0006340465   0.0017698584  -0.0000000025  -0.0001883511   0.0000749925
        0.0000000023   0.0005692372  -0.0000614525  -0.0001221077   0.0005692391
       -0.0000614522   0.0001221068   0.0021370401   0.0011150741   0.0000000048
        0.0000002110   0.0000000613  -0.0487412679  -0.0000018225  -0.0000009924
        0.1248059371   0.0000006261   0.0000008660  -0.0500688187   0.0000003052
       -0.0000000562  -0.0019723693   0.0000000441   0.0000001521  -0.0057513068
       -0.0000001402  -0.0000001381  -0.0016988575   0.0000000459   0.0000000088
        0.0082044100  -0.0000000273   0.0000001190   0.0005067874   0.0000005751
       -0.0000000606  -0.0331243018   0.0000001588  -0.0000000119  -0.0043675107
        0.0014823989   0.0000323923   0.0005274251   0.0000000206   0.0000000157
        0.0005424609  -0.0014824046  -0.0000323959   0.0005274203   0.0000000159
        0.0000000208   0.0019528885  -0.0000000539   0.0000000094   0.0001655566
        0.0000000079   0.0000000057   0.0003644054  -0.0000000003  -0.0000000007
        0.0000098187  -0.0000914782   0.0000279624  -0.0000446804   0.0000914753
       -0.0000279658  -0.0000446840   0.0000000420   0.0000000081   0.0082066872
        0.0505181157  -0.0492656358  -0.0000000818  -0.1783703997  -0.0699001353
        0.0000006261   0.6836839982  -0.0166465983  -0.0000021710  -0.3358239229
        0.0120515576   0.0000011024  -0.0075668569   0.0898795155  -0.0000001359
       -0.0570733821  -0.0200545563   0.0000002261  -0.0003740222  -0.0006443189
        0.0000000021  -0.0001065201   0.0022955407   0.0000000155  -0.0479008044
       -0.0272258373   0.0000002555  -0.0044725386   0.0006452402   0.0000000211
       -0.0009056227  -0.0002244626   0.0003640564  -0.0008709209  -0.0012761343
        0.0000000026  -0.0009056221  -0.0002244619  -0.0003640518  -0.0705892799
        0.0793469207   0.0000000121  -0.0044718500   0.0008595883   0.0000000321
       -0.0002789952  -0.0007618106   0.0000000060   0.0001355317  -0.0000592754
        0.0000000009  -0.0005961210  -0.0000313869   0.0000212982  -0.0005961196
       -0.0000313877  -0.0000212934  -0.0234346672   0.0012676382   0.0000000767
        0.0042823541  -0.0574212861   0.0000000848  -0.1454917400  -0.2200745007
        0.0000008660  -0.0166465983   0.6559064161  -0.0000009264   0.0857069198
       -0.1010537604  -0.0000002163   0.0351761664   0.0035745802  -0.0000001351
       -0.0200545563  -0.0042373184   0.0000000752  -0.0002652463   0.0008071121
       -0.0000000003   0.0017318933  -0.0053520627   0.0000000160  -0.0030716948
        0.0100528390   0.0000000124   0.0021821397  -0.0010195579  -0.0000000074
       -0.0003949159  -0.0001889892   0.0001127227   0.0006180353   0.0002175092
       -0.0000000030  -0.0003949162  -0.0001889888  -0.0001127198   0.0797024188
       -0.2782955891   0.0000001242  -0.0003288994  -0.0064517395   0.0000000270
       -0.0002095063   0.0008990805  -0.0000000002  -0.0000725060   0.0002118423
        0.0000000005  -0.0000929929  -0.0001508165  -0.0001408236  -0.0000929911
       -0.0001508168   0.0001408264  -0.0222833639   0.0029160466   0.0000000769
       -0.0000001864   0.0000002947   0.0005288674   0.0000007459   0.0000005881
       -0.0500688187  -0.0000021710  -0.0000009264   0.1083059367   0.0000009749
        0.0000000671  -0.0395439701  -0.0000000213  -0.0000003607  -0.0016747182
        0.0000002241   0.0000000744  -0.0028665300   0.0000000035   0.0000000012
       -0.0000499139   0.0000000228   0.0000000112   0.0067931352   0.0000002141
        0.0000000872   0.0035465695   0.0000000131  -0.0000000007   0.0009524453
       -0.0001772801  -0.0000806668  -0.0000011124   0.0000000014   0.0000000044
        0.0000957111   0.0001772880   0.0000806691  -0.0000011118  -0.0000000019
        0.0000001437  -0.0324186299   0.0000000384   0.0000000234   0.0062623011
        0.0000000040   0.0000000019   0.0007104033  -0.0000000009   0.0000000002
        0.0000293604  -0.0003892894   0.0001464911  -0.0001291507   0.0003892929
       -0.0001464911  -0.0001291530   0.0000001280  -0.0000000120  -0.0003416214
       -0.0355118778   0.0330866554   0.0000000464  -0.0515811451  -0.0651139113
        0.0000003052  -0.3358239229   0.0857069198   0.0000009749   0.6712078831
        0.0111790359  -0.0000021444  -0.1104445582   0.0155782451   0.0000001953
        0.0505181157   0.0042823541  -0.0000001859  -0.0023803769  -0.0036604384
        0.0000000411   0.0001190598   0.0009240411   0.0000000030  -0.0016235066
       -0.0023244641   0.0000000222  -0.0013469511   0.0012872639   0.0000000080
        0.0004840673   0.0000695341  -0.0002852019  -0.0002986713  -0.0000503796
        0.0000000026   0.0004840709   0.0000695366   0.0002851994  -0.0113767439
        0.0043824458   0.0000000330  -0.0249743205   0.0410713831   0.0000000390
        0.0011706008   0.0029633566  -0.0000000142   0.0002155602   0.0002266506
       -0.0000000022   0.0003021429  -0.0000296534   0.0000497317   0.0003021438
       -0.0000296521  -0.0000497329  -0.1494415703  -0.1296189231   0.0000006797
        0.0330866554  -0.0258196994  -0.0000000753  -0.0100643424   0.0475045040
       -0.0000000562   0.0120515576  -0.1010537604   0.0000000671   0.0111790359
        0.6586603402  -0.0000010421   0.0955833865  -0.2917991354   0.0000000911
       -0.0492656358  -0.0574212861   0.0000002970  -0.0029269566  -0.0031962723
        0.0000000270   0.0004876175   0.0003022635  -0.0000000013  -0.0000784924
       -0.0048199567   0.0000000160  -0.0021378831  -0.0014682246   0.0000000131
       -0.0002952565   0.0001749292  -0.0000030066  -0.0001423693  -0.0002566993
       -0.0000000001  -0.0002952553   0.0001749295   0.0000030070   0.0278031689
       -0.0080077769  -0.0000000919   0.0152332426  -0.0138594560  -0.0000000342
       -0.0004654054   0.0002075888  -0.0000000011  -0.0007381192  -0.0006408511
        0.0000000054   0.0000632651   0.0003345271   0.0005648221   0.0000632613
        0.0003345269  -0.0005648230  -0.1291414750  -0.1993504909   0.0000007858
        0.0000000458  -0.0000000762  -0.0024371847   0.0000002116   0.0000001594
       -0.0019723693   0.0000011024  -0.0000002163  -0.0395439701  -0.0000021444
       -0.0000010421   0.1073530362   0.0000000525   0.0000003824  -0.0487176934
       -0.0000000808   0.0000000854   0.0005222596   0.0000000397   0.0000000331
        0.0069533447  -0.0000000005  -0.0000000042   0.0000335966   0.0000000232
        0.0000000241   0.0046504601   0.0000000143   0.0000000003   0.0013935503
       -0.0002362971  -0.0001304478   0.0000290862   0.0000000016   0.0000000006
       -0.0000278149   0.0002362949   0.0001304465   0.0000290816  -0.0000000129
        0.0000000037  -0.0003089920   0.0000000816  -0.0000001220   0.0036455791
       -0.0000000082  -0.0000000099  -0.0015407709   0.0000000012   0.0000000006
        0.0003242545   0.0000628666  -0.0004051772   0.0000869035  -0.0000628669
        0.0004051755   0.0000869073   0.0000006756   0.0000007840  -0.0305592643
       -0.0515811452  -0.0100643424   0.0000002186  -0.0135191295  -0.0102591681
        0.0000000441  -0.0075668569   0.0351761664  -0.0000000213  -0.1104445582
        0.0955833865   0.0000000525   0.6018067902   0.0074283265  -0.0000017468
       -0.1783703998  -0.1454917403   0.0000007371   0.0066210581   0.0073529981
       -0.0000000433  -0.0041989287   0.0014754665   0.0000000385   0.0157251398
       -0.0032400799  -0.0000000221  -0.0018517053  -0.0020732672   0.0000000077
        0.0000126236   0.0004687225  -0.0003951445   0.0002488509   0.0001675778
       -0.0000000061   0.0000126263   0.0004687254   0.0003951304  -0.0045421529
        0.0008763039   0.0000000182  -0.2187847863   0.0467502342   0.0000006127
       -0.0397042638  -0.0038694396   0.0000001224  -0.0040824112  -0.0033474386
        0.0000000086   0.0019898105   0.0012654704  -0.0018205485   0.0019898140
        0.0012654741   0.0018205212   0.0062396243  -0.0199333762   0.0000000205
       -0.0651139113   0.0475045040   0.0000001463  -0.0102591681  -0.0657766251
        0.0000001521   0.0898795155   0.0035745802  -0.0000003607   0.0155782451
       -0.2917991354   0.0000003824   0.0074283265   0.6650246053  -0.0000010283
       -0.0699001355  -0.2200745010   0.0000005847  -0.0179668089  -0.0263245603
        0.0000001268   0.0021370401   0.0011150741   0.0000000074  -0.0040997556
        0.0017879199   0.0000000012   0.0006340465   0.0017698584  -0.0000000025
        0.0005692370  -0.0000614519  -0.0001221077  -0.0001883511   0.0000749925
        0.0000000015   0.0005692393  -0.0000614528   0.0001221067   0.0001170184
        0.0017591826   0.0000000341   0.0720513971  -0.1074673671  -0.0000001419
       -0.0200387646   0.0143524741   0.0000000428  -0.0034132089  -0.0026238637
        0.0000000216  -0.0007046591   0.0004723951   0.0003519262  -0.0007046693
        0.0004723940  -0.0003519128   0.0034253667  -0.0237190228   0.0000000201
        0.0000003046  -0.0000000584  -0.0019399390   0.0000000391   0.0000001515
       -0.0057513068  -0.0000001359  -0.0000001351  -0.0016747182   0.0000001953
        0.0000000911  -0.0487176934  -0.0000017468  -0.0000010283   0.1248010798
        0.0000006114   0.0000008566  -0.0500730436   0.0000000164   0.0000000253
        0.0019386521   0.0000000415   0.0000000078   0.0082099381  -0.0000000467
        0.0000000073   0.0001458399   0.0000000067   0.0000000044   0.0003603126
       -0.0000916413   0.0000327008  -0.0000450555  -0.0000000003  -0.0000000007
        0.0000030107   0.0000916383  -0.0000327038  -0.0000450589   0.0000000499
        0.0000000058   0.0081923872   0.0000005245  -0.0000000389  -0.0331301906
        0.0000001542  -0.0000000163  -0.0043681727   0.0000000203   0.0000000156
        0.0005411519   0.0014825354   0.0000275800   0.0005198788  -0.0014825401
       -0.0000275831   0.0005198742  -0.0000000268   0.0000001185   0.0005130535
       -0.3358239230   0.0120515577   0.0000010965  -0.0075668569   0.0898795155
       -0.0000001402  -0.0570733821  -0.0200545563   0.0000002241   0.0505181157
       -0.0492656358  -0.0000000808  -0.1783703998  -0.0699001355   0.0000006114
        0.6836839988  -0.0166465982  -0.0000021137  -0.0705892800   0.0793469209
       -0.0000000124  -0.0234346673   0.0012676382   0.0000000759  -0.0044718500
        0.0008595883   0.0000000342  -0.0002789952  -0.0007618106   0.0000000058
       -0.0005961212  -0.0000313870   0.0000212984   0.0001355317  -0.0000592754
        0.0000000010  -0.0005961195  -0.0000313877  -0.0000212933  -0.0003740222
       -0.0006443189   0.0000000048  -0.0479008047  -0.0272258372   0.0000002448
       -0.0044725386   0.0006452403   0.0000000203  -0.0008709209  -0.0012761343
        0.0000000027  -0.0009056227  -0.0002244625   0.0003640565  -0.0009056221
       -0.0002244620  -0.0003640518  -0.0001065201   0.0022955407   0.0000000155
        0.0857069198  -0.1010537604  -0.0000002097   0.0351761664   0.0035745802
       -0.0000001381  -0.0200545563  -0.0042373184   0.0000000744   0.0042823541
       -0.0574212861   0.0000000854  -0.1454917403  -0.2200745010   0.0000008566
       -0.0166465982   0.6559064164  -0.0000009726   0.0797024190  -0.2782955891
        0.0000001752  -0.0222833639   0.0029160466   0.0000000777  -0.0003288994
       -0.0064517395   0.0000000265  -0.0002095063   0.0008990805  -0.0000000000
       -0.0000929930  -0.0001508162  -0.0001408236  -0.0000725060   0.0002118423
        0.0000000004  -0.0000929911  -0.0001508170   0.0001408265  -0.0002652463
        0.0008071121   0.0000000006  -0.0030716948   0.0100528390   0.0000000101
        0.0021821397  -0.0010195578  -0.0000000061   0.0006180353   0.0002175092
       -0.0000000026  -0.0003949160  -0.0001889894   0.0001127226  -0.0003949161
       -0.0001889886  -0.0001127199   0.0017318933  -0.0053520627   0.0000000168
        0.0000009536   0.0000000776  -0.0395538098  -0.0000000350  -0.0000003528
       -0.0016988575   0.0000002261   0.0000000752  -0.0028665300  -0.0000001859
        0.0000002970   0.0005222596   0.0000007371   0.0000005847  -0.0500730436
       -0.0000021137  -0.0000009726   0.1083002451  -0.0000000086   0.0000001764
       -0.0323942954   0.0000001280  -0.0000000118  -0.0003460085   0.0000000401
        0.0000000226   0.0062687467   0.0000000045   0.0000000016   0.0007122100
       -0.0003887872   0.0001447402  -0.0001280844  -0.0000000009   0.0000000003
        0.0000332732   0.0003887905  -0.0001447399  -0.0001280871   0.0000000058
       -0.0000000012  -0.0000371973   0.0000001997   0.0000000825   0.0035476182
        0.0000000143   0.0000000016   0.0009525408   0.0000000012   0.0000000041
        0.0000941276  -0.0001776786  -0.0000788239   0.0000001534   0.0001776865
        0.0000788257   0.0000001539   0.0000000225   0.0000000126   0.0067945850
       -0.0113767438   0.0278031689  -0.0000000107  -0.0045421529   0.0001170184
        0.0000000459  -0.0003740222  -0.0002652463   0.0000000035  -0.0023803769
       -0.0029269566   0.0000000397   0.0066210581  -0.0179668089   0.0000000164
       -0.0705892800   0.0797024190  -0.0000000086   0.0818394996  -0.0890510055
       -0.0000000421   0.0007073350   0.0009443225  -0.0000000150  -0.0014855151
        0.0019908891   0.0000000002   0.0000764703   0.0000064356  -0.0000000006
        0.0000476702   0.0000271636  -0.0000021053   0.0000010042  -0.0000153751
       -0.0000000001   0.0000476703   0.0000271641   0.0000021039  -0.0000461525
       -0.0000113914  -0.0000000049   0.0013236898   0.0006784932  -0.0000000261
       -0.0001499095  -0.0001349574   0.0000000012  -0.0000385768   0.0000098256
        0.0000000009   0.0000735207   0.0000699886  -0.0000564686   0.0000735207
        0.0000699882   0.0000564693   0.0001712910  -0.0010751358   0.0000000009
        0.0043824457  -0.0080077769  -0.0000000020   0.0008763038   0.0017591826
        0.0000000088  -0.0006443189   0.0008071121   0.0000000012  -0.0036604384
       -0.0031962723   0.0000000331   0.0073529981  -0.0263245603   0.0000000253
        0.0793469209  -0.2782955891   0.0000001764  -0.0890510055   0.3122907513
       -0.0000002202  -0.0007534952   0.0010562473  -0.0000000052   0.0006751997
       -0.0008541015  -0.0000000013  -0.0001248870  -0.0000113382   0.0000000008
        0.0000006341   0.0000162256  -0.0000360464   0.0000053730   0.0000237333
        0.0000000001   0.0000006343   0.0000162258   0.0000360461  -0.0000113914
        0.0000785798  -0.0000000029   0.0005068191   0.0012550485  -0.0000000108
        0.0003599154   0.0005331429  -0.0000000020   0.0000369665   0.0001256896
       -0.0000000002   0.0001638713   0.0000795205  -0.0000939828   0.0001638718
        0.0000795206   0.0000939814   0.0003735826  -0.0014313415   0.0000000005
        0.0000000381  -0.0000000921  -0.0002938840   0.0000000391   0.0000000157
        0.0082044100   0.0000000021  -0.0000000003  -0.0000499139   0.0000000411
        0.0000000270   0.0069533447  -0.0000000433   0.0000001268   0.0019386521
       -0.0000000124   0.0000001752  -0.0323942954  -0.0000000421  -0.0000002202
        0.0234244260  -0.0000000111  -0.0000000106  -0.0029494681   0.0000000089
       -0.0000000062   0.0000132384   0.0000000004   0.0000000001   0.0000230842
        0.0000116719  -0.0000012313   0.0000074997  -0.0000000001   0.0000000003
        0.0000073678  -0.0000116727   0.0000012316   0.0000075004   0.0000000001
       -0.0000000088  -0.0015764342  -0.0000000161  -0.0000000111  -0.0028725199
       -0.0000000004  -0.0000000005   0.0000153765   0.0000000002  -0.0000000006
        0.0000274624   0.0000187646   0.0000188043  -0.0000256064  -0.0000187655
       -0.0000188053  -0.0000256076  -0.0000000030   0.0000000060  -0.0004346325
       -0.1494415702  -0.1291414750   0.0000006717   0.0062396243   0.0034253667
       -0.0000000273  -0.0001065201   0.0017318933   0.0000000228   0.0001190598
        0.0004876175  -0.0000000005  -0.0041989287   0.0021370401   0.0000000415
       -0.0234346673  -0.0222833639   0.0000001280   0.0007073350  -0.0007534952
       -0.0000000111   0.1768646359   0.1430819250  -0.0000008304  -0.0003353079
       -0.0011278103  -0.0000000041  -0.0016931234   0.0015763358   0.0000000021
       -0.0014615469   0.0006989851   0.0009298419   0.0000160653   0.0003133891
       -0.0000000005  -0.0014615589   0.0006989840  -0.0009298334   0.0001712910
        0.0003735826  -0.0000000028  -0.0013704100  -0.0011948005   0.0000000068
       -0.0005429896   0.0000206585   0.0000000015  -0.0001057388  -0.0000726343
        0.0000000004   0.0000311370  -0.0000029572  -0.0000003623   0.0000311370
       -0.0000029570   0.0000003619  -0.0000279236   0.0000337155  -0.0000000063
       -0.1296189231  -0.1993504911   0.0000007782  -0.0199333762  -0.0237190228
        0.0000001190   0.0022955407  -0.0053520627   0.0000000112   0.0009240411
        0.0003022635  -0.0000000042   0.0014754665   0.0011150741   0.0000000078
        0.0012676382   0.0029160466  -0.0000000118   0.0009443225   0.0010562473
       -0.0000000106   0.1430819250   0.2219563467  -0.0000008834  -0.0011866710
        0.0014289035   0.0000000016  -0.0000331987   0.0002017809  -0.0000000011
        0.0008831779   0.0001727886  -0.0008291991  -0.0001185521   0.0003404061
       -0.0000000007   0.0008831795   0.0001727899   0.0008291905  -0.0010751358
       -0.0014313415   0.0000000061  -0.0000448767  -0.0000140624   0.0000000011
        0.0001800979   0.0001762527  -0.0000000012   0.0000025555   0.0000223749
       -0.0000000002   0.0000195366  -0.0000273350  -0.0000034556   0.0000195366
       -0.0000273351   0.0000034557   0.0000337155   0.0000603757  -0.0000000032
        0.0000006768   0.0000007783  -0.0305687182   0.0000000120   0.0000000294
        0.0005067874   0.0000000155   0.0000000160   0.0067931352   0.0000000030
       -0.0000000013   0.0000335966   0.0000000385   0.0000000074   0.0082099381
        0.0000000759   0.0000000777  -0.0003460085  -0.0000000150  -0.0000000052
       -0.0029494681  -0.0000008304  -0.0000008834   0.0224149451   0.0000000009
       -0.0000000007  -0.0014147058   0.0000000063  -0.0000000061  -0.0002239152
        0.0011062835  -0.0002906585  -0.0001979495  -0.0000000008  -0.0000000022
       -0.0001754756  -0.0011062750   0.0002906509  -0.0001979401   0.0000000014
       -0.0000000025  -0.0004315507   0.0000000123   0.0000000028   0.0002285391
        0.0000000013  -0.0000000003  -0.0000980188   0.0000000002   0.0000000005
       -0.0000191224   0.0000095474   0.0000102458  -0.0000048131  -0.0000095477
       -0.0000102454  -0.0000048135  -0.0000000062  -0.0000000031  -0.0015544419
       -0.0249743207   0.0152332428   0.0000000902  -0.2187847877   0.0720513973
        0.0000005751  -0.0479008044  -0.0030716948   0.0000002141  -0.0016235066
       -0.0000784924   0.0000000232   0.0157251398  -0.0040997556  -0.0000000467
       -0.0044718500  -0.0003288994   0.0000000401  -0.0014855151   0.0006751997
        0.0000000089  -0.0003353079  -0.0011866710   0.0000000009   0.4607103838
        0.0398351373  -0.0000015642  -0.1174979777  -0.0737350611   0.0000003593
       -0.0057705695  -0.0140105976   0.0081675548  -0.0326411144  -0.0227415587
        0.0000001613  -0.0057707687  -0.0140107573  -0.0081674416   0.0013236898
        0.0005068191  -0.0000000162  -0.0171268864   0.0037831947   0.0000000132
        0.0017724775   0.0023421894  -0.0000000065  -0.0001071635  -0.0000588822
        0.0000000068   0.0001646466  -0.0005299654   0.0002165444   0.0001646450
       -0.0005299682  -0.0002165294  -0.0013704100  -0.0000448767   0.0000000124
        0.0410713831  -0.0138594561  -0.0000001319   0.0467502343  -0.1074673669
       -0.0000000606  -0.0272258373   0.0100528390   0.0000000872  -0.0023244641
       -0.0048199567   0.0000000241  -0.0032400799   0.0017879199   0.0000000073
        0.0008595883  -0.0064517395   0.0000000226   0.0019908891  -0.0008541015
       -0.0000000062  -0.0011278103   0.0014289035  -0.0000000007   0.0398351373
        0.3301504068  -0.0000004829  -0.0576532962  -0.1622537004   0.0000003529
       -0.0232794089  -0.0285293593   0.0075027252   0.0047872646   0.0094183419
       -0.0000000375  -0.0232795150  -0.0285294324  -0.0075024816   0.0006784932
        0.0012550485  -0.0000000109   0.0037831946  -0.0012500689   0.0000000001
       -0.0004999741  -0.0002844487  -0.0000000005   0.0000611773   0.0000367682
       -0.0000000028   0.0000039120   0.0000917316  -0.0001172120   0.0000039124
        0.0000917333   0.0001172056  -0.0011948005  -0.0000140624   0.0000000027
        0.0000000472  -0.0000000353   0.0036553769   0.0000006731  -0.0000001784
       -0.0331243018   0.0000002555   0.0000000124   0.0035465695   0.0000000222
        0.0000000160   0.0046504601  -0.0000000221   0.0000000012   0.0001458399
        0.0000000342   0.0000000265   0.0062687467   0.0000000002  -0.0000000013
        0.0000132384  -0.0000000041   0.0000000016  -0.0014147058  -0.0000015642
       -0.0000004829   0.0593730964   0.0000003321   0.0000004115  -0.0452254464
        0.0195108286   0.0196567209   0.0024706385   0.0000001130   0.0000000667
        0.0008696319  -0.0195107063  -0.0196565385   0.0024709145  -0.0000000235
       -0.0000000118  -0.0028621323   0.0000000144   0.0000000005  -0.0008144789
       -0.0000000086  -0.0000000121  -0.0002800981   0.0000000017  -0.0000000006
       -0.0000065881   0.0000762603  -0.0000009538   0.0000186421  -0.0000762606
        0.0000009565   0.0000186449   0.0000000068   0.0000000011   0.0002259515
        0.0011706008  -0.0004654054  -0.0000000080  -0.0397042639  -0.0200387649
        0.0000001588  -0.0044725386   0.0021821397   0.0000000131  -0.0013469511
       -0.0021378831   0.0000000143  -0.0018517053   0.0006340465   0.0000000067
       -0.0002789952  -0.0002095063   0.0000000045   0.0000764703  -0.0001248870
        0.0000000004  -0.0016931234  -0.0000331987   0.0000000063  -0.1174979777
       -0.0576532962   0.0000003321   0.4655846411  -0.0651174032   0.0000001574
       -0.0431431070   0.0145939611  -0.0176442235  -0.2145346339   0.1138001889
        0.0000004401  -0.0431428512   0.0145933106   0.0176431016  -0.0001499095
        0.0003599154   0.0000000020   0.0017724775  -0.0004999741  -0.0000000080
       -0.0001555422  -0.0001814764   0.0000000007  -0.0000348685   0.0000045584
        0.0000000001  -0.0000273663   0.0000567882  -0.0000358842  -0.0000273662
        0.0000567886   0.0000358840  -0.0005429896   0.0001800978   0.0000000015
        0.0029633567   0.0002075888  -0.0000000090  -0.0038694397   0.0143524740
       -0.0000000119   0.0006452402  -0.0010195579  -0.0000000007   0.0012872639
       -0.0014682246   0.0000000003  -0.0020732672   0.0017698584   0.0000000044
       -0.0007618106   0.0008990805   0.0000000016   0.0000064356  -0.0000113382
        0.0000000001   0.0015763358   0.0002017809  -0.0000000061  -0.0737350611
       -0.1622537004   0.0000004115  -0.0651174032   0.4639273300   0.0000002552
        0.0151129372  -0.1050209212   0.0996968235   0.1068938244  -0.1067137700
       -0.0000002851   0.0151122930  -0.1050214671  -0.0996971777  -0.0001349574
        0.0005331429   0.0000000019   0.0023421894  -0.0002844487  -0.0000000113
       -0.0001814764  -0.0004807906   0.0000000021  -0.0000094634   0.0000089647
        0.0000000004  -0.0000388280   0.0000988728  -0.0000240640  -0.0000388278
        0.0000988727   0.0000240647   0.0000206585   0.0001762527   0.0000000002
       -0.0000000148  -0.0000000010  -0.0015368241   0.0000001288   0.0000000523
       -0.0043675107   0.0000000211  -0.0000000074   0.0009524453   0.0000000080
        0.0000000131   0.0013935503   0.0000000077  -0.0000000025   0.0003603126
        0.0000000058  -0.0000000000   0.0007122100  -0.0000000006   0.0000000008
        0.0000230842   0.0000000021  -0.0000000011  -0.0002239152   0.0000003593
        0.0000003529  -0.0452254464   0.0000001574   0.0000002552   0.4860291212
       -0.0186348448   0.0999145397  -0.1969760184   0.0000004487  -0.0000003115
       -0.0437118106   0.0186337230  -0.0999148899  -0.1969757098   0.0000000015
       -0.0000000002   0.0000165877  -0.0000000058  -0.0000000008  -0.0002809637
        0.0000000009   0.0000000022  -0.0001077922  -0.0000000001   0.0000000004
        0.0000068285   0.0000326222  -0.0000110088   0.0000049149  -0.0000326223
        0.0000110080   0.0000049143   0.0000000018  -0.0000000013  -0.0000979780
        0.0003021429   0.0000632653   0.0000641572   0.0019898108  -0.0007046593
        0.0014823989  -0.0009056227  -0.0003949159  -0.0001772801   0.0004840673
       -0.0002952565  -0.0002362971   0.0000126236   0.0005692370  -0.0000916413
       -0.0005961212  -0.0000929930  -0.0003887872   0.0000476702   0.0000006341
        0.0000116719  -0.0014615469   0.0008831779   0.0011062835  -0.0057705695
       -0.0232794089   0.0195108286  -0.0431431070   0.0151129372  -0.0186348448
        0.0516785682  -0.0072434573   0.0158698891  -0.0041962238   0.0158563427
       -0.0224718272   0.0013118851  -0.0006424468   0.0038176748   0.0000735208
        0.0001638720   0.0000186286   0.0001646469   0.0000039119   0.0000757048
       -0.0000273663  -0.0000388280   0.0000324876   0.0000064913   0.0000106534
        0.0000003927  -0.0000083712   0.0000036230   0.0000012379   0.0000063644
        0.0000047746  -0.0000003441   0.0000311370   0.0000195366   0.0000096660
       -0.0000296532   0.0003345270  -0.0004103500   0.0012654705   0.0004723954
        0.0000323923  -0.0002244626  -0.0001889892  -0.0000806668   0.0000695341
        0.0001749292  -0.0001304478   0.0004687225  -0.0000614519   0.0000327008
       -0.0000313870  -0.0001508162   0.0001447402   0.0000271636   0.0000162256
       -0.0000012313   0.0006989851   0.0001727886  -0.0002906585  -0.0140105976
       -0.0285293593   0.0196567209   0.0145939611  -0.1050209212   0.0999145397
       -0.0072434573   0.1344535843  -0.1215749728   0.0054647659  -0.0104394657
        0.0156932282  -0.0006425487   0.0085607725  -0.0129981587   0.0000699894
        0.0000795200   0.0000173192  -0.0005299658   0.0000917316   0.0000014377
        0.0000567882   0.0000988728  -0.0000106484  -0.0000087488   0.0000025953
        0.0000038202   0.0000036578  -0.0000237989   0.0000043429   0.0000047397
       -0.0000158051  -0.0000133460  -0.0000029572  -0.0000273349   0.0000092383
        0.0000497318   0.0005648222   0.0000870331  -0.0018205488   0.0003519265
        0.0005274251   0.0003640564   0.0001127227  -0.0000011124  -0.0002852019
       -0.0000030066   0.0000290862  -0.0003951445  -0.0001221077  -0.0000450555
        0.0000212984  -0.0001408236  -0.0001280844  -0.0000021053  -0.0000360464
        0.0000074997   0.0009298419  -0.0008291991  -0.0001979495   0.0081675548
        0.0075027252   0.0024706385  -0.0176442235   0.0996968235  -0.1969760184
        0.0158698891  -0.1215749728   0.2247550575  -0.0015677043   0.0017101174
       -0.0017456781  -0.0038178847   0.0129980588  -0.0287685283  -0.0000564688
       -0.0000939827  -0.0000263464   0.0002165445  -0.0001172122   0.0000199569
       -0.0000358842  -0.0000240639   0.0000053589   0.0000050295  -0.0000100144
        0.0000027940   0.0000014713   0.0000036465  -0.0000138646   0.0000001105
        0.0000140423   0.0000039967  -0.0000003623  -0.0000034557  -0.0000062091
        0.0002155602  -0.0007381192   0.0000000013  -0.0040824112  -0.0034132089
        0.0000000206  -0.0008709209   0.0006180353   0.0000000014  -0.0002986713
       -0.0001423693   0.0000000016   0.0002488509  -0.0001883511  -0.0000000003
        0.0001355317  -0.0000725060  -0.0000000009   0.0000010042   0.0000053730
       -0.0000000001   0.0000160653  -0.0001185521  -0.0000000008  -0.0326411144
        0.0047872646   0.0000001130  -0.2145346339   0.1068938244   0.0000004487
       -0.0041962238   0.0054647659  -0.0015677043   0.2604813527  -0.1186528273
       -0.0000005878  -0.0041960536   0.0054646593   0.0015677061  -0.0000385768
        0.0000369665   0.0000000002  -0.0001071635   0.0000611773   0.0000000015
       -0.0000348685  -0.0000094634  -0.0000000001  -0.0000049710   0.0000182731
       -0.0000000002   0.0000064913  -0.0000087488   0.0000050295   0.0000064913
       -0.0000087489  -0.0000050296  -0.0001057388   0.0000025555   0.0000000001
        0.0002266506  -0.0006408511   0.0000000006  -0.0033474387  -0.0026238638
        0.0000000157  -0.0012761343   0.0002175092   0.0000000044  -0.0000503796
       -0.0002566993   0.0000000006   0.0001675778   0.0000749925  -0.0000000007
       -0.0000592754   0.0002118423   0.0000000003  -0.0000153751   0.0000237333
        0.0000000003   0.0003133891   0.0003404061  -0.0000000022  -0.0227415587
        0.0094183419   0.0000000667   0.1138001889  -0.1067137700  -0.0000003115
        0.0158563427  -0.0104394657   0.0017101174  -0.1186528273   0.1206303476
        0.0000003138   0.0158563923  -0.0104395144  -0.0017102056   0.0000098256
        0.0001256896  -0.0000000010  -0.0000588822   0.0000367682  -0.0000000006
        0.0000045584   0.0000089647   0.0000000005   0.0000182731  -0.0000019968
        0.0000000004   0.0000106535   0.0000025953  -0.0000100144   0.0000106534
        0.0000025953   0.0000100148  -0.0000726343   0.0000223749   0.0000000005
       -0.0000000026   0.0000000058   0.0003325612   0.0000000093   0.0000000209
        0.0005424609   0.0000000026  -0.0000000030   0.0000957111   0.0000000026
       -0.0000000001  -0.0000278149  -0.0000000061   0.0000000015   0.0000030107
        0.0000000010   0.0000000004   0.0000332732  -0.0000000001   0.0000000001
        0.0000073678  -0.0000000005  -0.0000000007  -0.0001754756   0.0000001613
       -0.0000000375   0.0008696319   0.0000004401  -0.0000002851  -0.0437118106
       -0.0224718272   0.0156932282  -0.0017456781  -0.0000005878   0.0000003138
        0.0455141501   0.0224718006  -0.0156932427  -0.0017457994  -0.0000000009
        0.0000000005   0.0000282143   0.0000000078  -0.0000000031  -0.0000089866
        0.0000000002   0.0000000006   0.0000066931  -0.0000000002   0.0000000004
       -0.0000017958   0.0000005906   0.0000030877   0.0000016676  -0.0000005913
       -0.0000030873   0.0000016678   0.0000000005  -0.0000000003  -0.0000190484
        0.0003021437   0.0000632611  -0.0000641574   0.0019898138  -0.0007046690
       -0.0014824046  -0.0009056221  -0.0003949162   0.0001772880   0.0004840709
       -0.0002952553   0.0002362949   0.0000126263   0.0005692393   0.0000916383
       -0.0005961195  -0.0000929911   0.0003887905   0.0000476703   0.0000006343
       -0.0000116727  -0.0014615589   0.0008831795  -0.0011062750  -0.0057707687
       -0.0232795150  -0.0195107063  -0.0431428512   0.0151122930   0.0186337230
        0.0013118851  -0.0006425487  -0.0038178847  -0.0041960536   0.0158563923
        0.0224718006   0.0516783433  -0.0072426477  -0.0158686580   0.0000735205
        0.0001638711  -0.0000186293   0.0001646447   0.0000039125  -0.0000757051
       -0.0000273662  -0.0000388278  -0.0000324877   0.0000064913   0.0000106534
       -0.0000003934   0.0000063644   0.0000047746   0.0000003438  -0.0000083710
        0.0000036229  -0.0000012384   0.0000311370   0.0000195366  -0.0000096664
       -0.0000296523   0.0003345270   0.0004103485   0.0012654740   0.0004723935
       -0.0000323959  -0.0002244619  -0.0001889888   0.0000806691   0.0000695366
        0.0001749295   0.0001304465   0.0004687254  -0.0000614528  -0.0000327038
       -0.0000313877  -0.0001508170  -0.0001447399   0.0000271641   0.0000162258
        0.0000012316   0.0006989840   0.0001727899   0.0002906509  -0.0140107573
       -0.0285294324  -0.0196565385   0.0145933106  -0.1050214671  -0.0999148899
       -0.0006424468   0.0085607725   0.0129980588   0.0054646593  -0.0104395144
       -0.0156932427  -0.0072426477   0.1344542512   0.1215752684   0.0000699874
        0.0000795211  -0.0000173208  -0.0005299678   0.0000917332  -0.0000014353
        0.0000567885   0.0000988728   0.0000106476  -0.0000087489   0.0000025953
       -0.0000038199   0.0000047397  -0.0000158052   0.0000133459   0.0000036577
       -0.0000237990  -0.0000043425  -0.0000029570  -0.0000273351  -0.0000092381
       -0.0000497328  -0.0005648229   0.0000870371   0.0018205209  -0.0003519125
        0.0005274203  -0.0003640518  -0.0001127198  -0.0000011118   0.0002851994
        0.0000030070   0.0000290816   0.0003951304   0.0001221067  -0.0000450589
       -0.0000212933   0.0001408265  -0.0001280871   0.0000021039   0.0000360461
        0.0000075004  -0.0009298334   0.0008291905  -0.0001979401  -0.0081674416
       -0.0075024816   0.0024709145   0.0176431016  -0.0996971777  -0.1969757098
        0.0038176748  -0.0129981587  -0.0287685283   0.0015677061  -0.0017102056
       -0.0017457994  -0.0158686580   0.1215752684   0.2247545945   0.0000564691
        0.0000939814  -0.0000263474  -0.0002165293   0.0001172054   0.0000199596
        0.0000358840   0.0000240648   0.0000053583  -0.0000050296   0.0000100148
        0.0000027942  -0.0000001108  -0.0000140424   0.0000039967  -0.0000014716
       -0.0000036460  -0.0000138648   0.0000003619   0.0000034556  -0.0000062095
       -0.0023803769  -0.0029269566   0.0000000296   0.0066210581  -0.0179668089
        0.0000000159  -0.0705892799   0.0797024188  -0.0000000019  -0.0113767439
        0.0278031689  -0.0000000129  -0.0045421529   0.0001170184   0.0000000499
       -0.0003740222  -0.0002652463   0.0000000058  -0.0000461525  -0.0000113914
        0.0000000001   0.0001712910  -0.0010751358   0.0000000014   0.0013236898
        0.0006784932  -0.0000000235  -0.0001499095  -0.0001349574   0.0000000015
        0.0000735208   0.0000699894  -0.0000564688  -0.0000385768   0.0000098256
       -0.0000000009   0.0000735205   0.0000699874   0.0000564691   0.0818394995
       -0.0890510053  -0.0000000442  -0.0014855151   0.0019908891   0.0000000009
        0.0000764703   0.0000064356  -0.0000000007   0.0000010042  -0.0000153751
        0.0000000014   0.0000476705   0.0000271631  -0.0000021048   0.0000476700
        0.0000271647   0.0000021043   0.0007073350   0.0009443225  -0.0000000221
       -0.0036604384  -0.0031962723   0.0000000418   0.0073529981  -0.0263245603
        0.0000000208   0.0793469207  -0.2782955891   0.0000001437   0.0043824458
       -0.0080077769   0.0000000037   0.0008763039   0.0017591826   0.0000000058
       -0.0006443189   0.0008071121  -0.0000000012  -0.0000113914   0.0000785798
       -0.0000000088   0.0003735826  -0.0014313415  -0.0000000025   0.0005068191
        0.0012550485  -0.0000000118   0.0003599154   0.0005331429  -0.0000000002
        0.0001638720   0.0000795200  -0.0000939827   0.0000369665   0.0001256896
        0.0000000005   0.0001638711   0.0000795211   0.0000939814  -0.0890510053
        0.3122907512  -0.0000001898   0.0006751997  -0.0008541015  -0.0000000026
       -0.0001248870  -0.0000113382   0.0000000011   0.0000053730   0.0000237333
       -0.0000000012   0.0000006338   0.0000162263  -0.0000360464   0.0000006346
        0.0000162251   0.0000360461  -0.0007534952   0.0010562473   0.0000000023
        0.0000000402   0.0000000285   0.0069343312  -0.0000000401   0.0000001187
        0.0019528885   0.0000000121   0.0000001242  -0.0324186299   0.0000000330
       -0.0000000919  -0.0003089920   0.0000000182   0.0000000341   0.0081923872
        0.0000000048   0.0000000006  -0.0000371973  -0.0000000049  -0.0000000029
       -0.0015764342  -0.0000000028   0.0000000061  -0.0004315507  -0.0000000162
       -0.0000000109  -0.0028621323   0.0000000020   0.0000000019   0.0000165877
        0.0000186286   0.0000173192  -0.0000263464   0.0000000002  -0.0000000010
        0.0000282143  -0.0000186293  -0.0000173208  -0.0000263474  -0.0000000442
       -0.0000001898   0.0234412792   0.0000000108  -0.0000000070   0.0000183676
        0.0000000001   0.0000000004   0.0000248395  -0.0000000000   0.0000000006
        0.0000113824   0.0000121393   0.0000005295   0.0000130835  -0.0000121402
       -0.0000005287   0.0000130844  -0.0000000115  -0.0000000108  -0.0029588153
       -0.0016235066  -0.0000784924   0.0000000224   0.0157251398  -0.0040997555
       -0.0000000539  -0.0044718500  -0.0003288994   0.0000000384  -0.0249743205
        0.0152332426   0.0000000816  -0.2187847863   0.0720513971   0.0000005245
       -0.0479008047  -0.0030716948   0.0000001997   0.0013236898   0.0005068191
       -0.0000000161  -0.0013704100  -0.0000448767   0.0000000123  -0.0171268864
        0.0037831946   0.0000000144   0.0017724775   0.0023421894  -0.0000000058
        0.0001646469  -0.0005299658   0.0002165445  -0.0001071635  -0.0000588822
        0.0000000078   0.0001646447  -0.0005299678  -0.0002165293  -0.0014855151
        0.0006751997   0.0000000108   0.4607103824   0.0398351367  -0.0000014763
       -0.1174979774  -0.0737350603   0.0000003540  -0.0326411144  -0.0227415585
        0.0000001564  -0.0057705766  -0.0140106005   0.0081675549  -0.0057707618
       -0.0140107546  -0.0081674415  -0.0003353079  -0.0011866710   0.0000000010
       -0.0023244641  -0.0048199567   0.0000000235  -0.0032400799   0.0017879199
        0.0000000094   0.0008595883  -0.0064517395   0.0000000234   0.0410713831
       -0.0138594560  -0.0000001220   0.0467502342  -0.1074673671  -0.0000000389
       -0.0272258372   0.0100528390   0.0000000825   0.0006784932   0.0012550485
       -0.0000000111  -0.0011948005  -0.0000140624   0.0000000028   0.0037831947
       -0.0012500689   0.0000000005  -0.0004999741  -0.0002844487  -0.0000000008
        0.0000039119   0.0000917316  -0.0001172122   0.0000611773   0.0000367682
       -0.0000000031   0.0000039125   0.0000917332   0.0001172054   0.0019908891
       -0.0008541015  -0.0000000070   0.0398351367   0.3301504049  -0.0000005215
       -0.0576532956  -0.1622536990   0.0000003622   0.0047872648   0.0094183420
       -0.0000000373  -0.0232794076  -0.0285293541   0.0075027258  -0.0232795163
       -0.0285294370  -0.0075024809  -0.0011278103   0.0014289035  -0.0000000005
        0.0000000239   0.0000000158   0.0046449838  -0.0000000176   0.0000000004
        0.0001655566   0.0000000321   0.0000000270   0.0062623011   0.0000000390
       -0.0000000342   0.0036455791   0.0000006127  -0.0000001419  -0.0331301906
        0.0000002448   0.0000000101   0.0035476182  -0.0000000261  -0.0000000108
       -0.0028725199   0.0000000068   0.0000000011   0.0002285391   0.0000000132
        0.0000000001  -0.0008144789  -0.0000000080  -0.0000000113  -0.0002809637
        0.0000757048   0.0000014377   0.0000199569   0.0000000015  -0.0000000006
       -0.0000089866  -0.0000757051  -0.0000014353   0.0000199596   0.0000000009
       -0.0000000026   0.0000183676  -0.0000014763  -0.0000005215   0.0593800751
        0.0000003262   0.0000004177  -0.0452233560   0.0000001038   0.0000000596
        0.0008742323   0.0195114149   0.0196543673   0.0024714865  -0.0195112877
       -0.0196541797   0.0024717600  -0.0000000039   0.0000000011  -0.0014199201
       -0.0013469511  -0.0021378831   0.0000000133  -0.0018517053   0.0006340465
        0.0000000079  -0.0002789952  -0.0002095063   0.0000000040   0.0011706008
       -0.0004654054  -0.0000000082  -0.0397042638  -0.0200387646   0.0000001542
       -0.0044725386   0.0021821397   0.0000000143  -0.0001499095   0.0003599154
       -0.0000000004  -0.0005429896   0.0001800979   0.0000000013   0.0017724775
       -0.0004999741  -0.0000000086  -0.0001555422  -0.0001814764   0.0000000009
       -0.0000273663   0.0000567882  -0.0000358842  -0.0000348685   0.0000045584
        0.0000000002  -0.0000273662   0.0000567885   0.0000358840   0.0000764703
       -0.0001248870   0.0000000001  -0.1174979774  -0.0576532956   0.0000003262
        0.4655846391  -0.0651174029   0.0000001672  -0.2145346322   0.1138001889
        0.0000003796  -0.0431430992   0.0145939347  -0.0176441902  -0.0431428592
        0.0145933359   0.0176431333  -0.0016931233  -0.0000331987   0.0000000049
        0.0012872639  -0.0014682246   0.0000000001  -0.0020732672   0.0017698584
        0.0000000057  -0.0007618106   0.0008990805   0.0000000019   0.0029633566
        0.0002075888  -0.0000000099  -0.0038694396   0.0143524741  -0.0000000163
        0.0006452403  -0.0010195578   0.0000000016  -0.0001349574   0.0005331429
       -0.0000000005   0.0000206585   0.0001762527  -0.0000000003   0.0023421894
       -0.0002844487  -0.0000000121  -0.0001814764  -0.0004807906   0.0000000022
       -0.0000388280   0.0000988728  -0.0000240639  -0.0000094634   0.0000089647
        0.0000000006  -0.0000388278   0.0000988728   0.0000240648   0.0000064356
       -0.0000113382   0.0000000004  -0.0737350603  -0.1622536990   0.0000004177
       -0.0651174029   0.4639273270   0.0000002550   0.1068938244  -0.1067137707
       -0.0000002500   0.0151129113  -0.1050208791   0.0996968037   0.0151123178
       -0.1050215069  -0.0996971940   0.0015763358   0.0002017809  -0.0000000068
        0.0000000070   0.0000000128   0.0013907922   0.0000000075  -0.0000000025
        0.0003644054   0.0000000060  -0.0000000002   0.0007104033  -0.0000000142
       -0.0000000011  -0.0015407709   0.0000001224   0.0000000428  -0.0043681727
        0.0000000203  -0.0000000061   0.0009525408   0.0000000012  -0.0000000020
        0.0000153765   0.0000000015  -0.0000000012  -0.0000980188  -0.0000000065
       -0.0000000005  -0.0002800981   0.0000000007   0.0000000021  -0.0001077922
        0.0000324876  -0.0000106484   0.0000053589  -0.0000000001   0.0000000005
        0.0000066931  -0.0000324877   0.0000106476   0.0000053583  -0.0000000007
        0.0000000011   0.0000248395   0.0000003540   0.0000003622  -0.0452233560
        0.0000001672   0.0000002550   0.4860296707   0.0000003902  -0.0000002738
       -0.0437109370  -0.0186342626   0.0999144690  -0.1969755306   0.0186332049
       -0.0999148563  -0.1969751380   0.0000000012  -0.0000000011  -0.0002256243
       -0.0002986713  -0.0001423693   0.0000000016   0.0002488509  -0.0001883511
       -0.0000000003   0.0001355317  -0.0000725060  -0.0000000009   0.0002155602
       -0.0007381192   0.0000000012  -0.0040824112  -0.0034132089   0.0000000203
       -0.0008709209   0.0006180353   0.0000000012  -0.0000385768   0.0000369665
        0.0000000002  -0.0001057388   0.0000025555   0.0000000002  -0.0001071635
        0.0000611773   0.0000000017  -0.0000348685  -0.0000094634  -0.0000000001
        0.0000064913  -0.0000087488   0.0000050295  -0.0000049710   0.0000182731
       -0.0000000002   0.0000064913  -0.0000087489  -0.0000050296   0.0000010042
        0.0000053730  -0.0000000000  -0.0326411144   0.0047872648   0.0000001038
       -0.2145346322   0.1068938244   0.0000003902   0.2604813507  -0.1186528274
       -0.0000005167  -0.0041962180   0.0054647618  -0.0015677059  -0.0041960591
        0.0054646633   0.0015677045   0.0000160654  -0.0001185521  -0.0000000007
       -0.0000503796  -0.0002566993   0.0000000004   0.0001675778   0.0000749925
       -0.0000000007  -0.0000592754   0.0002118423   0.0000000002   0.0002266506
       -0.0006408511   0.0000000006  -0.0033474386  -0.0026238637   0.0000000156
       -0.0012761343   0.0002175092   0.0000000041   0.0000098256   0.0001256896
       -0.0000000006  -0.0000726343   0.0000223749   0.0000000005  -0.0000588822
        0.0000367682  -0.0000000006   0.0000045584   0.0000089647   0.0000000004
        0.0000106534   0.0000025953  -0.0000100144   0.0000182731  -0.0000019968
        0.0000000004   0.0000106534   0.0000025953   0.0000100148  -0.0000153751
        0.0000237333   0.0000000006  -0.0227415585   0.0094183420   0.0000000596
        0.1138001889  -0.1067137707  -0.0000002738  -0.1186528274   0.1206303484
        0.0000002730   0.0158563379  -0.0104394624   0.0017101227   0.0158563970
       -0.0104395178  -0.0017102004   0.0003133891   0.0003404061  -0.0000000022
        0.0000000026  -0.0000000002  -0.0000347954  -0.0000000064   0.0000000023
        0.0000098187   0.0000000009   0.0000000005   0.0000293604  -0.0000000022
        0.0000000054   0.0003242545   0.0000000086   0.0000000216   0.0005411519
        0.0000000027  -0.0000000026   0.0000941276   0.0000000009  -0.0000000002
        0.0000274624   0.0000000004  -0.0000000002  -0.0000191224   0.0000000068
       -0.0000000028  -0.0000065881   0.0000000001   0.0000000004   0.0000068285
        0.0000003927   0.0000038202   0.0000027940  -0.0000000002   0.0000000004
       -0.0000017958  -0.0000003934  -0.0000038199   0.0000027942   0.0000000014
       -0.0000000012   0.0000113824   0.0000001564  -0.0000000373   0.0008742323
        0.0000003796  -0.0000002500  -0.0437109370  -0.0000005167   0.0000002730
        0.0455163867  -0.0224716624   0.0156924920  -0.0017446533   0.0224716286
       -0.0156925007  -0.0017447571  -0.0000000006  -0.0000000007  -0.0001779446
        0.0004840674  -0.0002952564  -0.0002374926   0.0000126236   0.0005692372
       -0.0000914782  -0.0005961210  -0.0000929929  -0.0003892894   0.0003021429
        0.0000632651   0.0000628666   0.0019898105  -0.0007046591   0.0014825354
       -0.0009056227  -0.0003949160  -0.0001776786   0.0000735207   0.0001638713
        0.0000187646   0.0000311370   0.0000195366   0.0000095474   0.0001646466
        0.0000039120   0.0000762603  -0.0000273663  -0.0000388280   0.0000326222
       -0.0000083712   0.0000036578   0.0000014713   0.0000064913   0.0000106535
        0.0000005906   0.0000063644   0.0000047397  -0.0000001108   0.0000476705
        0.0000006338   0.0000121393  -0.0057705766  -0.0232794076   0.0195114149
       -0.0431430992   0.0151129113  -0.0186342626  -0.0041962180   0.0158563379
       -0.0224716624   0.0516785528  -0.0072434641   0.0158699682   0.0013118941
       -0.0006424100   0.0038177996  -0.0014615468   0.0008831778   0.0011059942
        0.0000695340   0.0001749293  -0.0001251962   0.0004687228  -0.0000614525
        0.0000279624  -0.0000313869  -0.0001508165   0.0001464911  -0.0000296534
        0.0003345271  -0.0004051772   0.0012654704   0.0004723951   0.0000275800
       -0.0002244625  -0.0001889894  -0.0000788239   0.0000699886   0.0000795205
        0.0000188043  -0.0000029572  -0.0000273350   0.0000102458  -0.0005299654
        0.0000917316  -0.0000009538   0.0000567882   0.0000988728  -0.0000110088
        0.0000036230  -0.0000237989   0.0000036465  -0.0000087488   0.0000025953
        0.0000030877   0.0000047746  -0.0000158052  -0.0000140424   0.0000271631
        0.0000162263   0.0000005295  -0.0140106005  -0.0285293541   0.0196543673
        0.0145939347  -0.1050208791   0.0999144690   0.0054647618  -0.0104394624
        0.0156924920  -0.0072434641   0.1344534697  -0.1215757330  -0.0006425073
        0.0085608367  -0.0129989479   0.0006989849   0.0001727887  -0.0002897924
       -0.0002852020  -0.0000030067   0.0000303060  -0.0003951445  -0.0001221077
       -0.0000446804   0.0000212982  -0.0001408236  -0.0001291507   0.0000497317
        0.0005648221   0.0000869035  -0.0018205485   0.0003519262   0.0005198788
        0.0003640565   0.0001127226   0.0000001534  -0.0000564686  -0.0000939828
       -0.0000256064  -0.0000003623  -0.0000034556  -0.0000048131   0.0002165444
       -0.0001172120   0.0000186421  -0.0000358842  -0.0000240640   0.0000049149
        0.0000012379   0.0000043429  -0.0000138646   0.0000050295  -0.0000100144
        0.0000016676   0.0000003438   0.0000133459   0.0000039967  -0.0000021048
       -0.0000360464   0.0000130835   0.0081675549   0.0075027258   0.0024714865
       -0.0176441902   0.0996968037  -0.1969755306  -0.0015677059   0.0017101227
       -0.0017446533   0.0158699682  -0.1215757330   0.2247549439  -0.0038179953
        0.0129988335  -0.0287686887   0.0009298414  -0.0008291991  -0.0001989893
        0.0004840708  -0.0002952553   0.0002374906   0.0000126263   0.0005692391
        0.0000914753  -0.0005961196  -0.0000929911   0.0003892929   0.0003021438
        0.0000632613  -0.0000628669   0.0019898140  -0.0007046693  -0.0014825401
       -0.0009056221  -0.0003949161   0.0001776865   0.0000735207   0.0001638718
       -0.0000187655   0.0000311370   0.0000195366  -0.0000095477   0.0001646450
        0.0000039124  -0.0000762606  -0.0000273662  -0.0000388278  -0.0000326223
        0.0000063644   0.0000047397   0.0000001105   0.0000064913   0.0000106534
       -0.0000005913  -0.0000083710   0.0000036577  -0.0000014716   0.0000476700
        0.0000006346  -0.0000121402  -0.0057707618  -0.0232795163  -0.0195112877
       -0.0431428592   0.0151123178   0.0186332049  -0.0041960591   0.0158563970
        0.0224716286   0.0013118941  -0.0006425073  -0.0038179953   0.0516783410
       -0.0072427178  -0.0158688129  -0.0014615590   0.0008831795  -0.0011059870
        0.0000695368   0.0001749294   0.0001251948   0.0004687251  -0.0000614522
       -0.0000279658  -0.0000313877  -0.0001508168  -0.0001464911  -0.0000296521
        0.0003345269   0.0004051755   0.0012654741   0.0004723940  -0.0000275831
       -0.0002244620  -0.0001889886   0.0000788257   0.0000699882   0.0000795206
       -0.0000188053  -0.0000029570  -0.0000273351  -0.0000102454  -0.0005299682
        0.0000917333   0.0000009565   0.0000567886   0.0000988727   0.0000110080
        0.0000047746  -0.0000158051   0.0000140423  -0.0000087489   0.0000025953
       -0.0000030873   0.0000036229  -0.0000237990  -0.0000036460   0.0000271647
        0.0000162251  -0.0000005287  -0.0140107546  -0.0285294370  -0.0196541797
        0.0145933359  -0.1050215069  -0.0999148563   0.0054646633  -0.0104395178
       -0.0156925007  -0.0006424100   0.0085608367   0.0129988335  -0.0072427178
        0.1344542347   0.1215760685   0.0006989841   0.0001727899   0.0002897846
        0.0002851994   0.0000030070   0.0000303015   0.0003951304   0.0001221068
       -0.0000446840  -0.0000212934   0.0001408264  -0.0001291530  -0.0000497329
       -0.0005648230   0.0000869073   0.0018205212  -0.0003519128   0.0005198742
       -0.0003640518  -0.0001127199   0.0000001539   0.0000564693   0.0000939814
       -0.0000256076   0.0000003619   0.0000034557  -0.0000048135  -0.0002165294
        0.0001172056   0.0000186449   0.0000358840   0.0000240647   0.0000049143
       -0.0000003441  -0.0000133460   0.0000039967  -0.0000050296   0.0000100148
        0.0000016678  -0.0000012384  -0.0000043425  -0.0000138648   0.0000021043
        0.0000360461   0.0000130844  -0.0081674415  -0.0075024809   0.0024717600
        0.0176431333  -0.0996971940  -0.1969751380   0.0015677045  -0.0017102004
       -0.0017447571   0.0038177996  -0.0129989479  -0.0287686887  -0.0158688129
        0.1215760685   0.2247543824  -0.0009298338   0.0008291905  -0.0001989807
        0.0001190598   0.0004876175  -0.0000000004  -0.0041989287   0.0021370401
        0.0000000420  -0.0234346672  -0.0222833639   0.0000001280  -0.1494415703
       -0.1291414750   0.0000006756   0.0062396243   0.0034253667  -0.0000000268
       -0.0001065201   0.0017318933   0.0000000225   0.0001712910   0.0003735826
       -0.0000000030  -0.0000279236   0.0000337155  -0.0000000062  -0.0013704100
       -0.0011948005   0.0000000068  -0.0005429896   0.0000206585   0.0000000018
        0.0000311370  -0.0000029572  -0.0000003623  -0.0001057388  -0.0000726343
        0.0000000005   0.0000311370  -0.0000029570   0.0000003619   0.0007073350
       -0.0007534952  -0.0000000115  -0.0003353079  -0.0011278103  -0.0000000039
       -0.0016931233   0.0015763358   0.0000000012   0.0000160654   0.0003133891
       -0.0000000006  -0.0014615468   0.0006989849   0.0009298414  -0.0014615590
        0.0006989841  -0.0009298338   0.1768646358   0.1430819251  -0.0000008333
        0.0009240411   0.0003022635  -0.0000000041   0.0014754665   0.0011150741
        0.0000000081   0.0012676382   0.0029160466  -0.0000000120  -0.1296189231
       -0.1993504909   0.0000007840  -0.0199333762  -0.0237190228   0.0000001185
        0.0022955407  -0.0053520627   0.0000000126  -0.0010751358  -0.0014313415
        0.0000000060   0.0000337155   0.0000603757  -0.0000000031  -0.0000448767
       -0.0000140624   0.0000000011   0.0001800978   0.0001762527  -0.0000000013
        0.0000195366  -0.0000273349  -0.0000034557   0.0000025555   0.0000223749
       -0.0000000003   0.0000195366  -0.0000273351   0.0000034556   0.0009443225
        0.0010562473  -0.0000000108  -0.0011866710   0.0014289035   0.0000000011
       -0.0000331987   0.0002017809  -0.0000000011  -0.0001185521   0.0003404061
       -0.0000000007   0.0008831778   0.0001727887  -0.0008291991   0.0008831795
        0.0001727899   0.0008291905   0.1430819251   0.2219563465  -0.0000008894
        0.0000000017  -0.0000000010   0.0000413013   0.0000000407   0.0000000048
        0.0082066872   0.0000000767   0.0000000769  -0.0003416214   0.0000006797
        0.0000007858  -0.0305592643   0.0000000205   0.0000000201   0.0005130535
        0.0000000155   0.0000000168   0.0067945850   0.0000000009   0.0000000005
       -0.0004346325  -0.0000000063  -0.0000000032  -0.0015544419   0.0000000124
        0.0000000027   0.0002259515   0.0000000015   0.0000000002  -0.0000979780
        0.0000096660   0.0000092383  -0.0000062091   0.0000000001   0.0000000005
       -0.0000190484  -0.0000096664  -0.0000092381  -0.0000062095  -0.0000000221
        0.0000000023  -0.0029588153   0.0000000010  -0.0000000005  -0.0014199201
        0.0000000049  -0.0000000068  -0.0002256243  -0.0000000007  -0.0000000022
       -0.0001779446   0.0011059942  -0.0002897924  -0.0001989893  -0.0011059870
        0.0002897846  -0.0001989807  -0.0000008333  -0.0000008894   0.0224181008
