           1           2   1.36689852939023     
           2           3   1.36330132868238     
           1           4  0.100010015179615     
           3           4   1.45586493336904     
           4           5   1.36689852960030     
           1           6   1.45586493337254     
           3           6  0.111185651260172     
           5           6   1.36330132884252     
           6           7  0.967841651011101     
           1           8  0.964606741255740     
           2           9   1.04531997126294     
           9          10  0.973377444756713     
          10          11  0.976935595347942     
          10          12  0.977742366417419     
          10          13  0.976935599284511     
           3          14  0.967841651027455     
           5          15   1.04531997076151     
          15          16  0.973377444578469     
          16          17  0.977742366438556     
          16          18  0.976935596075843     
          16          19  0.976935598650063     
           4          20  0.964606741351753     
