           1           2   1.40024458989454     
           2           3   1.45866755518599     
           3           4   1.36641579311675     
           2           5  0.109155664478468     
           4           5   1.37868241819734     
           1           6   1.41635661088232     
           3           6  0.104606945193596     
           5           6   1.44321432310918     
           3           7  0.965766468423979     
           6           8  0.965092271112325     
           2           9  0.968458402530924     
           5          10  0.968754170752571     
           1          11  0.973153215833209     
          11          12  0.973198973954822     
          12          13   1.42299775781206     
          12          14   1.39339985770677     
          13          15   1.43417687928734     
          14          15  0.106850131263793     
          13          16  0.965050744460626     
          13          17  0.106656884992629     
          14          17   1.46794897561906     
          14          18  0.968508182814212     
          15          19   1.38508668916945     
          17          19   1.35975936782527     
          15          20  0.965879357184129     
          17          21  0.968766976744568     
           4          22   1.06034327123956     
          22          23  0.846105234728402     
          19          24   1.06047896984360     
          24          25  0.845788684404011     
          11          26  0.987459797875760     
          26          27  0.981728844172688     
          26          28  0.983868066327192     
          26          29  0.985065809047018     
          11          30  0.987582107633930     
          30          31  0.985124380778299     
          30          32  0.981699226761587     
          30          33  0.983784081386252     
