           1           2   1.42753565176117     
           2           3   1.45007024898684     
           3           4   1.36684172536547     
           2           5  0.106417424467932     
           4           5   1.36038904318279     
           1           6   1.40505016434847     
           5           6   1.42595994627899     
           4           7   1.08624132375345     
           7           8  0.835089360811128     
           2           9  0.966438722212115     
           3          10  0.963148588151550     
           1          11  0.966317432521562     
           5          12  0.964096936229529     
           6          13  0.934866176865740     
