           1           2   1.36681836641549     
           2           3   1.36622385924934     
           1           4  0.102135558482724     
           3           4   1.45213832536873     
           4           5   1.36681836378405     
           1           6   1.45213830926006     
           3           6  0.111319610182824     
           5           6   1.36622387467269     
           6           7  0.967860148220881     
           1           8  0.964477125683315     
           2           9   1.04480808475927     
           9          10  0.972122876982031     
          10          11  0.976917843894477     
          10          12  0.977965946114112     
          10          13  0.976917874650189     
           3          14  0.967860148138144     
           5          15   1.04480806512787     
          15          16  0.972122922260149     
          16          17  0.977965945244111     
          16          18  0.976917838659315     
          16          19  0.976917838645681     
           4          20  0.964477129369799     
