           1           2   1.32508426127939     
           2           3   1.42909822108499     
           3           4   1.25384391026361     
           4           5   1.42753712648517     
           1           6   1.40843396430480     
           5           6   1.38404402380850     
           5           7  0.963619207906745     
           6           8  0.964769164009969     
           4           9   1.04608401177134     
           9          10  0.971207055643575     
          10          11  0.976397487684205     
          10          12  0.977630569257475     
          10          13  0.976398433123701     
           3          14   1.06261489035245     
          14          15  0.967610986032823     
          15          16  0.976306821769115     
          15          17  0.977341418513214     
          15          18  0.976306722182439     
           2          19  0.961140007920159     
           1          20   1.04759388864411     
          20          21  0.971349601618075     
          21          22  0.977802859528377     
          21          23  0.976851371670488     
          21          24  0.976849900072884     
