$hessian                                                                        
        0.5596348214   0.0022835718   0.0000214445  -0.1086945074   0.1017067923
       -0.0000236159  -0.0482646494   0.0171937304  -0.0000040464   0.0289286465
       -0.0028501335  -0.0000001282  -0.0493013423  -0.0161077563  -0.0000017933
       -0.1113233289  -0.1049888820  -0.0000030659  -0.0057291664   0.0003901335
       -0.0000002981   0.0072648950   0.0112799371   0.0000017994  -0.0228240551
        0.0003427436   0.0000024147   0.0027732238   0.0017708122   0.0000017610
       -0.0051731222  -0.0003461005  -0.0000001224  -0.1475938780   0.0004184580
       -0.0000116650  -0.0541187984  -0.0441390513   0.0000059225  -0.0527666444
        0.0447151007   0.0000065109   0.0071879058  -0.0116693560   0.0000048822
        0.0022835718   0.6968397303  -0.0000431787   0.0563029267  -0.2617088372
        0.0000286461   0.0695885611   0.0204490439   0.0000005844  -0.0005637097
       -0.0546141966   0.0000031755  -0.0691284067   0.0208971456  -0.0000044124
       -0.0600005855  -0.2620950603   0.0000076655   0.0009312316   0.0015758199
        0.0000015903  -0.0099069332  -0.0261314730   0.0000096783   0.0007758418
        0.0017743511   0.0000004721  -0.0000522566   0.0005728491   0.0000000976
       -0.0008301348   0.0015336163  -0.0000002004   0.0011065613  -0.0721085290
        0.0000010024  -0.0521017471  -0.0201112169   0.0000183552   0.0521628649
       -0.0208676087  -0.0000188559   0.0094322144  -0.0260056344  -0.0000046200
        0.0000214445  -0.0000431787   0.1197574019  -0.0000247903   0.0000333612
       -0.0485195353  -0.0000025994   0.0000059138   0.0014306685  -0.0000029601
        0.0000035924  -0.0081975851   0.0000086011  -0.0000080033   0.0013220845
       -0.0000125626   0.0000033606  -0.0484588772  -0.0000007859   0.0000006664
        0.0086065862   0.0000015864   0.0000031122   0.0022135843   0.0000030970
        0.0000000986   0.0004156101  -0.0000004503  -0.0000004949   0.0001660875
       -0.0000006927   0.0000005113   0.0087740186  -0.0000685535   0.0000009005
       -0.0734475051   0.0000388313   0.0000313914   0.0169147015   0.0000400688
       -0.0000326860   0.0168762195  -0.0000002345   0.0000014544   0.0021465401
       -0.1086945074   0.0563029267  -0.0000247903   0.6940730454   0.0278193795
        0.0000131159  -0.3705045782   0.0384256893   0.0000100282  -0.0482003000
       -0.0729483870   0.0000088571  -0.0350480797   0.0193946017  -0.0000029072
        0.0397015984   0.0173267365   0.0000018180  -0.0000819257   0.0006862747
        0.0000005727  -0.0012255341  -0.0032549488   0.0000007437   0.0126958156
       -0.0013649307  -0.0000004072  -0.0025862630  -0.0005857368  -0.0000002014
       -0.0174599675   0.0026156385   0.0000001879  -0.0483196243   0.0247222214
        0.0000090093   0.0015966088   0.0140230012  -0.0000093127  -0.0037004339
       -0.0044034746  -0.0000044048  -0.1122458543  -0.1187589916  -0.0000023092
        0.1017067923  -0.2617088372   0.0000333612   0.0278193795   0.6438007391
       -0.0000488206  -0.0328517474  -0.0925702758   0.0000002468  -0.0185662835
        0.0270907814  -0.0000040532   0.0245434612  -0.0093377659   0.0000031874
       -0.0183738679  -0.0587974075   0.0000037220   0.0003283475   0.0004435121
        0.0000004680  -0.0030208809  -0.0040926761  -0.0000010153  -0.0088588628
       -0.0064845673   0.0000023374  -0.0008002475  -0.0001694173   0.0000014509
        0.0248035924  -0.0009168035  -0.0000020495   0.0342191892  -0.0001685553
       -0.0000148083  -0.0067375251  -0.0080394398   0.0000068946  -0.0062267945
        0.0083618639   0.0000107838  -0.1179845525  -0.2374111508   0.0000082948
       -0.0000236159   0.0000286461  -0.0485195353   0.0000131159  -0.0000488206
        0.1184114514   0.0000061887   0.0000033693  -0.0426751315   0.0000060009
       -0.0000047289  -0.0023855679  -0.0000059626   0.0000029885  -0.0028157120
        0.0000064466   0.0000071688   0.0016951015  -0.0000001119   0.0000000217
       -0.0000811072  -0.0000000742   0.0000001261   0.0057166582  -0.0000027473
        0.0000013253   0.0048902160   0.0000004323   0.0000004336   0.0013931809
       -0.0000020924   0.0000002886  -0.0004550893  -0.0000000993   0.0000227359
       -0.0050106630  -0.0000059946  -0.0000107686   0.0009948205   0.0000056148
       -0.0000089371   0.0043902807   0.0000028989   0.0000061515  -0.0355489031
       -0.0482646494   0.0695885611  -0.0000025994  -0.3705045782  -0.0328517474
        0.0000061887   0.7046509464  -0.0313936759  -0.0000216562  -0.1148297241
       -0.0464280225   0.0000090585   0.0450643828  -0.0180900603   0.0000034833
       -0.0351684267  -0.0241029066  -0.0000012654  -0.0011477698   0.0030211372
       -0.0000002284  -0.0004403418  -0.0003339699  -0.0000020888  -0.0550614854
       -0.0403541506   0.0000060440  -0.0030189459   0.0006100629   0.0000011659
       -0.1121562472   0.1174588801  -0.0000032912   0.0168859122   0.0027463765
       -0.0000099877  -0.0030411800  -0.0056298368   0.0000055051  -0.0060788859
        0.0072701149   0.0000057395  -0.0168890072  -0.0015107626   0.0000039321
        0.0171937304   0.0204490439   0.0000059138   0.0384256893  -0.0925702758
        0.0000033693  -0.0313936759   0.6368092594  -0.0000559811  -0.1077132005
       -0.2512894259   0.0000278359   0.0174146359  -0.0538840783   0.0000040208
       -0.0195158214  -0.0092124860  -0.0000012785   0.0025478313  -0.0042097550
        0.0000010270  -0.0004121603   0.0005198711  -0.0000002709  -0.0210377696
       -0.0003226880   0.0000023529   0.0015615915   0.0010312494   0.0000004148
        0.1177256595  -0.2419363331   0.0000124059   0.0145108301  -0.0057369306
       -0.0000037725  -0.0041246018  -0.0041656191   0.0000021270  -0.0010516863
        0.0043251259   0.0000018167  -0.0241310520   0.0001930420   0.0000000189
       -0.0000040464   0.0000005844   0.0014306685   0.0000100282   0.0000002468
       -0.0426751315  -0.0000216562  -0.0000559811   0.1105182737   0.0000168275
        0.0000310632  -0.0556613697   0.0000003320   0.0000054068   0.0022449088
       -0.0000000156  -0.0000024477  -0.0027337194   0.0000006397   0.0000006297
        0.0061051897   0.0000000743   0.0000000045  -0.0005167411   0.0000033250
        0.0000018808   0.0042941903   0.0000001876   0.0000005032   0.0031211335
       -0.0000046958   0.0000129941  -0.0334816437  -0.0000020209   0.0000195934
        0.0080506800  -0.0000021772  -0.0000077055  -0.0012150811   0.0000022095
       -0.0000072199  -0.0009891689   0.0000009883   0.0000004474   0.0015078110
        0.0289286465  -0.0005637097  -0.0000029601  -0.0482003000  -0.0185662835
        0.0000060009  -0.1148297241  -0.1077132005   0.0000168275   0.6341297594
       -0.0002980459  -0.0000185527  -0.1143149261   0.1097703512  -0.0000027392
       -0.0472137053   0.0187663681   0.0000015297   0.0064686182  -0.0126606207
       -0.0000002249  -0.0042764875   0.0003261947   0.0000005282  -0.2976172757
        0.0102178830   0.0000009855  -0.0289897738  -0.0122060364   0.0000015579
        0.0081224160   0.0130767194  -0.0000028266  -0.0398993069   0.0002985686
        0.0000265064   0.0112419211   0.0148842169  -0.0000134717   0.0110885830
       -0.0150012643  -0.0000137395  -0.0046384450  -0.0003311408   0.0000005787
       -0.0028501335  -0.0546141966   0.0000035924  -0.0729483870   0.0270907814
       -0.0000047289  -0.0464280225  -0.2512894259   0.0000310632  -0.0002980459
        0.6390829454  -0.0000454966   0.0404118414  -0.2535463713   0.0000051591
        0.0771920392   0.0271242681  -0.0000011247   0.0101444075  -0.0254399640
        0.0000012761  -0.0006820486   0.0006885943   0.0000026250   0.0369583488
       -0.0852726681   0.0000039340  -0.0324070641   0.0044148665  -0.0000002667
       -0.0111007031  -0.0265452357   0.0000043293   0.0034220255  -0.0014531957
       -0.0000013108  -0.0020294282  -0.0017004667   0.0000024437   0.0001353280
        0.0007458324  -0.0000004641   0.0004798424   0.0007142359  -0.0000010311
       -0.0000001282   0.0000031755  -0.0081975851   0.0000088571  -0.0000040532
       -0.0023855679   0.0000090585   0.0000278359  -0.0556613697  -0.0000185527
       -0.0000454966   0.1413163335   0.0000000022   0.0000080974  -0.0547304836
       -0.0000035994  -0.0000005880  -0.0022011789  -0.0000008930   0.0000019575
        0.0015528652  -0.0000004680   0.0000006292   0.0096407889   0.0000011867
        0.0000041600  -0.0398087547   0.0000044174   0.0000000367  -0.0021048153
        0.0000009185   0.0000028078   0.0023832069  -0.0000053190   0.0000018049
        0.0008457797   0.0000027344   0.0000012797  -0.0001845331   0.0000026863
       -0.0000024833  -0.0001999180  -0.0000009008   0.0000008364   0.0097352323
       -0.0493013423  -0.0691284067   0.0000086011  -0.0350480797   0.0245434612
       -0.0000059626   0.0450643828   0.0174146359   0.0000003320  -0.1143149261
        0.0404118414   0.0000000022   0.6884618723   0.0259877140  -0.0000256106
       -0.3633435499   0.0361426206   0.0000044845  -0.1068134485  -0.1133614762
        0.0000136755  -0.0165513211   0.0016347730   0.0000036667  -0.0568315373
        0.0403658834   0.0000006362   0.0025570726   0.0031233116  -0.0000008082
       -0.0013328516  -0.0029933704   0.0000007595   0.0170389390  -0.0030175038
       -0.0000098256  -0.0061704346  -0.0071724637   0.0000061203  -0.0029703088
        0.0057242694   0.0000058603  -0.0004444667   0.0003247103  -0.0000019313
       -0.0161077563   0.0208971456  -0.0000080033   0.0193946017  -0.0093377659
        0.0000029885  -0.0180900603  -0.0538840783   0.0000054068   0.1097703512
       -0.2535463713   0.0000080974   0.0259877140   0.6434661516  -0.0000328310
       -0.0364079207  -0.0930486505   0.0000048802  -0.1117306761  -0.2429820083
        0.0000185985   0.0245113676  -0.0002412049  -0.0000001970   0.0173000604
       -0.0034801139  -0.0000008284  -0.0027598815   0.0011380834  -0.0000002653
       -0.0025973926  -0.0040981230   0.0000006936  -0.0154201969  -0.0054603624
        0.0000068327   0.0013717926   0.0045861541  -0.0000028737   0.0043211513
       -0.0045337307  -0.0000030277   0.0004568458   0.0005248745   0.0000005287
       -0.0000017933  -0.0000044124   0.0013220845  -0.0000029072   0.0000031874
       -0.0028157120   0.0000034833   0.0000040208   0.0022449088  -0.0000027392
        0.0000051591  -0.0547304836  -0.0000256106  -0.0000328310   0.1096295422
        0.0000190634   0.0000082579  -0.0437507508   0.0000125635   0.0000189207
       -0.0321101082  -0.0000029876  -0.0000001012   0.0017563711  -0.0000002429
       -0.0000007681   0.0093377807   0.0000004044  -0.0000003622  -0.0026080684
        0.0000010619   0.0000010058   0.0062854096  -0.0000000227  -0.0000146907
        0.0084284452   0.0000022351   0.0000053216  -0.0010985511  -0.0000025728
        0.0000074852  -0.0013618406   0.0000000648  -0.0000001929  -0.0005290274
       -0.1113233289  -0.0600005855  -0.0000125626   0.0397015984  -0.0183738679
        0.0000064466  -0.0351684267  -0.0195158214  -0.0000000156  -0.0472137053
        0.0771920392  -0.0000035994  -0.3633435499  -0.0364079207   0.0000190634
        0.6896753263  -0.0252500188   0.0000093806  -0.0182963446  -0.0028022544
        0.0000007015  -0.1095776083   0.1170710584  -0.0000188569   0.0103354282
        0.0011034666  -0.0000014264  -0.0015395627  -0.0017541639   0.0000005848
       -0.0001314655  -0.0006937518   0.0000003909  -0.0501391168  -0.0240588744
        0.0000149755  -0.0033609110   0.0049167404  -0.0000052055   0.0015541253
       -0.0146162796  -0.0000094170  -0.0011724585   0.0031902338  -0.0000004600
       -0.1049888820  -0.2620950603   0.0000033606   0.0173267365  -0.0587974075
        0.0000071688  -0.0241029066  -0.0092124860  -0.0000024477   0.0187663681
        0.0271242681  -0.0000005880   0.0361426206  -0.0930486505   0.0000082579
       -0.0252500188   0.6464328255  -0.0000364222  -0.0254861404  -0.0010373266
        0.0000019449   0.1162806172  -0.2393513549   0.0000211837   0.0102014381
       -0.0062515307  -0.0000019653  -0.0006290753  -0.0008835220   0.0000003918
       -0.0004161450   0.0004382285  -0.0000008267  -0.0340703787   0.0006510626
        0.0000142210   0.0065076497   0.0084153131  -0.0000099458   0.0067371604
       -0.0082161148  -0.0000067311   0.0029809562  -0.0041682446   0.0000023984
       -0.0000030659   0.0000076655  -0.0484588772   0.0000018180   0.0000037220
        0.0016951015  -0.0000012654  -0.0000012785  -0.0027337194   0.0000015297
       -0.0000011247  -0.0022011789   0.0000044845   0.0000048802  -0.0437507508
        0.0000093806  -0.0000364222   0.1188980446   0.0000022892  -0.0000001506
       -0.0005013147  -0.0000143557   0.0000234468  -0.0355122145  -0.0000029697
        0.0000008272   0.0063159096   0.0000003215   0.0000002539   0.0003753534
        0.0000000467  -0.0000001165  -0.0000609515   0.0000032960  -0.0000220817
       -0.0051260135   0.0000040632   0.0000072726   0.0043857078  -0.0000051674
        0.0000118765   0.0010348446  -0.0000004054   0.0000012295   0.0056400591
       -0.0057291664   0.0009312316  -0.0000007859  -0.0000819257   0.0003283475
       -0.0000001119  -0.0011477698   0.0025478313   0.0000006397   0.0064686182
        0.0101444075  -0.0000008930  -0.1068134485  -0.1117306761   0.0000125635
       -0.0182963446  -0.0254861404   0.0000022892   0.1236249506   0.1246977467
       -0.0000132519   0.0005976154  -0.0008157064   0.0000002290   0.0018174080
        0.0008499235  -0.0000004201  -0.0000460215  -0.0002843230  -0.0000000791
        0.0002869049   0.0006176750  -0.0000002623   0.0006853807  -0.0016069233
       -0.0000017715  -0.0012083788  -0.0006127601   0.0000017188  -0.0001009369
        0.0003441686   0.0000005014  -0.0000568855   0.0000751976  -0.0000003658
        0.0003901335   0.0015758199   0.0000006664   0.0006862747   0.0004435121
        0.0000000217   0.0030211372  -0.0042097550   0.0000006297  -0.0126606207
       -0.0254399640   0.0000019575  -0.1133614762  -0.2429820083   0.0000189207
       -0.0028022544  -0.0010373266  -0.0000001506   0.1246977467   0.2699740566
       -0.0000219669   0.0008658815   0.0009329803  -0.0000003535  -0.0016813358
        0.0017953653   0.0000000374   0.0014812988   0.0000520466  -0.0000001849
       -0.0007718017  -0.0011875831   0.0000002993  -0.0000941746  -0.0001248177
        0.0000008168   0.0000966701   0.0002533695  -0.0000005940   0.0001206148
       -0.0001585217  -0.0000001148   0.0000119060   0.0001128260   0.0000000153
       -0.0000002981   0.0000015903   0.0086065862   0.0000005727   0.0000004680
       -0.0000811072  -0.0000002284   0.0000010270   0.0061051897  -0.0000002249
        0.0000012761   0.0015528652   0.0000136755   0.0000185985  -0.0321101082
        0.0000007015   0.0000019449  -0.0005013147  -0.0000132519  -0.0000219669
        0.0228159669  -0.0000000794  -0.0000002354  -0.0030329084   0.0000001860
       -0.0000000801  -0.0013963029  -0.0000000769  -0.0000000433  -0.0004352012
       -0.0000001544  -0.0000001508  -0.0004417673  -0.0000062544  -0.0000275034
        0.0009415617   0.0000088743   0.0000146446  -0.0006131252  -0.0000033560
        0.0000105934  -0.0000176341  -0.0000000856  -0.0000001630  -0.0013927003
        0.0072648950  -0.0099069332   0.0000015864  -0.0012255341  -0.0030208809
       -0.0000000742  -0.0004403418  -0.0004121603   0.0000000743  -0.0042764875
       -0.0006820486  -0.0000004680  -0.0165513211   0.0245113676  -0.0000029876
       -0.1095776083   0.1162806172  -0.0000143557   0.0005976154   0.0008658815
       -0.0000000794   0.1270791580  -0.1278847766   0.0000155806  -0.0018749682
        0.0014939329   0.0000004215   0.0001030555   0.0001618568  -0.0000000806
       -0.0000164342  -0.0000338827  -0.0000000732   0.0012761945  -0.0012859745
       -0.0000000016   0.0001765303   0.0007866084   0.0000001235  -0.0029151504
       -0.0001045362   0.0000002886   0.0003803971  -0.0007690713   0.0000000456
        0.0112799371  -0.0261314730   0.0000031122  -0.0032549488  -0.0040926761
        0.0000001261  -0.0003339699   0.0005198711   0.0000000045   0.0003261947
        0.0006885943   0.0000006292   0.0016347730  -0.0002412049  -0.0000001012
        0.1170710584  -0.2393513549   0.0000234468  -0.0008157064   0.0009329803
       -0.0000002354  -0.1278847766   0.2682327925  -0.0000271242  -0.0005390724
       -0.0000941825   0.0000000344   0.0000200302   0.0000419626   0.0000000640
       -0.0000651016   0.0001123702  -0.0000001120   0.0012970840  -0.0021203919
       -0.0000009584   0.0006639853   0.0009058775  -0.0000003874  -0.0001457667
        0.0017629403   0.0000011368   0.0007462795  -0.0011661056   0.0000003646
        0.0000017994   0.0000096783   0.0022135843   0.0000007437  -0.0000010153
        0.0057166582  -0.0000020888  -0.0000002709  -0.0005167411   0.0000005282
        0.0000026250   0.0096407889   0.0000036667  -0.0000001970   0.0017563711
       -0.0000188569   0.0000211837  -0.0355122145   0.0000002290  -0.0000003535
       -0.0030329084   0.0000155806  -0.0000271242   0.0240968202  -0.0000007207
        0.0000001162  -0.0012678213   0.0000000517   0.0000000119   0.0003185555
       -0.0000003247  -0.0000003709  -0.0014102428   0.0000006972  -0.0000301145
       -0.0029743021   0.0000052396   0.0000118654   0.0000377848  -0.0000063025
        0.0000139799   0.0003236681  -0.0000002425  -0.0000000141   0.0006099991
       -0.0228240551   0.0007758418   0.0000030970   0.0126958156  -0.0088588628
       -0.0000027473  -0.0550614854  -0.0210377696   0.0000033250  -0.2976172757
        0.0369583488   0.0000011867  -0.0568315373   0.0173000604  -0.0000002429
        0.0103354282   0.0102014381  -0.0000029697   0.0018174080  -0.0016813358
        0.0000001860  -0.0018749682  -0.0005390724  -0.0000007207   0.4773224065
        0.1029506177  -0.0000181779  -0.0828112979  -0.1373279330   0.0000146384
        0.0006607670   0.0008930936   0.0000003957   0.0339514494  -0.0002004766
       -0.0000199540  -0.0094443927  -0.0118162843   0.0000110749  -0.0093785802
        0.0117647355   0.0000112351  -0.0009396822   0.0006175986  -0.0000003264
        0.0003427436   0.0017743511   0.0000000986  -0.0013649307  -0.0064845673
        0.0000013253  -0.0403541506  -0.0003226880   0.0000018808   0.0102178830
       -0.0852726681   0.0000041600   0.0403658834  -0.0034801139  -0.0000007681
        0.0011034666  -0.0062515307   0.0000008272   0.0008499235   0.0017953653
       -0.0000000801   0.0014939329  -0.0000941825   0.0000001162   0.1029506177
        0.4458010016  -0.0000412883  -0.1148849376  -0.3492004513   0.0000346838
        0.0006327603   0.0017645065  -0.0000006573  -0.0002899225  -0.0001308269
        0.0000001317   0.0001171865   0.0000966738  -0.0000008365   0.0001894506
        0.0000692117   0.0000005381  -0.0013699067  -0.0000640812  -0.0000001312
        0.0000024147   0.0000004721   0.0004156101  -0.0000004072   0.0000023374
        0.0048902160   0.0000060440   0.0000023529   0.0042941903   0.0000009855
        0.0000039340  -0.0398087547   0.0000006362  -0.0000008284   0.0093377807
       -0.0000014264  -0.0000019653   0.0063159096  -0.0000004201   0.0000000374
       -0.0013963029   0.0000004215   0.0000000344  -0.0012678213  -0.0000181779
       -0.0000412883   0.0289590186   0.0000124317   0.0000353412  -0.0077618463
       -0.0000006095  -0.0000003503  -0.0026666510  -0.0000110478   0.0000029371
       -0.0018733238   0.0000038044   0.0000027824   0.0002327902   0.0000050044
       -0.0000057248   0.0003801543   0.0000003466  -0.0000000717  -0.0000509698
        0.0027732238  -0.0000522566  -0.0000004503  -0.0025862630  -0.0008002475
        0.0000004323  -0.0030189459   0.0015615915   0.0000001876  -0.0289897738
       -0.0324070641   0.0000044174   0.0025570726  -0.0027598815   0.0000004044
       -0.0015395627  -0.0006290753   0.0000003215  -0.0000460215   0.0014812988
       -0.0000000769   0.0001030555   0.0000200302   0.0000000517  -0.0828112979
       -0.1148849376   0.0000124317   0.1155368550   0.1479227182  -0.0000168165
       -0.0000317108   0.0004040718  -0.0000002313  -0.0039572626  -0.0000446506
        0.0000021920   0.0011806710   0.0015629666  -0.0000013720   0.0011807634
       -0.0014161790  -0.0000012921  -0.0003508031   0.0000416154  -0.0000001996
        0.0017708122   0.0005728491  -0.0000004949  -0.0005857368  -0.0001694173
        0.0000004336   0.0006100629   0.0010312494   0.0000005032  -0.0122060364
        0.0044148665   0.0000000367   0.0031233116   0.0011380834  -0.0000003622
       -0.0017541639  -0.0008835220   0.0000002539  -0.0002843230   0.0000520466
       -0.0000000433   0.0001618568   0.0000419626   0.0000000119  -0.1373279330
       -0.3492004513   0.0000353412   0.1479227182   0.3421915566  -0.0000352514
        0.0000355241   0.0006688244  -0.0000001323  -0.0024315417  -0.0001417365
        0.0000018507   0.0007316526   0.0011202309  -0.0000015906   0.0004741271
       -0.0008133678  -0.0000004731  -0.0002403307  -0.0000231746  -0.0000000834
        0.0000017610   0.0000000976   0.0001660875  -0.0000002014   0.0000014509
        0.0013931809   0.0000011659   0.0000004148   0.0031211335   0.0000015579
       -0.0000002667  -0.0021048153  -0.0000008082  -0.0000002653  -0.0026080684
        0.0000005848   0.0000003918   0.0003753534  -0.0000000791  -0.0000001849
       -0.0004352012  -0.0000000806   0.0000000640   0.0003185555   0.0000146384
        0.0000346838  -0.0077618463  -0.0000168165  -0.0000352514   0.0081621829
       -0.0000000705  -0.0000002711  -0.0000019445  -0.0000122052  -0.0000084579
       -0.0003206227   0.0000072210   0.0000082904   0.0002439844   0.0000031662
       -0.0000005651   0.0001088409   0.0000001663  -0.0000001307  -0.0006568206
       -0.0051731222  -0.0008301348  -0.0000006927  -0.0174599675   0.0248035924
       -0.0000020924  -0.1121562472   0.1177256595  -0.0000046958   0.0081224160
       -0.0111007031   0.0000009185  -0.0013328516  -0.0025973926   0.0000010619
       -0.0001314655  -0.0004161450   0.0000000467   0.0002869049  -0.0007718017
       -0.0000001544  -0.0000164342  -0.0000651016  -0.0000003247   0.0006607670
        0.0006327603  -0.0000006095  -0.0000317108   0.0000355241  -0.0000000705
        0.1273878223  -0.1300345921   0.0000061421  -0.0000179600   0.0015514538
       -0.0000011059   0.0001064171  -0.0000697943   0.0000000905  -0.0009045176
        0.0003565554   0.0000013603   0.0006599492   0.0007801196   0.0000001258
       -0.0003461005   0.0015336163   0.0000005113   0.0026156385  -0.0009168035
        0.0000002886   0.1174588801  -0.2419363331   0.0000129941   0.0130767194
       -0.0265452357   0.0000028078  -0.0029933704  -0.0040981230   0.0000010058
       -0.0006937518   0.0004382285  -0.0000001165   0.0006176750  -0.0011875831
       -0.0000001508  -0.0000338827   0.0001123702  -0.0000003709   0.0008930936
        0.0017645065  -0.0000003503   0.0004040718   0.0006688244  -0.0000002711
       -0.1300345921   0.2693481938  -0.0000160891   0.0000378483  -0.0001143782
       -0.0000003484  -0.0000988739  -0.0001532400  -0.0000000431  -0.0000822955
        0.0002120962   0.0000003135  -0.0008210596   0.0008738608  -0.0000001810
       -0.0000001224  -0.0000002004   0.0087740186   0.0000001879  -0.0000020495
       -0.0004550893  -0.0000032912   0.0000124059  -0.0334816437  -0.0000028266
        0.0000043293   0.0023832069   0.0000007595   0.0000006936   0.0062854096
        0.0000003909  -0.0000008267  -0.0000609515  -0.0000002623   0.0000002993
       -0.0004417673  -0.0000000732  -0.0000001120  -0.0014102428   0.0000003957
       -0.0000006573  -0.0026666510  -0.0000002313  -0.0000001323  -0.0000019445
        0.0000061421  -0.0000160891   0.0238716247  -0.0000059675   0.0000305850
        0.0009323204  -0.0000041990  -0.0000112332  -0.0000161393   0.0000090002
       -0.0000166863  -0.0006005527   0.0000000973  -0.0000003264  -0.0031115979
       -0.1475938780   0.0011065613  -0.0000685535  -0.0483196243   0.0342191892
       -0.0000000993   0.0168859122   0.0145108301  -0.0000020209  -0.0398993069
        0.0034220255  -0.0000053190   0.0170389390  -0.0154201969  -0.0000000227
       -0.0501391168  -0.0340703787   0.0000032960   0.0006853807  -0.0000941746
       -0.0000062544   0.0012761945   0.0012970840   0.0000006972   0.0339514494
       -0.0002899225  -0.0000110478  -0.0039572626  -0.0024315417  -0.0000122052
       -0.0000179600   0.0000378483  -0.0000059675   0.5880757629   0.0025401948
        0.0000016731  -0.1871348009  -0.1516127342   0.0000439290  -0.1820652543
        0.1481751549   0.0000602867   0.0012135651  -0.0013899396   0.0000016081
        0.0004184580  -0.0721085290   0.0000009005   0.0247222214  -0.0001685553
        0.0000227359   0.0027463765  -0.0057369306   0.0000195934   0.0002985686
       -0.0014531957   0.0000018049  -0.0030175038  -0.0054603624  -0.0000146907
       -0.0240588744   0.0006510626  -0.0000220817  -0.0016069233  -0.0001248177
       -0.0000275034  -0.0012859745  -0.0021203919  -0.0000301145  -0.0002004766
       -0.0001308269   0.0000029371  -0.0000446506  -0.0001417365  -0.0000084579
        0.0015514538  -0.0001143782   0.0000305850   0.0025401948   0.8463901669
        0.0000117243  -0.1747796556  -0.3765940670   0.0001096340   0.1714499243
       -0.3808246751  -0.0001269217   0.0012668615  -0.0020627632   0.0000298549
       -0.0000116650   0.0000010024  -0.0734475051   0.0000090093  -0.0000148083
       -0.0050106630  -0.0000099877  -0.0000037725   0.0080506800   0.0000265064
       -0.0000013108   0.0008457797  -0.0000098256   0.0000068327   0.0084284452
        0.0000149755   0.0000142210  -0.0051260135  -0.0000017715   0.0000008168
        0.0009415617  -0.0000000016  -0.0000009584  -0.0029743021  -0.0000199540
        0.0000001317  -0.0018733238   0.0000021920   0.0000018507  -0.0003206227
       -0.0000011059  -0.0000003484   0.0009323204   0.0000016731   0.0000117243
        0.2033861849  -0.0000092416  -0.0000111790  -0.0655649470   0.0000086756
       -0.0000043873  -0.0654427969   0.0000005212   0.0000001850  -0.0028247979
       -0.0541187984  -0.0521017471   0.0000388313   0.0015966088  -0.0067375251
       -0.0000059946  -0.0030411800  -0.0041246018  -0.0000021772   0.0112419211
       -0.0020294282   0.0000027344  -0.0061704346   0.0013717926   0.0000022351
       -0.0033609110   0.0065076497   0.0000040632  -0.0012083788   0.0000966701
        0.0000088743   0.0001765303   0.0006639853   0.0000052396  -0.0094443927
        0.0001171865   0.0000038044   0.0011806710   0.0007316526   0.0000072210
        0.0001064171  -0.0000988739  -0.0000041990  -0.1871348009  -0.1747796556
       -0.0000092416   0.2290199332   0.2084266449  -0.0000565968   0.0239975682
        0.0217416849   0.0000127972  -0.0028407531   0.0002145653  -0.0000075913
       -0.0441390513  -0.0201112169   0.0000313914   0.0140230012  -0.0080394398
       -0.0000107686  -0.0056298368  -0.0041656191  -0.0000077055   0.0148842169
       -0.0017004667   0.0000012797  -0.0071724637   0.0045861541   0.0000053216
        0.0049167404   0.0084153131   0.0000072726  -0.0006127601   0.0002533695
        0.0000146446   0.0007866084   0.0009058775   0.0000118654  -0.0118162843
        0.0000966738   0.0000027824   0.0015629666   0.0011202309   0.0000082904
       -0.0000697943  -0.0001532400  -0.0000112332  -0.1516127342  -0.3765940670
       -0.0000111790   0.2084266449   0.4966968496  -0.0000732296  -0.0237095162
       -0.1030471879   0.0000448823   0.0001622626   0.0017367688  -0.0000136145
        0.0000059225   0.0000183552   0.0169147015  -0.0000093127   0.0000068946
        0.0009948205   0.0000055051   0.0000021270  -0.0012150811  -0.0000134717
        0.0000024437  -0.0001845331   0.0000061203  -0.0000028737  -0.0010985511
       -0.0000052055  -0.0000099458   0.0043857078   0.0000017188  -0.0000005940
       -0.0006131252   0.0000001235  -0.0000003874   0.0000377848   0.0000110749
       -0.0000008365   0.0002327902  -0.0000013720  -0.0000015906   0.0002439844
        0.0000000905  -0.0000000431  -0.0000161393   0.0000439290   0.0001096340
       -0.0655649470  -0.0000565968  -0.0000732296   0.0240438835   0.0000115626
       -0.0000490503   0.0215640248  -0.0000000886  -0.0000009034   0.0002746794
       -0.0527666444   0.0521628649   0.0000400688  -0.0037004339  -0.0062267945
        0.0000056148  -0.0060788859  -0.0010516863   0.0000022095   0.0110885830
        0.0001353280   0.0000026863  -0.0029703088   0.0043211513  -0.0000025728
        0.0015541253   0.0067371604  -0.0000051674  -0.0001009369   0.0001206148
       -0.0000033560  -0.0029151504  -0.0001457667  -0.0000063025  -0.0093785802
        0.0001894506   0.0000050044   0.0011807634   0.0004741271   0.0000031662
       -0.0009045176  -0.0000822955   0.0000090002  -0.1820652543   0.1714499243
        0.0000086756   0.0239975682  -0.0237095162   0.0000115626   0.2228908061
       -0.2037443300  -0.0000756814   0.0001688664  -0.0006302324   0.0000050919
        0.0447151007  -0.0208676087  -0.0000326860  -0.0044034746   0.0083618639
       -0.0000089371   0.0072701149   0.0043251259  -0.0000072199  -0.0150012643
        0.0007458324  -0.0000024833   0.0057242694  -0.0045337307   0.0000074852
       -0.0146162796  -0.0082161148   0.0000118765   0.0003441686  -0.0001585217
        0.0000105934  -0.0001045362   0.0017629403   0.0000139799   0.0117647355
        0.0000692117  -0.0000057248  -0.0014161790  -0.0008133678  -0.0000005651
        0.0003565554   0.0002120962  -0.0000166863   0.1481751549  -0.3808246751
       -0.0000043873   0.0217416849  -0.1030471879  -0.0000490503  -0.2037443300
        0.5020929249   0.0000966831  -0.0008057206   0.0008912113  -0.0000128780
        0.0000065109  -0.0000188559   0.0168762195  -0.0000044048   0.0000107838
        0.0043902807   0.0000057395   0.0000018167  -0.0009891689  -0.0000137395
       -0.0000004641  -0.0001999180   0.0000058603  -0.0000030277  -0.0013618406
       -0.0000094170  -0.0000067311   0.0010348446   0.0000005014  -0.0000001148
       -0.0000176341   0.0000002886   0.0000011368   0.0003236681   0.0000112351
        0.0000005381   0.0003801543  -0.0000012921  -0.0000004731   0.0001088409
        0.0000013603   0.0000003135  -0.0006005527   0.0000602867  -0.0001269217
       -0.0654427969   0.0000127972   0.0000448823   0.0215640248  -0.0000756814
        0.0000966831   0.0239232020  -0.0000000452   0.0000004342   0.0000106765
        0.0071879058   0.0094322144  -0.0000002345  -0.1122458543  -0.1179845525
        0.0000028989  -0.0168890072  -0.0241310520   0.0000009883  -0.0046384450
        0.0004798424  -0.0000009008  -0.0004444667   0.0004568458   0.0000000648
       -0.0011724585   0.0029809562  -0.0000004054  -0.0000568855   0.0000119060
       -0.0000000856   0.0003803971   0.0007462795  -0.0000002425  -0.0009396822
       -0.0013699067   0.0000003466  -0.0003508031  -0.0002403307   0.0000001663
        0.0006599492  -0.0008210596   0.0000000973   0.0012135651   0.0012668615
        0.0000005212  -0.0028407531   0.0001622626  -0.0000000886   0.0001688664
       -0.0008057206  -0.0000000452   0.1299676717   0.1298154538  -0.0000030807
       -0.0116693560  -0.0260056344   0.0000014544  -0.1187589916  -0.2374111508
        0.0000061515  -0.0015107626   0.0001930420   0.0000004474  -0.0003311408
        0.0007142359   0.0000008364   0.0003247103   0.0005248745  -0.0000001929
        0.0031902338  -0.0041682446   0.0000012295   0.0000751976   0.0001128260
       -0.0000001630  -0.0007690713  -0.0011661056  -0.0000000141   0.0006175986
       -0.0000640812  -0.0000000717   0.0000416154  -0.0000231746  -0.0000001307
        0.0007801196   0.0008738608  -0.0000003264  -0.0013899396  -0.0020627632
        0.0000001850   0.0002145653   0.0017367688  -0.0000009034  -0.0006302324
        0.0008912113   0.0000004342   0.1298154538   0.2658543351  -0.0000089362
        0.0000048822  -0.0000046200   0.0021465401  -0.0000023092   0.0000082948
       -0.0355489031   0.0000039321   0.0000000189   0.0015078110   0.0000005787
       -0.0000010311   0.0097352323  -0.0000019313   0.0000005287  -0.0005290274
       -0.0000004600   0.0000023984   0.0056400591  -0.0000003658   0.0000000153
       -0.0013927003   0.0000000456   0.0000003646   0.0006099991  -0.0000003264
       -0.0000001312  -0.0000509698  -0.0000001996  -0.0000000834  -0.0006568206
        0.0000001258  -0.0000001810  -0.0031115979   0.0000016081   0.0000298549
       -0.0028247979  -0.0000075913  -0.0000136145   0.0002746794   0.0000050919
       -0.0000128780   0.0000106765  -0.0000030807  -0.0000089362   0.0241898195
