           1           2   1.32285664307973     
           2           3   1.51768534705530     
           3           4   1.31096328656895     
           4           5   1.32054822100656     
           1           6   1.33088468772966     
           5           6   1.50603690470900     
           5           7  0.959951943817041     
           6           8  0.959923970815040     
           4           9   1.15950553773913     
           9          10  0.816094688868862     
           3          11  0.961797606315585     
           1          12   1.03192177567218     
          12          13   1.40119889524011     
          12          14   1.39993872395496     
          13          14  0.304570691444309     
           2          15  0.959980666488695     
