           1           2   1.40204977638981     
           2           3   1.45706755162544     
           3           4   1.36810415454875     
           2           5  0.109095607766760     
           4           5   1.37130443255684     
           1           6   1.41228220798141     
           3           6  0.103483464568079     
           5           6   1.44969144126186     
           3           7  0.966115704273033     
           6           8  0.965315779400984     
           2           9  0.967861204658699     
           5          10  0.968884095312532     
           1          11  0.977014890691497     
          11          12  0.976697725655764     
          12          13   1.42204960367037     
          12          14   1.39226475569360     
          13          15   1.43702039594245     
          14          15  0.106534224479105     
          13          16  0.965512212283395     
          13          17  0.105832805342134     
          14          17   1.46972729830741     
          14          18  0.967665620217840     
          15          19   1.38205770954476     
          17          19   1.35735925227740     
          15          20  0.966158318017627     
          17          21  0.968876144967333     
           4          22   1.06656735085911     
          22          23  0.844072675520137     
          19          24   1.06661627422702     
          24          25  0.843591644131335     
          11          26  0.985097309596321     
          26          27  0.981756514317992     
          26          28  0.984582414338638     
          26          29  0.984998412595590     
          11          30  0.985229587995377     
          30          31  0.985102499537193     
          30          32  0.981751460540840     
          30          33  0.984471618718053     
