           1           2   1.37903566036699     
           2           3   1.35267263768603     
           1           4  0.105476425819508     
           3           4   1.46738190081120     
           4           5   1.41869473963539     
           1           6   1.43369218849264     
           3           6  0.110525707208362     
           5           6   1.44877595204882     
           6           7  0.970767177082184     
           1           8  0.965443153841748     
           2           9   1.05344116324970     
           9          10  0.970215233608784     
          10          11  0.976902184090542     
          10          12  0.978245168055646     
          10          13  0.976897939052370     
           3          14  0.968489574689473     
           5          15  0.970872546825641     
           4          16  0.970329813491019     
