$hessian                                                                        
        0.5944107463   0.0034272191  -0.0000115537  -0.1733591616   0.1416466058
        0.0000002549  -0.0551613759   0.0130820547   0.0000014362  -0.0113874199
        0.0110007324   0.0000001838  -0.0090646553  -0.0339490281   0.0000009968
       -0.1076950241  -0.0971099750   0.0000037181  -0.0046626272  -0.0013162602
        0.0000002596   0.0060096232   0.0202808888  -0.0000009448   0.0127642269
        0.0029701138   0.0000002590  -0.0007364919  -0.0026858692  -0.0000006869
       -0.0003023923   0.0002464538  -0.0002848730   0.0002252018   0.0002008362
        0.0000001107  -0.0003025545   0.0002462913   0.0002849488  -0.0004017175
       -0.0069577207  -0.0000000888   0.0014465909   0.0018392300   0.0000002064
       -0.0003861518   0.0000871329   0.0000629617   0.0003042393  -0.0001622233
       -0.0000000938  -0.0003861309   0.0000871805  -0.0000631415   0.0069332531
       -0.0066772352   0.0000000582  -0.2179204714  -0.0500054952   0.0000069120
       -0.0400738446   0.0029174439  -0.0000007907  -0.0042668329   0.0032949804
       -0.0000003660   0.0020067119  -0.0012314435   0.0017549669   0.0020062582
       -0.0012319132  -0.0017547341
        0.0034272191   0.6808266423  -0.0000178215   0.0684942440  -0.2107454437
        0.0000007316   0.0586062165   0.0528184773  -0.0000012902   0.0024372750
       -0.0609085320   0.0000023570  -0.0891058733  -0.0009707294   0.0000020353
       -0.0201385971  -0.3117528636   0.0000071003  -0.0003847046   0.0014018002
       -0.0000000585  -0.0031020836  -0.0237443156   0.0000005434   0.0131493126
        0.0023855201  -0.0000018307  -0.0010015496  -0.0010994036   0.0000003790
        0.0002205816   0.0005524370  -0.0004316838  -0.0000642477   0.0001142705
        0.0000000917   0.0002207193   0.0005524232   0.0004318660  -0.0006924521
       -0.0043797049  -0.0000003540   0.0000509498  -0.0001992579   0.0000002932
        0.0002038137  -0.0004849205  -0.0000301604  -0.0000112308   0.0000914875
       -0.0000000102   0.0002037724  -0.0004848114   0.0000301537   0.0178521561
       -0.0265171921  -0.0000000343  -0.0742712008  -0.1107289376   0.0000102923
        0.0188282553   0.0149783476  -0.0000029541   0.0034148119  -0.0025682089
        0.0000004536   0.0008311908   0.0004317769   0.0004976461   0.0008314215
        0.0004311385  -0.0004977455
       -0.0000115537  -0.0000178215   0.1240338970   0.0000015788   0.0000000962
       -0.0466077872   0.0000006728  -0.0000014834  -0.0053592855   0.0000007328
        0.0000005584  -0.0037858304   0.0000015581   0.0000010761  -0.0015908459
        0.0000028914   0.0000098813  -0.0465320458   0.0000003208   0.0000001643
        0.0068663225  -0.0000001051  -0.0000001056  -0.0005814975  -0.0000011746
       -0.0000002899   0.0000533049   0.0000000602   0.0000001819   0.0004328330
       -0.0001280842  -0.0000005611  -0.0000371761  -0.0000000180  -0.0000000251
        0.0000046600   0.0001281082   0.0000005168  -0.0000372187   0.0000000882
        0.0000005771   0.0074015632   0.0000000611  -0.0000000762   0.0010197352
        0.0003937563  -0.0002809329  -0.0001996996  -0.0000000207  -0.0000000217
       -0.0000104571  -0.0003937746   0.0002809430  -0.0001996843  -0.0000005413
        0.0000008527   0.0013361171   0.0000106453   0.0000081920  -0.0337332142
       -0.0000033202  -0.0000021136  -0.0040488281  -0.0000012878   0.0000007741
        0.0005394052  -0.0014828490  -0.0000118688   0.0005179763   0.0014822553
        0.0000114860   0.0005177557
       -0.1733591616   0.0684942440   0.0000015788   0.6910733568   0.0211252930
       -0.0000186580  -0.3245424369  -0.0222871175   0.0000102749  -0.0144978410
       -0.0771257589   0.0000028820  -0.0521259478   0.0143661434   0.0000005986
        0.0448944667   0.0487517499  -0.0000020401  -0.0003654509   0.0005819588
       -0.0000001337  -0.0000878115  -0.0020773261   0.0000002810   0.0046791070
       -0.0007926089  -0.0000012768  -0.0013239237   0.0003621422   0.0000002832
        0.0003764403   0.0003302500  -0.0002668667  -0.0001587713  -0.0000259305
        0.0000000579   0.0003766418   0.0003302696   0.0002670364  -0.0441964610
        0.0082561762   0.0000007964  -0.0003603001  -0.0016549138   0.0000001417
        0.0002482675   0.0002718208   0.0002629931  -0.0001180469  -0.0010335021
        0.0000000565   0.0002482002   0.0002719574  -0.0002631920  -0.0738660121
       -0.0854709343   0.0000037019  -0.0499267215   0.0266207320   0.0000016042
       -0.0043342407  -0.0010422589   0.0000003121  -0.0009342925   0.0012001789
       -0.0000002395  -0.0008494510   0.0002735858  -0.0003182938  -0.0008496099
        0.0002738492   0.0003181020
        0.1416466058  -0.2107454437   0.0000000962   0.0211252930   0.6518856229
       -0.0000133705  -0.0957433093  -0.1086497021   0.0000044025  -0.0302911312
        0.0052485913   0.0000004151   0.0201660695  -0.0032832256  -0.0000005558
       -0.0023170798  -0.0575156303   0.0000012743   0.0003413671   0.0007237436
        0.0000000624  -0.0015920276  -0.0051828122   0.0000003703  -0.0003776991
       -0.0052983342  -0.0000000041  -0.0018735394  -0.0014257964   0.0000000375
       -0.0001147071   0.0000350263  -0.0000716642  -0.0001511164  -0.0003985397
       -0.0000001392  -0.0001147243   0.0000351391   0.0000717150   0.0332420379
        0.0008770281  -0.0000007866   0.0022957861   0.0022788670  -0.0000003018
       -0.0000900176   0.0003813463   0.0002390748   0.0000740657  -0.0002075669
        0.0000000344  -0.0000898014   0.0003812254  -0.0002391186  -0.0860550023
       -0.2777815214   0.0000092415   0.0016773712   0.0097958485  -0.0000013571
       -0.0018982080  -0.0011376144   0.0000004807  -0.0005883438   0.0002445267
       -0.0000000196   0.0003641461  -0.0001304083   0.0000499026   0.0003639648
       -0.0001303701  -0.0000497897
        0.0000002549   0.0000007316  -0.0466077872  -0.0000186580  -0.0000133705
        0.0985596667   0.0000114441   0.0000027115  -0.0399049430   0.0000018299
        0.0000011147  -0.0021348025   0.0000001441  -0.0000000680  -0.0015490087
       -0.0000006097   0.0000002140   0.0010376577   0.0000000048  -0.0000000409
       -0.0000641185   0.0000002097   0.0000003978   0.0066924344  -0.0000015898
        0.0000002302   0.0040354773   0.0000005615   0.0000000500   0.0010810187
       -0.0001292267  -0.0001856490   0.0000249092   0.0000001196   0.0000001721
       -0.0000017235   0.0001292610   0.0001855205   0.0000248787   0.0000013415
        0.0000000208   0.0040736335  -0.0000004488  -0.0000004012  -0.0016952649
       -0.0003657301  -0.0002248585   0.0000923714  -0.0000000178   0.0000000505
        0.0003521191   0.0003658987   0.0002247459   0.0000922401   0.0000034684
        0.0000089281  -0.0289466413   0.0000020717  -0.0000007667   0.0038493856
       -0.0000002449   0.0000003219   0.0008723195  -0.0000000034  -0.0000000148
        0.0000835531   0.0001820330  -0.0001149234   0.0000163229  -0.0001821137
        0.0001148835   0.0000163019
       -0.0551613759   0.0586062165   0.0000006728  -0.3245424369  -0.0957433093
        0.0000114441   0.6800202900   0.0319094219  -0.0000179871  -0.0740257733
       -0.0226436587  -0.0000000251   0.0406448330   0.0049485066  -0.0000004595
       -0.0264122658  -0.0303844171   0.0000011505  -0.0024377325   0.0032535006
        0.0000002529   0.0001245252  -0.0011837112  -0.0000000188  -0.0448678837
       -0.0427486601   0.0000010764  -0.0047443006   0.0016214465   0.0000010865
       -0.0001054795  -0.0003779950   0.0001999493  -0.0005898081  -0.0015889721
       -0.0000003840  -0.0001051792  -0.0003773340  -0.0002002563  -0.1928744703
        0.0944613336   0.0000056879   0.0100089314   0.0092364706  -0.0000018356
        0.0007753047  -0.0017797396   0.0013421425  -0.0001990051  -0.0007219087
        0.0000002077   0.0007749479  -0.0017800437  -0.0013418307  -0.0092959467
       -0.0062846675  -0.0000001816   0.0043624567   0.0018654803  -0.0000014520
       -0.0020219989   0.0004581766   0.0000005780  -0.0000134184   0.0000698865
        0.0000000614   0.0003429307  -0.0004079967   0.0003436210   0.0003428551
       -0.0004080257  -0.0003435002
        0.0130820547   0.0528184773  -0.0000014834  -0.0222871175  -0.1086497021
        0.0000027115   0.0319094219   0.5952887026  -0.0000109937  -0.1020696046
       -0.2421874707   0.0000038890   0.0576553213  -0.0541172515  -0.0000000798
       -0.0377115608  -0.0290490821   0.0000016205   0.0021347616  -0.0016807594
        0.0000000263  -0.0005426742   0.0002940323  -0.0000000167  -0.0085390725
       -0.0116379223   0.0000022167   0.0003995525  -0.0025771275  -0.0000006233
       -0.0007701467  -0.0003171124   0.0002703679   0.0005188214  -0.0000291991
        0.0000000463  -0.0007704270  -0.0003171258  -0.0002705687   0.0688086456
       -0.1423601121   0.0000015429   0.0268151933  -0.0369963800  -0.0000002789
        0.0005254071   0.0019093721  -0.0013493045  -0.0009957213  -0.0070747301
        0.0000004718   0.0005256792   0.0019091882   0.0013489375  -0.0287381401
       -0.0082646649   0.0000010035  -0.0034265143  -0.0050038998   0.0000007819
        0.0026706473  -0.0024690568  -0.0000001690   0.0000018172  -0.0003067284
       -0.0000000089   0.0004018666   0.0004093054  -0.0000100123   0.0004017894
        0.0004092474   0.0000099236
        0.0000014362  -0.0000012902  -0.0053592855   0.0000102749   0.0000044025
       -0.0399049430  -0.0000179871  -0.0000109937   0.1211771205   0.0000013607
        0.0000039873  -0.0512570276  -0.0000015268   0.0000012836  -0.0026069419
        0.0000005373   0.0000005078  -0.0027224921   0.0000001718   0.0000001347
        0.0078744755   0.0000000194   0.0000000424   0.0005627884   0.0000020166
        0.0000011349   0.0023074659  -0.0000005484  -0.0000010432   0.0012832976
       -0.0001722220  -0.0001029200  -0.0000772927  -0.0000000842  -0.0000000414
        0.0001523357   0.0001720190   0.0001028092  -0.0000772406   0.0000071558
       -0.0000011408  -0.0339780656  -0.0000027410   0.0000017314  -0.0041108780
       -0.0007450278   0.0012910241   0.0005433280   0.0000000717   0.0000008345
        0.0005700991   0.0007446950  -0.0012907182   0.0005432939   0.0000011324
        0.0000003988  -0.0004687129  -0.0000011546  -0.0000003034   0.0039577292
        0.0000003620   0.0000001077   0.0015664066   0.0000000887  -0.0000000874
        0.0000273446   0.0002448760  -0.0001212529  -0.0000014188  -0.0002449255
        0.0001213922  -0.0000013865
       -0.0113874199   0.0024372750   0.0000007328  -0.0144978410  -0.0302911312
        0.0000018299  -0.0740257733  -0.1020696046   0.0000013607   0.6217059662
       -0.0498814672  -0.0000069231  -0.2032553025   0.1573571937  -0.0000001854
       -0.0481247828   0.0142080225   0.0000007901   0.0072764661  -0.0052488279
       -0.0000001162  -0.0039026749  -0.0014572167   0.0000000713  -0.2486957907
       -0.0153834470   0.0000073370  -0.0220563594  -0.0193163186  -0.0000045968
        0.0017033165   0.0017381832  -0.0017346393  -0.0013836885  -0.0029799338
       -0.0000000069   0.0017044400   0.0017373927   0.0017353082  -0.0109593395
        0.0430717716  -0.0000005560  -0.0050451177   0.0001650518   0.0000007192
        0.0003903446  -0.0000798269  -0.0000491929   0.0001439746   0.0014489148
       -0.0000002116   0.0003903261  -0.0000795973   0.0000489088  -0.0045903223
       -0.0010435681   0.0000003267   0.0161116729   0.0044435824  -0.0000004236
       -0.0018609854   0.0022929178  -0.0000003961   0.0002906930  -0.0001520016
       -0.0000000563   0.0000341050  -0.0004586332   0.0003950870   0.0000340927
       -0.0004587313  -0.0003951673
        0.0110007324  -0.0609085320   0.0000005584  -0.0771257589   0.0052485913
        0.0000011147  -0.0226436587  -0.2421874707   0.0000039873  -0.0498814672
        0.6484050992   0.0000020411   0.0790015837  -0.2311225206   0.0000022114
        0.0633289482   0.0452287923  -0.0000025013   0.0182053710  -0.0257804014
       -0.0000002675  -0.0021505793   0.0009151641   0.0000002161   0.0084956376
       -0.0807691698  -0.0000099272  -0.0369910261  -0.0040106592   0.0000021786
       -0.0002509082   0.0009915757  -0.0004422249  -0.0028571074  -0.0055400785
       -0.0000009996  -0.0002505992   0.0009926616   0.0004425275   0.0112732879
       -0.0509056521   0.0000002240   0.0015361279  -0.0014721550   0.0000002253
        0.0001608096  -0.0008186465   0.0003537701  -0.0005710639  -0.0007368872
        0.0000000846   0.0001607468  -0.0008186079  -0.0003536560   0.0002453650
        0.0010220425   0.0000001389   0.0005643118   0.0007991972   0.0000007001
       -0.0003978520   0.0014230848  -0.0000003293   0.0001783056   0.0001085111
       -0.0000000438  -0.0005156597  -0.0000319816  -0.0001833863  -0.0005155469
       -0.0000319572   0.0001833579
        0.0000001838   0.0000023570  -0.0037858304   0.0000028820   0.0000004151
       -0.0021348025  -0.0000000251   0.0000038890  -0.0512570276  -0.0000069231
        0.0000020411   0.1159276393   0.0000031239   0.0000000490  -0.0423658756
       -0.0000013858  -0.0000021197  -0.0017506026  -0.0000005183   0.0000007183
        0.0000133916   0.0000003731   0.0000001533   0.0064660400   0.0000131108
       -0.0000050163  -0.0314044195  -0.0000076405  -0.0000005608  -0.0040597190
        0.0013068929   0.0005325402   0.0005431026  -0.0000017795  -0.0000024677
        0.0005813336  -0.0013081833  -0.0005319149   0.0005436287   0.0000001427
       -0.0000005212   0.0027481818   0.0000002512   0.0000005006   0.0017710057
        0.0000821071  -0.0002940595  -0.0000661873   0.0000000077   0.0000000073
        0.0001512089  -0.0000821954   0.0002941198  -0.0000662120   0.0000003933
        0.0000002137   0.0077373748  -0.0000009795  -0.0000001861   0.0001490570
        0.0000001284  -0.0000001605   0.0003263487  -0.0000000024  -0.0000000352
       -0.0000018100   0.0000992734   0.0000397803  -0.0000329243  -0.0000992374
       -0.0000397427  -0.0000329019
       -0.0090646553  -0.0891058733   0.0000015581  -0.0521259478   0.0201660695
        0.0000001441   0.0406448330   0.0576553213  -0.0000015268  -0.2032553025
        0.0790015837   0.0000031239   0.6603677483  -0.0067842083  -0.0000141392
       -0.3126226620  -0.0112261242   0.0000075004  -0.0616235596  -0.0684853160
        0.0000026319  -0.0232091752  -0.0019556835   0.0000006797  -0.0405229480
        0.0270589403  -0.0000012971  -0.0002108768   0.0022017305   0.0000007800
        0.0002366843   0.0000160213  -0.0002917896   0.0003271726   0.0007233406
        0.0000003263   0.0002370815   0.0000162379   0.0002914773   0.0060084193
       -0.0089475323  -0.0000002158  -0.0002017535   0.0000387890  -0.0000000401
        0.0000050696  -0.0004946529   0.0002707753  -0.0001359335  -0.0002289782
        0.0000000328   0.0000050233  -0.0004946267  -0.0002707573  -0.0003726892
        0.0004287613   0.0000001608  -0.0029676737  -0.0006564056   0.0000010432
       -0.0005141090   0.0011157902  -0.0000003857   0.0001762930   0.0000771688
       -0.0000000170  -0.0005906378  -0.0000601637   0.0000074475  -0.0005904010
       -0.0000601898  -0.0000075128
       -0.0339490281  -0.0009707294   0.0000010761   0.0143661434  -0.0032832256
       -0.0000000680   0.0049485066  -0.0541172515   0.0000012836   0.1573571937
       -0.2311225206   0.0000000490  -0.0067842083   0.6743631842  -0.0000148621
       -0.0851728683  -0.0983516667   0.0000033755  -0.0682005631  -0.2885169301
        0.0000092355   0.0215706923   0.0030430109  -0.0000006987   0.0007089347
        0.0057219814  -0.0000001624  -0.0006761116   0.0016194056   0.0000002373
        0.0001315066   0.0003616500   0.0005125549  -0.0003527044  -0.0007176300
       -0.0000001182   0.0001318391   0.0003617139  -0.0005124336  -0.0061847725
       -0.0013382754   0.0000005418   0.0012464885  -0.0023752133  -0.0000001124
        0.0000932678   0.0002590009  -0.0002269704  -0.0000307253  -0.0003923494
        0.0000000330   0.0000932848   0.0002589675   0.0002269145   0.0002883297
        0.0007324728  -0.0000001205  -0.0000372035  -0.0063102983   0.0000001579
        0.0002196839   0.0008411275   0.0000000807   0.0000552938   0.0002091833
       -0.0000000277   0.0000885498  -0.0001378100  -0.0001280500   0.0000884704
       -0.0001377978   0.0001280844
        0.0000009968   0.0000020353  -0.0015908459   0.0000005986  -0.0000005558
       -0.0015490087  -0.0000004595  -0.0000000798  -0.0026069419  -0.0000001854
        0.0000022114  -0.0423658756  -0.0000141392  -0.0000148621   0.1045736226
        0.0000091477   0.0000021472  -0.0395167137   0.0000025392   0.0000090565
       -0.0300923111   0.0000000399  -0.0000000078  -0.0007952549   0.0000013307
       -0.0000024577   0.0027931848  -0.0000002860   0.0000014100  -0.0014871632
        0.0002543673  -0.0003738908   0.0000905026  -0.0000001099   0.0000000880
        0.0003170652  -0.0002540248   0.0003739805   0.0000907706  -0.0000004449
        0.0000005959   0.0040124257   0.0000001159  -0.0000000728   0.0013251532
        0.0000151553  -0.0002531193   0.0000161317  -0.0000000043  -0.0000000225
        0.0000049885  -0.0000151165   0.0002531532   0.0000161286   0.0000000024
       -0.0000000410  -0.0002467425   0.0000004005   0.0000004628   0.0066530242
        0.0000000029   0.0000000523   0.0006187045   0.0000000275  -0.0000000546
        0.0000151418   0.0003902051   0.0001815264  -0.0001379753  -0.0003901594
       -0.0001815553  -0.0001380110
       -0.1076950241  -0.0201385971   0.0000028914   0.0448944667  -0.0023170798
       -0.0000006097  -0.0264122658  -0.0377115608   0.0000005373  -0.0481247828
        0.0633289482  -0.0000013858  -0.3126226620  -0.0851728683   0.0000091477
        0.6534674355  -0.0089484218  -0.0000152104  -0.0110701364  -0.0046259463
        0.0000004861  -0.1530533970   0.1310913543   0.0000009472  -0.0083332115
        0.0012382076   0.0000015365   0.0006129254  -0.0005296802  -0.0000002307
       -0.0004453286  -0.0002278598   0.0001233709   0.0001761004  -0.0000757937
       -0.0000000876  -0.0004456694  -0.0002280354  -0.0001235307  -0.0055453524
        0.0055121552   0.0000003361   0.0001875465  -0.0005616030   0.0000000001
        0.0000495353   0.0003892799  -0.0001564201   0.0000197548  -0.0000742010
       -0.0000000095   0.0000495602   0.0003892395   0.0001563733  -0.0025062578
        0.0036393941   0.0000000118  -0.0253704071  -0.0416483740   0.0000012684
        0.0013225212  -0.0032979639   0.0000005908   0.0001789124  -0.0002034893
        0.0000001167   0.0003330169   0.0000864542  -0.0000708576   0.0003327196
        0.0000864411   0.0000707278
       -0.0971099750  -0.3117528636   0.0000098813   0.0487517499  -0.0575156303
        0.0000002140  -0.0303844171  -0.0290490821   0.0000005078   0.0142080225
        0.0452287923  -0.0000021197  -0.0112261242  -0.0983516667   0.0000021472
       -0.0089484218   0.6785115027  -0.0000131734  -0.0281636744  -0.0090024510
        0.0000010142   0.1306082637  -0.1976478393  -0.0000001768  -0.0034882770
       -0.0060196669   0.0000013010  -0.0002498754   0.0010025597  -0.0000003971
       -0.0001664030  -0.0003315126  -0.0000749881  -0.0001083617   0.0001444196
       -0.0000000178  -0.0001666479  -0.0003316645   0.0000748556  -0.0014676353
        0.0024140422   0.0000003784   0.0004108082  -0.0002051142  -0.0000001496
       -0.0000917168   0.0003193300  -0.0002561196   0.0000980393   0.0001123032
       -0.0000000106  -0.0000916789   0.0003193478   0.0002560720   0.0028746436
       -0.0028502093   0.0000001905  -0.0164927676  -0.0151481250   0.0000004425
        0.0007014036   0.0000475661   0.0000001716   0.0007161236  -0.0005919901
        0.0000001258  -0.0001065486   0.0003489526   0.0004820608  -0.0001065297
        0.0003489995  -0.0004822101
        0.0000037181   0.0000071003  -0.0465320458  -0.0000020401   0.0000012743
        0.0010376577   0.0000011505   0.0000016205  -0.0027224921   0.0000007901
       -0.0000025013  -0.0017506026   0.0000075004   0.0000033755  -0.0395167137
       -0.0000152104  -0.0000131734   0.1015025032   0.0000009337   0.0000002634
       -0.0001562129   0.0000007525  -0.0000002139  -0.0281233442   0.0000001458
       -0.0000000017   0.0067951487   0.0000000788   0.0000000010   0.0007064298
       -0.0004614440  -0.0000303803  -0.0001371010   0.0000000077   0.0000001368
        0.0000195537   0.0004615460   0.0000304238  -0.0001370063   0.0000002611
       -0.0000002708   0.0000509536   0.0000000002   0.0000000455   0.0000776558
        0.0000313411  -0.0000369172   0.0000126133   0.0000000032   0.0000000002
        0.0000097398  -0.0000313508   0.0000368773   0.0000125903   0.0000002255
        0.0000001561   0.0060388816   0.0000013665   0.0000027986   0.0039315979
        0.0000000769  -0.0000006405  -0.0015998390  -0.0000000606   0.0000000220
        0.0003070604  -0.0000216628  -0.0004071277   0.0000865447   0.0000218708
        0.0004071314   0.0000864271
       -0.0046626272  -0.0003847046   0.0000003208  -0.0003654509   0.0003413671
        0.0000000048  -0.0024377325   0.0021347616   0.0000001718   0.0072764661
        0.0182053710  -0.0000005183  -0.0616235596  -0.0682005631   0.0000025392
       -0.0110701364  -0.0281636744   0.0000009337   0.0785099481   0.0786059575
       -0.0000024668   0.0005507717  -0.0010393907  -0.0000000511   0.0008705889
       -0.0014858148  -0.0000002834  -0.0020603291   0.0006381410  -0.0000003528
       -0.0018216127  -0.0001880356   0.0012305767  -0.0000073883   0.0001698396
        0.0000001464  -0.0018208342  -0.0001874406  -0.0012310698   0.0001616010
        0.0010544243  -0.0000000252  -0.0001394493   0.0004110810   0.0000000312
       -0.0000153158  -0.0000130324   0.0000008467   0.0000193314   0.0000838738
       -0.0000000002  -0.0000153109  -0.0000130194  -0.0000008258  -0.0000504707
        0.0000485404  -0.0000000344  -0.0014554216  -0.0019833785  -0.0000000008
        0.0000702565  -0.0000185797   0.0000000058   0.0000032900   0.0000312636
        0.0000000414   0.0000417004  -0.0000234987  -0.0000018721   0.0000416852
       -0.0000234884   0.0000018824
       -0.0013162602   0.0014018002   0.0000001643   0.0005819588   0.0007237436
       -0.0000000409   0.0032535006  -0.0016807594   0.0000001347  -0.0052488279
       -0.0257804014   0.0000007183  -0.0684853160  -0.2885169301   0.0000090565
       -0.0046259463  -0.0090024510   0.0000002634   0.0786059575   0.3222766031
       -0.0000101128   0.0008381613   0.0010716775  -0.0000001066  -0.0017803200
        0.0001646769  -0.0000003300  -0.0009951665   0.0004900960  -0.0000001540
       -0.0000036936   0.0005473036  -0.0003619268  -0.0002868665   0.0003625958
        0.0000000894  -0.0000034759   0.0005470757   0.0003621481  -0.0003579652
       -0.0015897303   0.0000001007   0.0003093373  -0.0002505779  -0.0000000635
       -0.0000298002   0.0000190746  -0.0000006051  -0.0000046142  -0.0001219750
        0.0000000098  -0.0000298022   0.0000190488   0.0000006050   0.0000017065
        0.0000793349  -0.0000000203  -0.0005404943  -0.0007908074   0.0000000785
        0.0001205420  -0.0000372992   0.0000000038  -0.0000067857   0.0000365251
       -0.0000000106   0.0000020889   0.0000156807  -0.0000395896   0.0000020819
        0.0000156951   0.0000395877
        0.0000002596  -0.0000000585   0.0068663225  -0.0000001337   0.0000000624
       -0.0000641185   0.0000002529   0.0000000263   0.0078744755  -0.0000001162
       -0.0000002675   0.0000133916   0.0000026319   0.0000092355  -0.0300923111
        0.0000004861   0.0000010142  -0.0001562129  -0.0000024668  -0.0000101128
        0.0222379703  -0.0000000807  -0.0000000244  -0.0024500615   0.0000004505
       -0.0000000825  -0.0017901235  -0.0000005242  -0.0000000333  -0.0002432122
        0.0011702288   0.0002005307  -0.0001823713   0.0000000143  -0.0000000045
       -0.0001890855  -0.0011709955  -0.0002002607  -0.0001832003  -0.0000000408
        0.0000000157  -0.0001235734  -0.0000000175  -0.0000000089  -0.0003368924
        0.0000007389   0.0000637543  -0.0000050490   0.0000000051  -0.0000000021
       -0.0000211323  -0.0000007314  -0.0000637711  -0.0000050488  -0.0000000644
       -0.0000000590  -0.0012580094   0.0000001280   0.0000000384   0.0000646780
       -0.0000000044   0.0000000123   0.0000283402  -0.0000000048   0.0000000051
        0.0000160822  -0.0000175961  -0.0000090398  -0.0000004284   0.0000175805
        0.0000090301  -0.0000004299
        0.0060096232  -0.0031020836  -0.0000001051  -0.0000878115  -0.0015920276
        0.0000002097   0.0001245252  -0.0005426742   0.0000000194  -0.0039026749
       -0.0021505793   0.0000003731  -0.0232091752   0.0215706923   0.0000000399
       -0.1530533970   0.1306082637   0.0000007525   0.0005507717   0.0008381613
       -0.0000000807   0.1801701491  -0.1441686429  -0.0000011458  -0.0022920340
        0.0011933759   0.0000000242   0.0001000581   0.0000548211   0.0000000391
        0.0000312960   0.0000290689   0.0000174431   0.0000230133  -0.0000349778
        0.0000000024   0.0000313031   0.0000291036  -0.0000173772  -0.0000301374
       -0.0000796861  -0.0000000164   0.0000511593  -0.0000049336  -0.0000000123
        0.0000057748   0.0000037644  -0.0000172570  -0.0000006327   0.0000020123
        0.0000000020   0.0000057882   0.0000037698   0.0000172500   0.0001566553
       -0.0003490929   0.0000000193  -0.0004430861   0.0011119810  -0.0000002812
       -0.0016173823  -0.0016053093  -0.0000001546   0.0000088737  -0.0003004232
        0.0000001137  -0.0013162183  -0.0007574027  -0.0008797161  -0.0013164416
       -0.0007571809   0.0008798579
        0.0202808888  -0.0237443156  -0.0000001056  -0.0020773261  -0.0051828122
        0.0000003978  -0.0011837112   0.0002940323   0.0000000424  -0.0014572167
        0.0009151641   0.0000001533  -0.0019556835   0.0030430109  -0.0000000078
        0.1310913543  -0.1976478393  -0.0000002139  -0.0010393907   0.0010716775
       -0.0000000244  -0.1441686429   0.2202355274  -0.0000000846  -0.0001096445
        0.0000471730  -0.0000000247  -0.0000737376  -0.0000328193   0.0000000346
        0.0000051514   0.0000315942  -0.0000360935  -0.0000083153   0.0000199646
        0.0000000050   0.0000051467   0.0000315783   0.0000361393   0.0000128113
       -0.0001924924  -0.0000000273   0.0001849488   0.0000969873  -0.0000000189
       -0.0000493124   0.0000245860  -0.0000428178   0.0000537335   0.0000179721
       -0.0000000048  -0.0000492970   0.0000245917   0.0000428169   0.0010782086
       -0.0013150161  -0.0000000044   0.0012103160   0.0014408702  -0.0000000927
        0.0000272909   0.0001508955  -0.0000000141   0.0001160537   0.0003342261
       -0.0000000055  -0.0009468399   0.0001675287  -0.0008606163  -0.0009467862
        0.0001679149   0.0008605670
       -0.0000009448   0.0000005434  -0.0005814975   0.0000002810   0.0000003703
        0.0066924344  -0.0000000188  -0.0000000167   0.0005627884   0.0000000713
        0.0000002161   0.0064660400   0.0000006797  -0.0000006987  -0.0007952549
        0.0000009472  -0.0000001768  -0.0281233442  -0.0000000511  -0.0000001066
       -0.0024500615  -0.0000011458  -0.0000000846   0.0214901213   0.0000001493
        0.0000000453   0.0003874149   0.0000000331   0.0000000214  -0.0000260396
        0.0000209808   0.0000054345  -0.0000013048  -0.0000000140   0.0000000099
        0.0000119927  -0.0000209927  -0.0000054575  -0.0000013225   0.0000000101
       -0.0000000458  -0.0010822863  -0.0000000295   0.0000000185  -0.0003472509
       -0.0000777662   0.0000941944   0.0000233659   0.0000000096   0.0000000073
       -0.0000074633   0.0000777811  -0.0000942011   0.0000233709  -0.0000000328
        0.0000000520   0.0000043149   0.0000002347  -0.0000000367  -0.0015087638
       -0.0000002038  -0.0000000266  -0.0002029660  -0.0000000259   0.0000000747
       -0.0001738037  -0.0010693533  -0.0003337171  -0.0001804536   0.0010694008
        0.0003335805  -0.0001800307
        0.0127642269   0.0131493126  -0.0000011746   0.0046791070  -0.0003776991
       -0.0000015898  -0.0448678837  -0.0085390725   0.0000020166  -0.2486957907
        0.0084956376   0.0000131108  -0.0405229480   0.0007089347   0.0000013307
       -0.0083332115  -0.0034882770   0.0000001458   0.0008705889  -0.0017803200
        0.0000004505  -0.0022920340  -0.0001096445   0.0000001493   0.4114642622
        0.0740599385  -0.0000014668  -0.0752840484  -0.0348997696  -0.0000071210
        0.0043033758   0.0009800502   0.0042881963  -0.0184015379  -0.0353147152
       -0.0000088170   0.0043048910   0.0009901088  -0.0042864125   0.0151324747
       -0.0106186035  -0.0000000203   0.0013350483   0.0027367334  -0.0000002898
       -0.0004513987   0.0001249657  -0.0000610468   0.0001634135   0.0000715692
        0.0000000911  -0.0004513813   0.0001249062   0.0000613740  -0.0006270036
       -0.0000011878   0.0000000634  -0.0169398378  -0.0047437300   0.0000002439
        0.0017434060  -0.0026399729   0.0000005450  -0.0001939607  -0.0000039830
        0.0000001112   0.0001501212   0.0005373696  -0.0002107770   0.0001501207
        0.0005374489   0.0002108869
        0.0029701138   0.0023855201  -0.0000002899  -0.0007926089  -0.0052983342
        0.0000002302  -0.0427486601  -0.0116379223   0.0000011349  -0.0153834470
       -0.0807691698  -0.0000050163   0.0270589403   0.0057219814  -0.0000024577
        0.0012382076  -0.0060196669  -0.0000000017  -0.0014858148   0.0001646769
       -0.0000000825   0.0011933759   0.0000471730   0.0000000453   0.0740599385
        0.3821171274   0.0000614821  -0.0183471034  -0.2042474564  -0.0000376887
       -0.0077871910  -0.0387602525   0.0104027006  -0.0080161141  -0.0049426676
       -0.0000022591  -0.0077816289  -0.0387483247  -0.0104182946   0.0002886248
        0.0000109432  -0.0000002111   0.0001246640   0.0013187346   0.0000001896
       -0.0000955059   0.0001670276  -0.0000151106   0.0001091650   0.0002159209
        0.0000000698  -0.0000955280   0.0001670315   0.0000152343  -0.0015673268
       -0.0005675826   0.0000001397  -0.0033101592  -0.0012062563   0.0000002232
        0.0003375055  -0.0002137772   0.0000000303   0.0000022538   0.0000268162
       -0.0000000331   0.0000141451   0.0000342071  -0.0000798017   0.0000141536
        0.0000342507   0.0000797670
        0.0000002590  -0.0000018307   0.0000533049  -0.0000012768  -0.0000000041
        0.0040354773   0.0000010764   0.0000022167   0.0023074659   0.0000073370
       -0.0000099272  -0.0314044195  -0.0000012971  -0.0000001624   0.0027931848
        0.0000015365   0.0000013010   0.0067951487  -0.0000002834  -0.0000003300
       -0.0017901235   0.0000000242  -0.0000000247   0.0003874149  -0.0000014668
        0.0000614821   0.0583696436  -0.0000027499  -0.0000333519  -0.0448002700
        0.0093114586   0.0259709629   0.0024879562  -0.0000025304  -0.0000043724
        0.0008137443  -0.0093117069  -0.0259856740   0.0024700969  -0.0000003873
       -0.0000002816  -0.0013788810  -0.0000000376  -0.0000001041  -0.0002955259
       -0.0000964667   0.0000380198   0.0000944066   0.0000000086  -0.0000000035
       -0.0000412873   0.0000965033  -0.0000379339   0.0000943358  -0.0000001856
       -0.0000001209   0.0000342893   0.0000003246   0.0000000383  -0.0007481128
       -0.0000002039   0.0000002874  -0.0003251063   0.0000000693  -0.0000000818
       -0.0000066439  -0.0001100255  -0.0000352029   0.0000269633   0.0001100203
        0.0000350979   0.0000269376
       -0.0007364919  -0.0010015496   0.0000000602  -0.0013239237  -0.0018735394
        0.0000005615  -0.0047443006   0.0003995525  -0.0000005484  -0.0220563594
       -0.0369910261  -0.0000076405  -0.0002108768  -0.0006761116  -0.0000002860
        0.0006129254  -0.0002498754   0.0000000788  -0.0020603291  -0.0009951665
       -0.0000005242   0.0001000581  -0.0000737376   0.0000000331  -0.0752840484
       -0.0183471034  -0.0000027499   0.5158098439  -0.0411505557  -0.0000114205
       -0.0652586497   0.0329274578  -0.0577960685  -0.2797251835   0.0341208117
       -0.0000296681  -0.0652942664   0.0329323299   0.0578484246  -0.0001325603
        0.0008324449  -0.0000001133   0.0000947194   0.0000985461  -0.0000000073
        0.0000232947   0.0000176263  -0.0000505302  -0.0000070715  -0.0000337565
       -0.0000000092   0.0000233041   0.0000176596   0.0000504873  -0.0004859330
       -0.0001045374   0.0000000138   0.0007112480   0.0001161956  -0.0000001119
        0.0000075368   0.0000644632  -0.0000000160  -0.0000168871   0.0000124048
        0.0000000261  -0.0000230263  -0.0000212590   0.0000074777  -0.0000230228
       -0.0000212744  -0.0000074690
       -0.0026858692  -0.0010994036   0.0000001819   0.0003621422  -0.0014257964
        0.0000000500   0.0016214465  -0.0025771275  -0.0000010432  -0.0193163186
       -0.0040106592  -0.0000005608   0.0022017305   0.0016194056   0.0000014100
       -0.0005296802   0.0010025597   0.0000000010   0.0006381410   0.0004900960
       -0.0000000333   0.0000548211  -0.0000328193   0.0000000214  -0.0348997696
       -0.2042474564  -0.0000333519  -0.0411505557   0.4128705148  -0.0000195084
        0.0331511687  -0.0823174683   0.0824731866   0.0272125122  -0.0415629638
        0.0000051328   0.0331574586  -0.0822606423  -0.0824253126  -0.0020551326
        0.0028486217   0.0000001349  -0.0002571814  -0.0002740845  -0.0000000898
        0.0000805368  -0.0000941054  -0.0001136563  -0.0000464294  -0.0000573947
       -0.0000000851   0.0000805554  -0.0000940391   0.0001135287  -0.0002370095
        0.0000957237   0.0000000382   0.0028893557   0.0010482032  -0.0000001988
       -0.0001895665   0.0001253565   0.0000000737  -0.0000191117   0.0000216515
       -0.0000000372  -0.0000316230  -0.0000340682   0.0000645357  -0.0000316212
       -0.0000341041  -0.0000644175
       -0.0000006869   0.0000003790   0.0004328330   0.0000002832   0.0000000375
        0.0010810187   0.0000010865  -0.0000006233   0.0012832976  -0.0000045968
        0.0000021786  -0.0040597190   0.0000007800   0.0000002373  -0.0014871632
       -0.0000002307  -0.0000003971   0.0007064298  -0.0000003528  -0.0000001540
       -0.0002432122   0.0000000391   0.0000000346  -0.0000260396  -0.0000071210
       -0.0000376887  -0.0448002700  -0.0000114205  -0.0000195084   0.4844104399
       -0.0586366906   0.0825059035  -0.1964284088  -0.0000307423   0.0000054421
       -0.0436596042   0.0586892670  -0.0824564596  -0.1964509925  -0.0000002220
        0.0000003254  -0.0002639555  -0.0000000316   0.0000000139   0.0000923806
        0.0000342290   0.0000057430  -0.0000254315  -0.0000000437  -0.0000000134
        0.0000109839  -0.0000342465  -0.0000058046  -0.0000253592   0.0000000999
        0.0000000885  -0.0002140267   0.0000005714   0.0000003496  -0.0003471141
        0.0000000508  -0.0000000934  -0.0000013089  -0.0000000176  -0.0000000380
        0.0000065830  -0.0000053313   0.0000005119   0.0000043301   0.0000053276
       -0.0000004642   0.0000043088
       -0.0003023923   0.0002205816  -0.0001280842   0.0003764403  -0.0001147071
       -0.0001292267  -0.0001054795  -0.0007701467  -0.0001722220   0.0017033165
       -0.0002509082   0.0013068929   0.0002366843   0.0001315066   0.0002543673
       -0.0004453286  -0.0001664030  -0.0004614440  -0.0018216127  -0.0000036936
        0.0011702288   0.0000312960   0.0000051514   0.0000209808   0.0043033758
       -0.0077871910   0.0093114586  -0.0652586497   0.0331511687  -0.0586366906
        0.0716198971  -0.0361739906   0.0652899730  -0.0133605157   0.0144106015
       -0.0269445003   0.0030245049  -0.0031580052   0.0088954261  -0.0002781374
        0.0004080574   0.0000919663  -0.0000635346  -0.0001111346  -0.0000241544
        0.0000083767   0.0000081954  -0.0000037232  -0.0000056778   0.0000176960
       -0.0000071028   0.0000234417   0.0000083075   0.0000165665   0.0000157845
        0.0000302404   0.0000225271   0.0003353883   0.0001272281   0.0001204894
       -0.0000387195   0.0000279642   0.0000062932   0.0000116365   0.0000065760
       -0.0000000705  -0.0000051705  -0.0000088153   0.0000008552  -0.0000049242
       -0.0000082798  -0.0000008066
        0.0002464538   0.0005524370  -0.0000005611   0.0003302500   0.0000350263
       -0.0001856490  -0.0003779950  -0.0003171124  -0.0001029200   0.0017381832
        0.0009915757   0.0005325402   0.0000160213   0.0003616500  -0.0003738908
       -0.0002278598  -0.0003315126  -0.0000303803  -0.0001880356   0.0005473036
        0.0002005307   0.0000290689   0.0000315942   0.0000054345   0.0009800502
       -0.0387602525   0.0259709629   0.0329274578  -0.0823174683   0.0825059035
       -0.0361739906   0.1139494714  -0.1032302435   0.0040762940  -0.0012390635
        0.0048395289  -0.0031517910   0.0067674012  -0.0101792191   0.0001863540
       -0.0000399334  -0.0000288348  -0.0000462632  -0.0000176376   0.0000205073
       -0.0000282351  -0.0000272662   0.0000178076   0.0000077917  -0.0000023362
        0.0000008239  -0.0000332381  -0.0000167071  -0.0000264914   0.0000139328
       -0.0000150819   0.0000365390  -0.0003569900  -0.0001522066   0.0000158819
        0.0000298615  -0.0000219287   0.0000005081  -0.0000083186  -0.0000055092
        0.0000034001   0.0000048631   0.0000135784  -0.0000089042   0.0000061346
        0.0000139784   0.0000167255
       -0.0002848730  -0.0004316838  -0.0000371761  -0.0002668667  -0.0000716642
        0.0000249092   0.0001999493   0.0002703679  -0.0000772927  -0.0017346393
       -0.0004422249   0.0005431026  -0.0002917896   0.0005125549   0.0000905026
        0.0001233709  -0.0000749881  -0.0001371010   0.0012305767  -0.0003619268
       -0.0001823713   0.0000174431  -0.0000360935  -0.0000013048   0.0042881963
        0.0104027006   0.0024879562  -0.0577960685   0.0824731866  -0.1964284088
        0.0652899730  -0.1032302435   0.2242190371  -0.0021500932   0.0009133252
       -0.0017556537  -0.0088867508   0.0101906004  -0.0288236929   0.0000590791
       -0.0000553153   0.0001037040  -0.0000257314  -0.0001210436  -0.0000318111
        0.0000114041   0.0000134514  -0.0000177829  -0.0000023726  -0.0000007861
       -0.0000144768   0.0000249006   0.0000104382   0.0000168741  -0.0000023626
       -0.0000030748  -0.0000100688   0.0002332724   0.0000111356   0.0000303949
       -0.0000399103   0.0000634256   0.0000047625   0.0000017747  -0.0000068023
       -0.0000021577  -0.0000003875  -0.0000078367   0.0000197322   0.0000019053
       -0.0000175029  -0.0000216768
        0.0002252018  -0.0000642477  -0.0000000180  -0.0001587713  -0.0001511164
        0.0000001196  -0.0005898081   0.0005188214  -0.0000000842  -0.0013836885
       -0.0028571074  -0.0000017795   0.0003271726  -0.0003527044  -0.0000001099
        0.0001761004  -0.0001083617   0.0000000077  -0.0000073883  -0.0002868665
        0.0000000143   0.0000230133  -0.0000083153  -0.0000000140  -0.0184015379
       -0.0080161141  -0.0000025304  -0.2797251835   0.0272125122  -0.0000307423
       -0.0133605157   0.0040762940  -0.0021500932   0.3262963988  -0.0238450074
        0.0000377529  -0.0133684534   0.0040764765   0.0021475027   0.0001263043
       -0.0000779004  -0.0000000124   0.0000108629  -0.0000121293   0.0000000020
       -0.0000163318   0.0000022292  -0.0000003233   0.0000152810  -0.0000175843
        0.0000000099  -0.0000163176   0.0000022277   0.0000003446  -0.0000569237
       -0.0000304209   0.0000000015  -0.0001113510  -0.0000688096  -0.0000000054
       -0.0000126782  -0.0000014705  -0.0000000321  -0.0000059570  -0.0000146156
        0.0000000232   0.0000072868   0.0000121039  -0.0000007447   0.0000072839
        0.0000121066   0.0000007109
        0.0002008362   0.0001142705  -0.0000000251  -0.0000259305  -0.0003985397
        0.0000001721  -0.0015889721  -0.0000291991  -0.0000000414  -0.0029799338
       -0.0055400785  -0.0000024677   0.0007233406  -0.0007176300   0.0000000880
       -0.0000757937   0.0001444196   0.0000001368   0.0001698396   0.0003625958
       -0.0000000045  -0.0000349778   0.0000199646   0.0000000099  -0.0353147152
       -0.0049426676  -0.0000043724   0.0341208117  -0.0415629638   0.0000054421
        0.0144106015  -0.0012390635   0.0009133252  -0.0238450074   0.0548205387
       -0.0000037300   0.0144014290  -0.0012371024  -0.0009083508   0.0000473782
        0.0002692784  -0.0000000337  -0.0000227257  -0.0000866141   0.0000000024
       -0.0000099599   0.0000068430  -0.0000001385   0.0000023585  -0.0000002394
       -0.0000000102  -0.0000099485   0.0000068465   0.0000001161  -0.0001230115
       -0.0000294258  -0.0000000057  -0.0000261983   0.0000047359   0.0000000711
       -0.0000308571   0.0000282189  -0.0000000373   0.0000083221   0.0000013838
       -0.0000001080   0.0000015610   0.0000022165  -0.0000072334   0.0000015535
        0.0000022116   0.0000071950
        0.0000001107   0.0000000917   0.0000046600   0.0000000579  -0.0000001392
       -0.0000017235  -0.0000003840   0.0000000463   0.0001523357  -0.0000000069
       -0.0000009996   0.0005813336   0.0000003263  -0.0000001182   0.0003170652
       -0.0000000876  -0.0000000178   0.0000195537   0.0000001464   0.0000000894
       -0.0001890855   0.0000000024   0.0000000050   0.0000119927  -0.0000088170
       -0.0000022591   0.0008137443  -0.0000296681   0.0000051328  -0.0436596042
       -0.0269445003   0.0048395289  -0.0017556537   0.0000377529  -0.0000037300
        0.0455028069   0.0269451445  -0.0048375181  -0.0017481403   0.0000000234
       -0.0000000113  -0.0000308547   0.0000000273  -0.0000000032   0.0000119854
        0.0000084024   0.0000006924  -0.0000067436   0.0000000152   0.0000000132
        0.0000094874  -0.0000083794  -0.0000006805  -0.0000067519  -0.0000000229
       -0.0000000005  -0.0000138150  -0.0000001534   0.0000000786  -0.0000118348
       -0.0000000133  -0.0000000136   0.0000049891   0.0000000373  -0.0000001381
        0.0000006417   0.0000005393   0.0000032886  -0.0000031892  -0.0000005533
       -0.0000033377  -0.0000031993
       -0.0003025545   0.0002207193   0.0001281082   0.0003766418  -0.0001147243
        0.0001292610  -0.0001051792  -0.0007704270   0.0001720190   0.0017044400
       -0.0002505992  -0.0013081833   0.0002370815   0.0001318391  -0.0002540248
       -0.0004456694  -0.0001666479   0.0004615460  -0.0018208342  -0.0000034759
       -0.0011709955   0.0000313031   0.0000051467  -0.0000209927   0.0043048910
       -0.0077816289  -0.0093117069  -0.0652942664   0.0331574586   0.0586892670
        0.0030245049  -0.0031517910  -0.0088867508  -0.0133684534   0.0144014290
        0.0269451445   0.0716596201  -0.0361834119  -0.0653498958  -0.0002782437
        0.0004081054  -0.0000920261  -0.0000635436  -0.0001111518   0.0000242011
        0.0000234522   0.0000083129  -0.0000165639  -0.0000056813   0.0000177017
        0.0000071152   0.0000083823   0.0000081936   0.0000037379   0.0000158215
        0.0000302590  -0.0000224802   0.0003354838   0.0001271888  -0.0001206235
       -0.0000387215   0.0000279609  -0.0000062988   0.0000116184   0.0000066368
        0.0000001831  -0.0000049255  -0.0000082826   0.0000008119  -0.0000051679
       -0.0000088111  -0.0000008523
        0.0002462913   0.0005524232   0.0000005168   0.0003302696   0.0000351391
        0.0001855205  -0.0003773340  -0.0003171258   0.0001028092   0.0017373927
        0.0009926616  -0.0005319149   0.0000162379   0.0003617139   0.0003739805
       -0.0002280354  -0.0003316645   0.0000304238  -0.0001874406   0.0005470757
       -0.0002002607   0.0000291036   0.0000315783  -0.0000054575   0.0009901088
       -0.0387483247  -0.0259856740   0.0329323299  -0.0822606423  -0.0824564596
       -0.0031580052   0.0067674012   0.0101906004   0.0040764765  -0.0012371024
       -0.0048375181  -0.0361834119   0.1138779169   0.1031811121   0.0001863304
       -0.0000399912   0.0000288650  -0.0000462690  -0.0000176458  -0.0000205002
       -0.0000332350  -0.0000167033   0.0000265170   0.0000077796  -0.0000023414
       -0.0000008041  -0.0000282374  -0.0000272717  -0.0000177646   0.0000139876
       -0.0000150537  -0.0000364964  -0.0003568943  -0.0001521778  -0.0000156781
        0.0000298659  -0.0000219188  -0.0000005013  -0.0000083152  -0.0000055201
       -0.0000034900   0.0000061367   0.0000139733  -0.0000167218   0.0000048674
        0.0000136002   0.0000088960
        0.0002849488   0.0004318660  -0.0000372187   0.0002670364   0.0000717150
        0.0000248787  -0.0002002563  -0.0002705687  -0.0000772406   0.0017353082
        0.0004425275   0.0005436287   0.0002914773  -0.0005124336   0.0000907706
       -0.0001235307   0.0000748556  -0.0001370063  -0.0012310698   0.0003621481
       -0.0001832003  -0.0000173772   0.0000361393  -0.0000013225  -0.0042864125
       -0.0104182946   0.0024700969   0.0578484246  -0.0824253126  -0.1964509925
        0.0088954261  -0.0101792191  -0.0288236929   0.0021475027  -0.0009083508
       -0.0017481403  -0.0653498958   0.1031811121   0.2242519479  -0.0000589544
        0.0000552543   0.0001037228   0.0000257214   0.0001210474  -0.0000318130
       -0.0000249020  -0.0000104310   0.0000169065   0.0000023816   0.0000007923
       -0.0000144419  -0.0000114110  -0.0000134678  -0.0000177684   0.0000023770
        0.0000030855  -0.0000100647  -0.0002334407  -0.0000109941   0.0000303754
        0.0000399266  -0.0000634566   0.0000047594  -0.0000017427   0.0000066753
       -0.0000021790  -0.0000019093   0.0000174803  -0.0000217112   0.0000003718
        0.0000078304   0.0000197054
       -0.0004017175  -0.0006924521   0.0000000882  -0.0441964610   0.0332420379
        0.0000013415  -0.1928744703   0.0688086456   0.0000071558  -0.0109593395
        0.0112732879   0.0000001427   0.0060084193  -0.0061847725  -0.0000004449
       -0.0055453524  -0.0014676353   0.0000002611   0.0001616010  -0.0003579652
       -0.0000000408  -0.0000301374   0.0000128113   0.0000000101   0.0151324747
        0.0002886248  -0.0000003873  -0.0001325603  -0.0020551326  -0.0000002220
       -0.0002781374   0.0001863540   0.0000590791   0.0001263043   0.0000473782
        0.0000000234  -0.0002782437   0.0001863304  -0.0000589544   0.3360920922
       -0.0428113746  -0.0000168465  -0.0923090176  -0.0428149461   0.0000063356
       -0.0064995518  -0.0231804622   0.0022834814   0.0063384069   0.0273204831
       -0.0000026031  -0.0065002423  -0.0231836357  -0.0022788546   0.0024186357
        0.0005881145   0.0000000990  -0.0061354513   0.0015125954   0.0000006270
       -0.0001165130  -0.0012285531  -0.0000001785  -0.0003121436   0.0000360547
       -0.0000000915   0.0001457310   0.0002370904  -0.0000444528   0.0001456738
        0.0002371210   0.0000444316
       -0.0069577207  -0.0043797049   0.0000005771   0.0082561762   0.0008770281
        0.0000000208   0.0944613336  -0.1423601121  -0.0000011408   0.0430717716
       -0.0509056521  -0.0000005212  -0.0089475323  -0.0013382754   0.0000005959
        0.0055121552   0.0024140422  -0.0000002708   0.0010544243  -0.0015897303
        0.0000000157  -0.0000796861  -0.0001924924  -0.0000000458  -0.0106186035
        0.0000109432  -0.0000002816   0.0008324449   0.0028486217   0.0000003254
        0.0004080574  -0.0000399334  -0.0000553153  -0.0000779004   0.0002692784
       -0.0000000113   0.0004081054  -0.0000399912   0.0000552543  -0.0428113746
        0.4655955369  -0.0000224824  -0.0597811530  -0.1862093053   0.0000150450
       -0.0144388926  -0.0277113164   0.0107070144   0.0000074436  -0.0294245743
        0.0000024515  -0.0144413330  -0.0277168205  -0.0107008193   0.0000250064
       -0.0012552240  -0.0000001308   0.0050895027   0.0002259092  -0.0000005370
       -0.0008505108   0.0014985229   0.0000001729   0.0001457683   0.0000470662
        0.0000000212  -0.0001337565  -0.0003119187   0.0000085704  -0.0001337262
       -0.0003118979  -0.0000085083
       -0.0000000888  -0.0000003540   0.0074015632   0.0000007964  -0.0000007866
        0.0040736335   0.0000056879   0.0000015429  -0.0339780656  -0.0000005560
        0.0000002240   0.0027481818  -0.0000002158   0.0000005418   0.0040124257
        0.0000003361   0.0000003784   0.0000509536  -0.0000000252   0.0000001007
       -0.0001235734  -0.0000000164  -0.0000000273  -0.0010822863  -0.0000000203
       -0.0000002111  -0.0013788810  -0.0000001133   0.0000001349  -0.0002639555
        0.0000919663  -0.0000288348   0.0001037040  -0.0000000124  -0.0000000337
       -0.0000308547  -0.0000920261   0.0000288650   0.0001037228  -0.0000168465
       -0.0000224824   0.0597799765   0.0000074191   0.0000130728  -0.0451567152
        0.0070857751   0.0266028524   0.0023762001  -0.0000002803   0.0000006265
        0.0009008289  -0.0070822309  -0.0265957819   0.0023834959  -0.0000001801
        0.0000000829  -0.0019844636   0.0000005403   0.0000002077   0.0003050124
        0.0000000560  -0.0000000278  -0.0002271899   0.0000000353  -0.0000000795
       -0.0000411959  -0.0000264253   0.0000118698   0.0000137386   0.0000264250
       -0.0000118805   0.0000137443
        0.0014465909   0.0000509498   0.0000000611  -0.0003603001   0.0022957861
       -0.0000004488   0.0100089314   0.0268151933  -0.0000027410  -0.0050451177
        0.0015361279   0.0000002512  -0.0002017535   0.0012464885   0.0000001159
        0.0001875465   0.0004108082   0.0000000002  -0.0001394493   0.0003093373
       -0.0000000175   0.0000511593   0.0001849488  -0.0000000295   0.0013350483
        0.0001246640  -0.0000000376   0.0000947194  -0.0002571814  -0.0000000316
       -0.0000635346  -0.0000462632  -0.0000257314   0.0000108629  -0.0000227257
        0.0000000273  -0.0000635436  -0.0000462690   0.0000257214  -0.0923090176
       -0.0597811530   0.0000074191   0.5223451003  -0.0335273158  -0.0000001601
       -0.1024629386  -0.0194727920   0.0954213963  -0.2311499694   0.0977234285
        0.0000017576  -0.1024822781  -0.0194923360  -0.0954274609  -0.0010608345
        0.0020233278  -0.0000000938  -0.0003046820   0.0000981559   0.0000000299
        0.0002047983  -0.0003088437   0.0000000549  -0.0000136328   0.0000018682
       -0.0000000654  -0.0000138479   0.0000668977  -0.0000105376  -0.0000138575
        0.0000668979   0.0000105205
        0.0018392300  -0.0001992579  -0.0000000762  -0.0016549138   0.0022788670
       -0.0000004012   0.0092364706  -0.0369963800   0.0000017314   0.0001650518
       -0.0014721550   0.0000005006   0.0000387890  -0.0023752133  -0.0000000728
       -0.0005616030  -0.0002051142   0.0000000455   0.0004110810  -0.0002505779
       -0.0000000089  -0.0000049336   0.0000969873   0.0000000185   0.0027367334
        0.0013187346  -0.0000001041   0.0000985461  -0.0002740845   0.0000000139
       -0.0001111346  -0.0000176376  -0.0001210436  -0.0000121293  -0.0000866141
       -0.0000000032  -0.0001111518  -0.0000176458   0.0001210474  -0.0428149461
       -0.1862093053   0.0000130728  -0.0335273158   0.4074907973   0.0000096540
       -0.0198708431  -0.0458686850   0.0349589814   0.1047139810  -0.0905525851
       -0.0000015864  -0.0198903795  -0.0458801810  -0.0349818780   0.0004605659
       -0.0005560602   0.0000000880  -0.0012404903  -0.0000968445  -0.0000000221
        0.0000456205  -0.0002399839   0.0000000790  -0.0000016089  -0.0000206609
       -0.0000000291   0.0000276930   0.0000668038  -0.0000067101   0.0000276875
        0.0000667963   0.0000067031
        0.0000002064   0.0000002932   0.0010197352   0.0000001417  -0.0000003018
       -0.0016952649  -0.0000018356  -0.0000002789  -0.0041108780   0.0000007192
        0.0000002253   0.0017710057  -0.0000000401  -0.0000001124   0.0013251532
        0.0000000001  -0.0000001496   0.0000776558   0.0000000312  -0.0000000635
       -0.0003368924  -0.0000000123  -0.0000000189  -0.0003472509  -0.0000002898
        0.0000001896  -0.0002955259  -0.0000000073  -0.0000000898   0.0000923806
       -0.0000241544   0.0000205073  -0.0000318111   0.0000000020   0.0000000024
        0.0000119854   0.0000242011  -0.0000205002  -0.0000318130   0.0000063356
        0.0000150450  -0.0451567152  -0.0000001601   0.0000096540   0.4860872576
        0.0961488060   0.0341862607  -0.1971946665   0.0000012385  -0.0000011081
       -0.0436467977  -0.0961549746  -0.0342094632  -0.1971631595  -0.0000000294
       -0.0000000011  -0.0003121103  -0.0000001642  -0.0000000916  -0.0000822085
       -0.0000000326   0.0000000623   0.0000195218   0.0000000138  -0.0000000769
        0.0000136800   0.0000137375  -0.0000028196  -0.0000066328  -0.0000137327
        0.0000028359  -0.0000066485
       -0.0003861518   0.0002038137   0.0003937563   0.0002482675  -0.0000900176
       -0.0003657301   0.0007753047   0.0005254071  -0.0007450278   0.0003903446
        0.0001608096   0.0000821071   0.0000050696   0.0000932678   0.0000151553
        0.0000495353  -0.0000917168   0.0000313411  -0.0000153158  -0.0000298002
        0.0000007389   0.0000057748  -0.0000493124  -0.0000777662  -0.0004513987
       -0.0000955059  -0.0000964667   0.0000232947   0.0000805368   0.0000342290
        0.0000083767  -0.0000282351   0.0000114041  -0.0000163318  -0.0000099599
        0.0000084024   0.0000234522  -0.0000332350  -0.0000249020  -0.0064995518
       -0.0144388926   0.0070857751  -0.1024629386  -0.0198708431   0.0961488060
        0.1197894746   0.0324660170  -0.1133100799  -0.0179662434  -0.0026831740
        0.0247745135   0.0072725278   0.0028454345  -0.0131045335  -0.0009746223
        0.0010357088  -0.0008791982   0.0002506051  -0.0000542308   0.0000312032
       -0.0000914249   0.0001182111  -0.0000191113   0.0000074896   0.0000001734
       -0.0000015400   0.0000077440  -0.0000321794   0.0000136961   0.0000067179
       -0.0000222768  -0.0000067723
        0.0000871329  -0.0004849205  -0.0002809329   0.0002718208   0.0003813463
       -0.0002248585  -0.0017797396   0.0019093721   0.0012910241  -0.0000798269
       -0.0008186465  -0.0002940595  -0.0004946529   0.0002590009  -0.0002531193
        0.0003892799   0.0003193300  -0.0000369172  -0.0000130324   0.0000190746
        0.0000637543   0.0000037644   0.0000245860   0.0000941944   0.0001249657
        0.0001670276   0.0000380198   0.0000176263  -0.0000941054   0.0000057430
        0.0000081954  -0.0000272662   0.0000134514   0.0000022292   0.0000068430
        0.0000006924   0.0000083129  -0.0000167033  -0.0000104310  -0.0231804622
       -0.0277113164   0.0266028524  -0.0194727920  -0.0458686850   0.0341862607
        0.0324660170   0.0660470709  -0.0473570546   0.0076203032   0.0035038389
       -0.0114044895   0.0028472689   0.0026062509  -0.0032964908   0.0012163243
       -0.0003140062   0.0008620759  -0.0000155689   0.0000517191  -0.0000085715
       -0.0000004106   0.0000228287   0.0000063982  -0.0000074153   0.0000145167
        0.0000009473  -0.0000084027   0.0000013055  -0.0000023513  -0.0000109372
        0.0000015382   0.0000038623
        0.0000629617  -0.0000301604  -0.0001996996   0.0002629931   0.0002390748
        0.0000923714   0.0013421425  -0.0013493045   0.0005433280  -0.0000491929
        0.0003537701  -0.0000661873   0.0002707753  -0.0002269704   0.0000161317
       -0.0001564201  -0.0002561196   0.0000126133   0.0000008467  -0.0000006051
       -0.0000050490  -0.0000172570  -0.0000428178   0.0000233659  -0.0000610468
       -0.0000151106   0.0000944066  -0.0000505302  -0.0001136563  -0.0000254315
       -0.0000037232   0.0000178076  -0.0000177829  -0.0000003233  -0.0000001385
       -0.0000067436  -0.0000165639   0.0000265170   0.0000169065   0.0022834814
        0.0107070144   0.0023762001   0.0954213963   0.0349589814  -0.1971946665
       -0.1133100799  -0.0473570546   0.2248754058   0.0022462624  -0.0004911602
       -0.0016996589   0.0131003297   0.0032909888  -0.0286804876  -0.0011881719
        0.0004227728  -0.0001761224  -0.0001656686  -0.0000905820   0.0000214258
        0.0000036425  -0.0000219410   0.0000002369  -0.0000053110  -0.0000117891
       -0.0000013961   0.0000147595  -0.0000065858  -0.0000008760   0.0000146979
       -0.0000029311   0.0000017094
        0.0003042393  -0.0000112308  -0.0000000207  -0.0001180469   0.0000740657
       -0.0000000178  -0.0001990051  -0.0009957213   0.0000000717   0.0001439746
       -0.0005710639   0.0000000077  -0.0001359335  -0.0000307253  -0.0000000043
        0.0000197548   0.0000980393   0.0000000032   0.0000193314  -0.0000046142
        0.0000000051  -0.0000006327   0.0000537335   0.0000000096   0.0001634135
        0.0001091650   0.0000000086  -0.0000070715  -0.0000464294  -0.0000000437
       -0.0000056778   0.0000077917  -0.0000023726   0.0000152810   0.0000023585
        0.0000000152  -0.0000056813   0.0000077796   0.0000023816   0.0063384069
        0.0000074436  -0.0000002803  -0.2311499694   0.1047139810   0.0000012385
       -0.0179662434   0.0076203032   0.0022462624   0.2603524070  -0.1191214366
       -0.0000012740  -0.0179692668   0.0076211360  -0.0022459884   0.0001630884
        0.0004098408  -0.0000000244   0.0000595835  -0.0000110143   0.0000000783
       -0.0000018587   0.0000266765   0.0000000049  -0.0000101274   0.0000022582
       -0.0000000698  -0.0000049827   0.0000188309  -0.0000105746  -0.0000049831
        0.0000188325   0.0000105837
       -0.0001622233   0.0000914875  -0.0000000217  -0.0010335021  -0.0002075669
        0.0000000505  -0.0007219087  -0.0070747301   0.0000008345   0.0014489148
       -0.0007368872   0.0000000073  -0.0002289782  -0.0003923494  -0.0000000225
       -0.0000742010   0.0001123032   0.0000000002   0.0000838738  -0.0001219750
       -0.0000000021   0.0000020123   0.0000179721   0.0000000073   0.0000715692
        0.0002159209  -0.0000000035  -0.0000337565  -0.0000573947  -0.0000000134
        0.0000176960  -0.0000023362  -0.0000007861  -0.0000175843  -0.0000002394
        0.0000000132   0.0000177017  -0.0000023414   0.0000007923   0.0273204831
       -0.0294245743   0.0000006265   0.0977234285  -0.0905525851  -0.0000011081
       -0.0026831740   0.0035038389  -0.0004911602  -0.1191214366   0.1209022608
        0.0000002240  -0.0026871014   0.0035057889   0.0004905656  -0.0000462555
        0.0001960216  -0.0000000232   0.0001249082   0.0000244629   0.0000000517
        0.0000249050  -0.0000009788   0.0000000017  -0.0000057055   0.0000089256
       -0.0000000442  -0.0000098332  -0.0000025119  -0.0000010521  -0.0000098322
       -0.0000025118   0.0000010624
       -0.0000000938  -0.0000000102  -0.0000104571   0.0000000565   0.0000000344
        0.0003521191   0.0000002077   0.0000004718   0.0005700991  -0.0000002116
        0.0000000846   0.0001512089   0.0000000328   0.0000000330   0.0000049885
       -0.0000000095  -0.0000000106   0.0000097398  -0.0000000002   0.0000000098
       -0.0000211323   0.0000000020  -0.0000000048  -0.0000074633   0.0000000911
        0.0000000698  -0.0000412873  -0.0000000092  -0.0000000851   0.0000109839
       -0.0000071028   0.0000008239  -0.0000144768   0.0000000099  -0.0000000102
        0.0000094874   0.0000071152  -0.0000008041  -0.0000144419  -0.0000026031
        0.0000024515   0.0009008289   0.0000017576  -0.0000015864  -0.0436467977
        0.0247745135  -0.0114044895  -0.0016996589  -0.0000012740   0.0000002240
        0.0453154127  -0.0247725908   0.0114028123  -0.0016989651   0.0000000116
       -0.0000000586  -0.0001816714   0.0000000628   0.0000001121   0.0000223245
        0.0000000016   0.0000000175  -0.0000006284   0.0000000282  -0.0000001108
       -0.0000037916   0.0000041820  -0.0000061695  -0.0000032067  -0.0000041779
        0.0000061951  -0.0000032147
       -0.0003861309   0.0002037724  -0.0003937746   0.0002482002  -0.0000898014
        0.0003658987   0.0007749479   0.0005256792   0.0007446950   0.0003903261
        0.0001607468  -0.0000821954   0.0000050233   0.0000932848  -0.0000151165
        0.0000495602  -0.0000916789  -0.0000313508  -0.0000153109  -0.0000298022
       -0.0000007314   0.0000057882  -0.0000492970   0.0000777811  -0.0004513813
       -0.0000955280   0.0000965033   0.0000233041   0.0000805554  -0.0000342465
        0.0000234417  -0.0000332381   0.0000249006  -0.0000163176  -0.0000099485
       -0.0000083794   0.0000083823  -0.0000282374  -0.0000114110  -0.0065002423
       -0.0144413330  -0.0070822309  -0.1024822781  -0.0198903795  -0.0961549746
        0.0072725278   0.0028472689   0.0131003297  -0.0179692668  -0.0026871014
       -0.0247725908   0.1198129078   0.0324892980   0.1133152783  -0.0009746024
        0.0010360242   0.0008790831   0.0002505903  -0.0000541793  -0.0000310695
       -0.0000914286   0.0001182275   0.0000190919   0.0000075034   0.0000001198
        0.0000014132   0.0000067121  -0.0000222721   0.0000067840   0.0000077435
       -0.0000321803  -0.0000136873
        0.0000871805  -0.0004848114   0.0002809430   0.0002719574   0.0003812254
        0.0002247459  -0.0017800437   0.0019091882  -0.0012907182  -0.0000795973
       -0.0008186079   0.0002941198  -0.0004946267   0.0002589675   0.0002531532
        0.0003892395   0.0003193478   0.0000368773  -0.0000130194   0.0000190488
       -0.0000637711   0.0000037698   0.0000245917  -0.0000942011   0.0001249062
        0.0001670315  -0.0000379339   0.0000176596  -0.0000940391  -0.0000058046
        0.0000083075  -0.0000167071   0.0000104382   0.0000022277   0.0000068465
       -0.0000006805   0.0000081936  -0.0000272717  -0.0000134678  -0.0231836357
       -0.0277168205  -0.0265957819  -0.0194923360  -0.0458801810  -0.0342094632
        0.0028454345   0.0026062509   0.0032909888   0.0076211360   0.0035057889
        0.0114028123   0.0324892980   0.0660625840   0.0473803067   0.0012167211
       -0.0003143411  -0.0008622901  -0.0000156127   0.0000517243   0.0000086336
       -0.0000003990   0.0000228150  -0.0000064155  -0.0000074170   0.0000145367
       -0.0000009838  -0.0000109406   0.0000015291  -0.0000038617  -0.0000084034
        0.0000013036   0.0000023547
       -0.0000631415   0.0000301537  -0.0001996843  -0.0002631920  -0.0002391186
        0.0000922401  -0.0013418307   0.0013489375   0.0005432939   0.0000489088
       -0.0003536560  -0.0000662120  -0.0002707573   0.0002269145   0.0000161286
        0.0001563733   0.0002560720   0.0000125903  -0.0000008258   0.0000006050
       -0.0000050488   0.0000172500   0.0000428169   0.0000233709   0.0000613740
        0.0000152343   0.0000943358   0.0000504873   0.0001135287  -0.0000253592
        0.0000165665  -0.0000264914   0.0000168741   0.0000003446   0.0000001161
       -0.0000067519   0.0000037379  -0.0000177646  -0.0000177684  -0.0022788546
       -0.0107008193   0.0023834959  -0.0954274609  -0.0349818780  -0.1971631595
       -0.0131045335  -0.0032964908  -0.0286804876  -0.0022459884   0.0004905656
       -0.0016989651   0.1133152783   0.0473803067   0.2248360401   0.0011881340
       -0.0004229473  -0.0001760522   0.0001658697   0.0000907248   0.0000214225
       -0.0000036179   0.0000219440   0.0000002300   0.0000053319   0.0000116705
       -0.0000013855  -0.0000146979   0.0000029587   0.0000017175  -0.0000147557
        0.0000066169  -0.0000008655
        0.0069332531   0.0178521561  -0.0000005413  -0.0738660121  -0.0860550023
        0.0000034684  -0.0092959467  -0.0287381401   0.0000011324  -0.0045903223
        0.0002453650   0.0000003933  -0.0003726892   0.0002883297   0.0000000024
       -0.0025062578   0.0028746436   0.0000002255  -0.0000504707   0.0000017065
       -0.0000000644   0.0001566553   0.0010782086  -0.0000000328  -0.0006270036
       -0.0015673268  -0.0000001856  -0.0004859330  -0.0002370095   0.0000000999
        0.0000157845   0.0000139328  -0.0000023626  -0.0000569237  -0.0001230115
       -0.0000000229   0.0000158215   0.0000139876   0.0000023770   0.0024186357
        0.0000250064  -0.0000001801  -0.0010608345   0.0004605659  -0.0000000294
       -0.0009746223   0.0012163243  -0.0011881719   0.0001630884  -0.0000462555
        0.0000000116  -0.0009746024   0.0012167211   0.0011881340   0.0840141223
        0.0921358925  -0.0000040581   0.0012147593  -0.0006351631  -0.0000002060
       -0.0001740928   0.0001297817   0.0000000142  -0.0000438143  -0.0000035775
       -0.0000000380   0.0000737005  -0.0000735679   0.0000610170   0.0000737048
       -0.0000735675  -0.0000609825
       -0.0066772352  -0.0265171921   0.0000008527  -0.0854709343  -0.2777815214
        0.0000089281  -0.0062846675  -0.0082646649   0.0000003988  -0.0010435681
        0.0010220425   0.0000002137   0.0004287613   0.0007324728  -0.0000000410
        0.0036393941  -0.0028502093   0.0000001561   0.0000485404   0.0000793349
       -0.0000000590  -0.0003490929  -0.0013150161   0.0000000520  -0.0000011878
       -0.0005675826  -0.0000001209  -0.0001045374   0.0000957237   0.0000000885
        0.0000302404  -0.0000150819  -0.0000030748  -0.0000304209  -0.0000294258
       -0.0000000005   0.0000302590  -0.0000150537   0.0000030855   0.0005881145
       -0.0012552240   0.0000000829   0.0020233278  -0.0005560602  -0.0000000011
        0.0010357088  -0.0003140062   0.0004227728   0.0004098408   0.0001960216
       -0.0000000586   0.0010360242  -0.0003143411  -0.0004229473   0.0921358925
        0.3156224029  -0.0000102353  -0.0006940528   0.0013174915   0.0000000430
       -0.0003402264   0.0003855383  -0.0000000888  -0.0000602388   0.0001405083
       -0.0000000009  -0.0001749675   0.0001019068  -0.0000958225  -0.0001749743
        0.0001019358   0.0000957764
        0.0000000582  -0.0000000343   0.0013361171   0.0000037019   0.0000092415
       -0.0289466413  -0.0000001816   0.0000010035  -0.0004687129   0.0000003267
        0.0000001389   0.0077373748   0.0000001608  -0.0000001205  -0.0002467425
        0.0000000118   0.0000001905   0.0060388816  -0.0000000344  -0.0000000203
       -0.0012580094   0.0000000193  -0.0000000044   0.0000043149   0.0000000634
        0.0000001397   0.0000342893   0.0000000138   0.0000000382  -0.0002140267
        0.0000225271   0.0000365390  -0.0000100688   0.0000000015  -0.0000000057
       -0.0000138150  -0.0000224802  -0.0000364964  -0.0000100647   0.0000000990
       -0.0000001308  -0.0019844636  -0.0000000938   0.0000000880  -0.0003121103
       -0.0008791982   0.0008620759  -0.0001761224  -0.0000000244  -0.0000000232
       -0.0001816714   0.0008790831  -0.0008622901  -0.0001760522  -0.0000040581
       -0.0000102353   0.0217257878   0.0000001120  -0.0000001129  -0.0028682663
       -0.0000000763   0.0000000075   0.0000156368  -0.0000000282   0.0000000205
        0.0000197921  -0.0000207867   0.0000364682  -0.0000227086   0.0000207830
       -0.0000364777  -0.0000227184
       -0.2179204714  -0.0742712008   0.0000106453  -0.0499267215   0.0016773712
        0.0000020717   0.0043624567  -0.0034265143  -0.0000011546   0.0161116729
        0.0005643118  -0.0000009795  -0.0029676737  -0.0000372035   0.0000004005
       -0.0253704071  -0.0164927676   0.0000013665  -0.0014554216  -0.0005404943
        0.0000001280  -0.0004430861   0.0012103160   0.0000002347  -0.0169398378
       -0.0033101592   0.0000003246   0.0007112480   0.0028893557   0.0000005714
        0.0003353883  -0.0003569900   0.0002332724  -0.0001113510  -0.0000261983
       -0.0000001534   0.0003354838  -0.0003568943  -0.0002334407  -0.0061354513
        0.0050895027   0.0000005403  -0.0003046820  -0.0012404903  -0.0000001642
        0.0002506051  -0.0000155689  -0.0001656686   0.0000595835   0.0001249082
        0.0000000628   0.0002505903  -0.0000156127   0.0001658697   0.0012147593
       -0.0006940528   0.0000001120   0.4638949867  -0.0359927441   0.0000062184
       -0.1201836007   0.0746073532  -0.0000124473  -0.0327668117   0.0218894304
       -0.0000048882  -0.0064990442   0.0143597257  -0.0082433155  -0.0065022144
        0.0143646160   0.0082403937
       -0.0500054952  -0.1107289376   0.0000081920   0.0266207320   0.0097958485
       -0.0000007667   0.0018654803  -0.0050038998  -0.0000003034   0.0044435824
        0.0007991972  -0.0000001861  -0.0006564056  -0.0063102983   0.0000004628
       -0.0416483740  -0.0151481250   0.0000027986  -0.0019833785  -0.0007908074
        0.0000000384   0.0011119810   0.0014408702  -0.0000000367  -0.0047437300
       -0.0012062563   0.0000000383   0.0001161956   0.0010482032   0.0000003496
        0.0001272281  -0.0001522066   0.0000111356  -0.0000688096   0.0000047359
        0.0000000786   0.0001271888  -0.0001521778  -0.0000109941   0.0015125954
        0.0002259092   0.0000002077   0.0000981559  -0.0000968445  -0.0000000916
       -0.0000542308   0.0000517191  -0.0000905820  -0.0000110143   0.0000244629
        0.0000001121  -0.0000541793   0.0000517243   0.0000907248  -0.0006351631
        0.0013174915  -0.0000001129  -0.0359927441   0.3304982058  -0.0000379744
        0.0582737012  -0.1599833017   0.0000171636  -0.0056831454   0.0097965474
        0.0000015035   0.0236178434  -0.0277391455   0.0072993228   0.0236219859
       -0.0277429148  -0.0072910805
        0.0000069120   0.0000102923  -0.0337332142   0.0000016042  -0.0000013571
        0.0038493856  -0.0000014520   0.0000007819   0.0039577292  -0.0000004236
        0.0000007001   0.0001490570   0.0000010432   0.0000001579   0.0066530242
        0.0000012684   0.0000004425   0.0039315979  -0.0000000008   0.0000000785
        0.0000646780  -0.0000002812  -0.0000000927  -0.0015087638   0.0000002439
        0.0000002232  -0.0007481128  -0.0000001119  -0.0000001988  -0.0003471141
        0.0001204894   0.0000158819   0.0000303949  -0.0000000054   0.0000000711
       -0.0000118348  -0.0001206235  -0.0000156781   0.0000303754   0.0000006270
       -0.0000005370   0.0003050124   0.0000000299  -0.0000000221  -0.0000822085
        0.0000312032  -0.0000085715   0.0000214258   0.0000000783   0.0000000517
        0.0000223245  -0.0000310695   0.0000086336   0.0000214225  -0.0000002060
        0.0000000430  -0.0028682663   0.0000062184  -0.0000379744   0.0598627741
       -0.0000090725   0.0000160721  -0.0454318452  -0.0000018000   0.0000032662
        0.0009061462  -0.0198759552   0.0192921481   0.0024583450   0.0198712836
       -0.0192844123   0.0024676670
       -0.0400738446   0.0188282553  -0.0000033202  -0.0043342407  -0.0018982080
       -0.0000002449  -0.0020219989   0.0026706473   0.0000003620  -0.0018609854
       -0.0003978520   0.0000001284  -0.0005141090   0.0002196839   0.0000000029
        0.0013225212   0.0007014036   0.0000000769   0.0000702565   0.0001205420
       -0.0000000044  -0.0016173823   0.0000272909  -0.0000002038   0.0017434060
        0.0003375055  -0.0000002039   0.0000075368  -0.0001895665   0.0000000508
       -0.0000387195   0.0000298615  -0.0000399103  -0.0000126782  -0.0000308571
       -0.0000000133  -0.0000387215   0.0000298659   0.0000399266  -0.0001165130
       -0.0008505108   0.0000000560   0.0002047983   0.0000456205  -0.0000000326
       -0.0000914249  -0.0000004106   0.0000036425  -0.0000018587   0.0000249050
        0.0000000016  -0.0000914286  -0.0000003990  -0.0000036179  -0.0001740928
       -0.0003402264  -0.0000000763  -0.1201836007   0.0582737012  -0.0000090725
        0.4634206027   0.0653283541  -0.0000109420  -0.2104158725  -0.1159058307
       -0.0000039410  -0.0425935158  -0.0135184929   0.0159228246  -0.0425881343
       -0.0135052828  -0.0158954893
        0.0029174439   0.0149783476  -0.0000021136  -0.0010422589  -0.0011376144
        0.0000003219   0.0004581766  -0.0024690568   0.0000001077   0.0022929178
        0.0014230848  -0.0000001605   0.0011157902   0.0008411275   0.0000000523
       -0.0032979639   0.0000475661  -0.0000006405  -0.0000185797  -0.0000372992
        0.0000000123  -0.0016053093   0.0001508955  -0.0000000266  -0.0026399729
       -0.0002137772   0.0000002874   0.0000644632   0.0001253565  -0.0000000934
        0.0000279642  -0.0000219287   0.0000634256  -0.0000014705   0.0000282189
       -0.0000000136   0.0000279609  -0.0000219188  -0.0000634566  -0.0012285531
        0.0014985229  -0.0000000278  -0.0003088437  -0.0002399839   0.0000000623
        0.0001182111   0.0000228287  -0.0000219410   0.0000266765  -0.0000009788
        0.0000000175   0.0001182275   0.0000228150   0.0000219440   0.0001297817
        0.0003855383   0.0000000075   0.0746073532  -0.1599833017   0.0000160721
        0.0653283541   0.4673394458   0.0000055363  -0.1089675941  -0.1111507429
       -0.0000031652  -0.0140683096  -0.1057777276   0.1002620333  -0.0140544652
       -0.1058094177  -0.1002782416
       -0.0000007907  -0.0000029541  -0.0040488281   0.0000003121   0.0000004807
        0.0008723195   0.0000005780  -0.0000001690   0.0015664066  -0.0000003961
       -0.0000003293   0.0003263487  -0.0000003857   0.0000000807   0.0006187045
        0.0000005908   0.0000001716  -0.0015998390   0.0000000058   0.0000000038
        0.0000283402  -0.0000001546  -0.0000000141  -0.0002029660   0.0000005450
        0.0000000303  -0.0003251063  -0.0000000160   0.0000000737  -0.0000013089
        0.0000062932   0.0000005081   0.0000047625  -0.0000000321  -0.0000000373
        0.0000049891  -0.0000062988  -0.0000005013   0.0000047594  -0.0000001785
        0.0000001729  -0.0002271899   0.0000000549   0.0000000790   0.0000195218
       -0.0000191113   0.0000063982   0.0000002369   0.0000000049   0.0000000017
       -0.0000006284   0.0000190919  -0.0000064155   0.0000002300   0.0000000142
       -0.0000000888   0.0000156368  -0.0000124473   0.0000171636  -0.0454318452
       -0.0000109420   0.0000055363   0.4864892990  -0.0000046575  -0.0000033380
       -0.0436502197   0.0169271839   0.1004458138  -0.1972459520  -0.0168992639
       -0.1004626669  -0.1972176716
       -0.0042668329   0.0034148119  -0.0000012878  -0.0009342925  -0.0005883438
       -0.0000000034  -0.0000134184   0.0000018172   0.0000000887   0.0002906930
        0.0001783056  -0.0000000024   0.0001762930   0.0000552938   0.0000000275
        0.0001789124   0.0007161236  -0.0000000606   0.0000032900  -0.0000067857
       -0.0000000048   0.0000088737   0.0001160537  -0.0000000259  -0.0001939607
        0.0000022538   0.0000000693  -0.0000168871  -0.0000191117  -0.0000000176
        0.0000116365  -0.0000083186   0.0000017747  -0.0000059570   0.0000083221
        0.0000000373   0.0000116184  -0.0000083152  -0.0000017427  -0.0003121436
        0.0001457683   0.0000000353  -0.0000136328  -0.0000016089   0.0000000138
        0.0000074896  -0.0000074153  -0.0000053110  -0.0000101274  -0.0000057055
        0.0000000282   0.0000075034  -0.0000074170   0.0000053319  -0.0000438143
       -0.0000602388  -0.0000000282  -0.0327668117  -0.0056831454  -0.0000018000
       -0.2104158725  -0.1089675941  -0.0000046575   0.2558373895   0.1213348961
        0.0000071980  -0.0037717313  -0.0053058112   0.0015193447  -0.0037682173
       -0.0053038349  -0.0015190076
        0.0032949804  -0.0025682089   0.0000007741   0.0012001789   0.0002445267
       -0.0000000148   0.0000698865  -0.0003067284  -0.0000000874  -0.0001520016
        0.0001085111  -0.0000000352   0.0000771688   0.0002091833  -0.0000000546
       -0.0002034893  -0.0005919901   0.0000000220   0.0000312636   0.0000365251
        0.0000000051  -0.0003004232   0.0003342261   0.0000000747  -0.0000039830
        0.0000268162  -0.0000000818   0.0000124048   0.0000216515  -0.0000000380
        0.0000065760  -0.0000055092  -0.0000068023  -0.0000146156   0.0000013838
       -0.0000001381   0.0000066368  -0.0000055201   0.0000066753   0.0000360547
        0.0000470662  -0.0000000795   0.0000018682  -0.0000206609  -0.0000000769
        0.0000001734   0.0000145167  -0.0000117891   0.0000022582   0.0000089256
       -0.0000001108   0.0000001198   0.0000145367   0.0000116705  -0.0000035775
        0.0001405083   0.0000000205   0.0218894304   0.0097965474   0.0000032662
       -0.1159058307  -0.1111507429  -0.0000033380   0.1213348961   0.1252697993
        0.0000011535  -0.0156882764  -0.0108111046   0.0017184744  -0.0156916994
       -0.0108142590  -0.0017194897
       -0.0000003660   0.0000004536   0.0005394052  -0.0000002395  -0.0000000196
        0.0000835531   0.0000000614  -0.0000000089   0.0000273446  -0.0000000563
       -0.0000000438  -0.0000018100  -0.0000000170  -0.0000000277   0.0000151418
        0.0000001167   0.0000001258   0.0003070604   0.0000000414  -0.0000000106
        0.0000160822   0.0000001137  -0.0000000055  -0.0001738037   0.0000001112
       -0.0000000331  -0.0000066439   0.0000000261  -0.0000000372   0.0000065830
       -0.0000000705   0.0000034001  -0.0000021577   0.0000000232  -0.0000001080
        0.0000006417   0.0000001831  -0.0000034900  -0.0000021790  -0.0000000915
        0.0000000212  -0.0000411959  -0.0000000654  -0.0000000291   0.0000136800
       -0.0000015400   0.0000009473  -0.0000013961  -0.0000000698  -0.0000000442
       -0.0000037916   0.0000014132  -0.0000009838  -0.0000013855  -0.0000000380
       -0.0000000009   0.0000197921  -0.0000048882   0.0000015035   0.0009061462
       -0.0000039410  -0.0000031652  -0.0436502197   0.0000071980   0.0000011535
        0.0453954791   0.0221202054   0.0160945001  -0.0017225676  -0.0221181101
       -0.0160940974  -0.0017237587
        0.0020067119   0.0008311908  -0.0014828490  -0.0008494510   0.0003641461
        0.0001820330   0.0003429307   0.0004018666   0.0002448760   0.0000341050
       -0.0005156597   0.0000992734  -0.0005906378   0.0000885498   0.0003902051
        0.0003330169  -0.0001065486  -0.0000216628   0.0000417004   0.0000020889
       -0.0000175961  -0.0013162183  -0.0009468399  -0.0010693533   0.0001501212
        0.0000141451  -0.0001100255  -0.0000230263  -0.0000316230  -0.0000053313
       -0.0000051705   0.0000048631  -0.0000003875   0.0000072868   0.0000015610
        0.0000005393  -0.0000049255   0.0000061367  -0.0000019093   0.0001457310
       -0.0001337565  -0.0000264253  -0.0000138479   0.0000276930   0.0000137375
        0.0000077440  -0.0000084027   0.0000147595  -0.0000049827  -0.0000098332
        0.0000041820   0.0000067121  -0.0000109406  -0.0000146979   0.0000737005
       -0.0001749675  -0.0000207867  -0.0064990442   0.0236178434  -0.0198759552
       -0.0425935158  -0.0140683096   0.0169271839  -0.0037717313  -0.0156882764
        0.0221202054   0.0512292351   0.0058289957  -0.0137987845   0.0012935557
        0.0005060774  -0.0035512309
       -0.0012314435   0.0004317769  -0.0000118688   0.0002735858  -0.0001304083
       -0.0001149234  -0.0004079967   0.0004093054  -0.0001212529  -0.0004586332
       -0.0000319816   0.0000397803  -0.0000601637  -0.0001378100   0.0001815264
        0.0000864542   0.0003489526  -0.0004071277  -0.0000234987   0.0000156807
       -0.0000090398  -0.0007574027   0.0001675287  -0.0003337171   0.0005373696
        0.0000342071  -0.0000352029  -0.0000212590  -0.0000340682   0.0000005119
       -0.0000088153   0.0000135784  -0.0000078367   0.0000121039   0.0000022165
        0.0000032886  -0.0000082826   0.0000139733   0.0000174803   0.0002370904
       -0.0003119187   0.0000118698   0.0000668977   0.0000668038  -0.0000028196
       -0.0000321794   0.0000013055  -0.0000065858   0.0000188309  -0.0000025119
       -0.0000061695  -0.0000222721   0.0000015291   0.0000029587  -0.0000735679
        0.0001019068   0.0000364682   0.0143597257  -0.0277391455   0.0192921481
       -0.0135184929  -0.1057777276   0.1004458138  -0.0053058112  -0.0108111046
        0.0160945001   0.0058289957   0.1347697536  -0.1220011051   0.0005087650
        0.0085981579  -0.0130686968
        0.0017549669   0.0004976461   0.0005179763  -0.0003182938   0.0000499026
        0.0000163229   0.0003436210  -0.0000100123  -0.0000014188   0.0003950870
       -0.0001833863  -0.0000329243   0.0000074475  -0.0001280500  -0.0001379753
       -0.0000708576   0.0004820608   0.0000865447  -0.0000018721  -0.0000395896
       -0.0000004284  -0.0008797161  -0.0008606163  -0.0001804536  -0.0002107770
       -0.0000798017   0.0000269633   0.0000074777   0.0000645357   0.0000043301
        0.0000008552  -0.0000089042   0.0000197322  -0.0000007447  -0.0000072334
       -0.0000031892   0.0000008119  -0.0000167218  -0.0000217112  -0.0000444528
        0.0000085704   0.0000137386  -0.0000105376  -0.0000067101  -0.0000066328
        0.0000136961  -0.0000023513  -0.0000008760  -0.0000105746  -0.0000010521
       -0.0000032067   0.0000067840  -0.0000038617   0.0000017175   0.0000610170
       -0.0000958225  -0.0000227086  -0.0082433155   0.0072993228   0.0024583450
        0.0159228246   0.1002620333  -0.1972459520   0.0015193447   0.0017184744
       -0.0017225676  -0.0137987845  -0.1220011051   0.2249722712   0.0035559930
        0.0130626722  -0.0287378973
        0.0020062582   0.0008314215   0.0014822553  -0.0008496099   0.0003639648
       -0.0001821137   0.0003428551   0.0004017894  -0.0002449255   0.0000340927
       -0.0005155469  -0.0000992374  -0.0005904010   0.0000884704  -0.0003901594
        0.0003327196  -0.0001065297   0.0000218708   0.0000416852   0.0000020819
        0.0000175805  -0.0013164416  -0.0009467862   0.0010694008   0.0001501207
        0.0000141536   0.0001100203  -0.0000230228  -0.0000316212   0.0000053276
       -0.0000049242   0.0000061346   0.0000019053   0.0000072839   0.0000015535
       -0.0000005533  -0.0000051679   0.0000048674   0.0000003718   0.0001456738
       -0.0001337262   0.0000264250  -0.0000138575   0.0000276875  -0.0000137327
        0.0000067179  -0.0000109372   0.0000146979  -0.0000049831  -0.0000098322
       -0.0000041779   0.0000077435  -0.0000084034  -0.0000147557   0.0000737048
       -0.0001749743   0.0000207830  -0.0065022144   0.0236219859   0.0198712836
       -0.0425881343  -0.0140544652  -0.0168992639  -0.0037682173  -0.0156916994
       -0.0221181101   0.0012935557   0.0005087650   0.0035559930   0.0512245630
        0.0058116464   0.0137691147
       -0.0012319132   0.0004311385   0.0000114860   0.0002738492  -0.0001303701
        0.0001148835  -0.0004080257   0.0004092474   0.0001213922  -0.0004587313
       -0.0000319572  -0.0000397427  -0.0000601898  -0.0001377978  -0.0001815553
        0.0000864411   0.0003489995   0.0004071314  -0.0000234884   0.0000156951
        0.0000090301  -0.0007571809   0.0001679149   0.0003335805   0.0005374489
        0.0000342507   0.0000350979  -0.0000212744  -0.0000341041  -0.0000004642
       -0.0000082798   0.0000139784  -0.0000175029   0.0000121066   0.0000022116
       -0.0000033377  -0.0000088111   0.0000136002   0.0000078304   0.0002371210
       -0.0003118979  -0.0000118805   0.0000668979   0.0000667963   0.0000028359
       -0.0000222768   0.0000015382  -0.0000029311   0.0000188325  -0.0000025118
        0.0000061951  -0.0000321803   0.0000013036   0.0000066169  -0.0000735675
        0.0001019358  -0.0000364777   0.0143646160  -0.0277429148  -0.0192844123
       -0.0135052828  -0.1058094177  -0.1004626669  -0.0053038349  -0.0108142590
       -0.0160940974   0.0005060774   0.0085981579   0.0130626722   0.0058116464
        0.1348084624   0.1220163166
       -0.0017547341  -0.0004977455   0.0005177557   0.0003181020  -0.0000497897
        0.0000163019  -0.0003435002   0.0000099236  -0.0000013865  -0.0003951673
        0.0001833579  -0.0000329019  -0.0000075128   0.0001280844  -0.0001380110
        0.0000707278  -0.0004822101   0.0000864271   0.0000018824   0.0000395877
       -0.0000004299   0.0008798579   0.0008605670  -0.0001800307   0.0002108869
        0.0000797670   0.0000269376  -0.0000074690  -0.0000644175   0.0000043088
       -0.0000008066   0.0000167255  -0.0000216768   0.0000007109   0.0000071950
       -0.0000031993  -0.0000008523   0.0000088960   0.0000197054   0.0000444316
       -0.0000085083   0.0000137443   0.0000105205   0.0000067031  -0.0000066485
       -0.0000067723   0.0000038623   0.0000017094   0.0000105837   0.0000010624
       -0.0000032147  -0.0000136873   0.0000023547  -0.0000008655  -0.0000609825
        0.0000957764  -0.0000227184   0.0082403937  -0.0072910805   0.0024676670
       -0.0158954893  -0.1002782416  -0.1972176716  -0.0015190076  -0.0017194897
       -0.0017237587  -0.0035512309  -0.0130686968  -0.0287378973   0.0137691147
        0.1220163166   0.2249358537
