           1           2   1.32551532631485     
           2           3   1.43043111962173     
           3           4   1.25423274665440     
           4           5   1.42553253192716     
           1           6   1.40529198520106     
           5           6   1.38944027641348     
           5           7  0.963808798662228     
           6           8  0.965118534144156     
           4           9   1.04483095838364     
           9          10  0.972975500538476     
          10          11  0.976360767880985     
          10          12  0.977300920099175     
          10          13  0.976361831057941     
           3          14   1.06138209365981     
          14          15  0.969835776305126     
          15          16  0.976237056974186     
          15          17  0.977034459806277     
          15          18  0.976236579498635     
           2          19  0.961565408017843     
           1          20   1.04881372737058     
          20          21  0.972153541840181     
          21          22  0.977573449209007     
          21          23  0.976923697395020     
          21          24  0.976922995880599     
