$hessian                                                                        
        0.6907249967   0.0153249747  -0.0023926353  -0.1094944490   0.0336728442
        0.0002260700   0.0474143917   0.0117963642  -0.0006364661  -0.0377064301
        0.0354536843   0.0002790245  -0.0489047417  -0.0723386640   0.0013928248
       -0.3423988837   0.0640856073   0.0005395102  -0.1385145964  -0.1248739402
        0.0011372579  -0.0016795616  -0.0038780135   0.0000445919  -0.0011259138
       -0.0031037867   0.0001252637  -0.0146551293   0.0039474337  -0.0000208177
        0.0001320387  -0.0042540332  -0.0014814895   0.0001738278   0.0000371021
        0.0009548954   0.0008022351   0.0001080816  -0.0000593045  -0.0382346518
        0.0417999804  -0.0000912828  -0.0047937843  -0.0003356319  -0.0000001168
       -0.0006959842   0.0015364340  -0.0000031944  -0.0005202005   0.0005210362
       -0.0003279074  -0.0005231636   0.0005005266   0.0003137762
        0.0153249747   0.6405669711  -0.0032138683   0.1067188196  -0.2745650788
        0.0007285411  -0.0370011693  -0.0597426652   0.0009921997   0.0315166098
       -0.0190039343   0.0002351842  -0.0168634810   0.0340062282  -0.0004349359
       -0.0116641980  -0.0946009319   0.0005072522  -0.1255759488  -0.2087576624
        0.0014306991  -0.0029451663  -0.0029391322   0.0001665972  -0.0034819012
       -0.0032637060   0.0000858168   0.0283705674  -0.0058300492  -0.0000838687
       -0.0028638160  -0.0006329451  -0.0007967102  -0.0001435939   0.0006378812
       -0.0001589375   0.0000306553   0.0000371052   0.0005631714   0.0189463464
       -0.0048222221  -0.0000045260  -0.0010566775  -0.0001423807  -0.0000149416
       -0.0002920895  -0.0000427922  -0.0000013706   0.0004849795  -0.0004524227
        0.0001491481   0.0004950889  -0.0004522628  -0.0001494510
       -0.0023926353  -0.0032138683   0.1019169646  -0.0004829035   0.0011017656
       -0.0498100743   0.0000434797   0.0004015044   0.0010596957  -0.0000743178
       -0.0000673900  -0.0042572034   0.0003548136   0.0001102040   0.0021894861
        0.0011773271   0.0000269745  -0.0416725774   0.0011533454   0.0015041772
       -0.0292250974   0.0000409415   0.0000854893   0.0070408147   0.0000526778
        0.0000575574   0.0071154257  -0.0000816861   0.0000151365   0.0003476412
        0.0000380726   0.0000564748  -0.0000369921   0.0000458626  -0.0000247114
        0.0000197951  -0.0000361958   0.0000366944   0.0000098086   0.0001103184
       -0.0000718977   0.0040058548   0.0000389948  -0.0000107595   0.0012279210
        0.0000067302  -0.0000058823   0.0000657377   0.0001908565  -0.0001957756
        0.0000022680  -0.0001856816   0.0001943066   0.0000005314
       -0.1094944490   0.1067188196  -0.0004829035   0.5946112405   0.0239991640
       -0.0019691847  -0.1603020056  -0.1444703269   0.0010597774  -0.0487641304
       -0.0243762983  -0.0001964515   0.0037412325  -0.0023377453  -0.0001531593
       -0.0274002032   0.0292513675  -0.0000575691   0.0059371692  -0.0189706222
        0.0000451162   0.0084266978   0.0101244600  -0.0001718877   0.0018412064
       -0.0003188194  -0.0000308160  -0.0047931375   0.0001289826   0.0000637822
        0.0008974970   0.0073697629   0.0036834095  -0.0000427830  -0.0004120567
       -0.0009731965  -0.0013217905  -0.0010518855  -0.0014190174  -0.2375375363
       -0.0031656984   0.0005301607  -0.0275280874   0.0181013087   0.0000607073
       -0.0017926206   0.0029032250  -0.0000185714   0.0017431935  -0.0017587863
        0.0019425504   0.0017785066  -0.0017348511  -0.0019127465
        0.0336728442  -0.2745650788   0.0011017656   0.0239991640   0.6709728591
       -0.0034911199  -0.0701887268  -0.2531595101   0.0010963375  -0.0746011810
        0.0382554727  -0.0001355136  -0.0097017976  -0.0606614872   0.0008431686
        0.0874878659   0.0159847575  -0.0006695414   0.0072633183  -0.0265070829
        0.0001630773  -0.0137338332  -0.0270757588   0.0003514404   0.0000031308
       -0.0006958730   0.0000513478  -0.0000856295   0.0015428316   0.0000361709
        0.0072391661   0.0013246586   0.0017047819   0.0006650751  -0.0010085565
        0.0000638189   0.0002733893   0.0005378932  -0.0012114108  -0.0296889784
       -0.0833220632   0.0001141177   0.0334825517   0.0015728477  -0.0000251594
        0.0030440520  -0.0048080821  -0.0000030782   0.0004351827   0.0007807326
       -0.0000695373   0.0004344067   0.0008314395   0.0000793340
        0.0002260700   0.0007285411  -0.0498100743  -0.0019691847  -0.0034911199
        0.1288162345   0.0012443413   0.0022979397  -0.0442423922   0.0004445628
       -0.0002986090  -0.0058723738  -0.0000009366   0.0004640155  -0.0042183026
       -0.0005920687  -0.0002423167  -0.0021361075  -0.0000676952   0.0002293252
        0.0006107468   0.0000230398   0.0000513868  -0.0006084203  -0.0000036626
        0.0000158182   0.0005254949   0.0000697279   0.0000063880   0.0082202052
        0.0004941229   0.0009966567   0.0043294080   0.0001436353  -0.0005027874
        0.0004559712  -0.0005362361  -0.0002919987   0.0017203395   0.0002809396
        0.0001405856  -0.0349579855   0.0001572413  -0.0000951308  -0.0043433914
        0.0000675034  -0.0000580093   0.0005428064  -0.0013818802   0.0005334288
        0.0004648715   0.0014004799  -0.0004841138   0.0005029697
        0.0474143917  -0.0370011693   0.0000434797  -0.1603020056  -0.0701887268
        0.0012443413   0.6495087353   0.0149787100  -0.0015366521  -0.2943914620
       -0.0030253322   0.0015979998  -0.0198847447   0.0725506234  -0.0004546292
       -0.0480629883  -0.0213006530   0.0004239497  -0.0006307249   0.0027379690
       -0.0000330061  -0.0812109243   0.0906698950   0.0003913117  -0.0003107490
        0.0018297554  -0.0000494952  -0.0003154369  -0.0007223321  -0.0000233423
       -0.0449260407  -0.0143774249  -0.0040974824   0.0000913139   0.0031763702
        0.0008670761  -0.0005915696  -0.0034875611   0.0012130506  -0.0478745553
       -0.0318828577   0.0004868812   0.0007910585  -0.0039645094  -0.0000463985
        0.0002351840  -0.0004224406  -0.0000196892   0.0002231317   0.0002181733
       -0.0000917322   0.0002373862   0.0002115109   0.0000843371
        0.0117963642  -0.0597426652   0.0004015044  -0.1444703269  -0.2531595101
        0.0022979397   0.0149787100   0.6745057605  -0.0030260384   0.0679252089
       -0.0917165859   0.0000304350   0.0276770766   0.0116629738  -0.0004047204
       -0.0232532066  -0.0075120940   0.0001615723   0.0020476313  -0.0046679353
        0.0000582040   0.0911593988  -0.2633156214   0.0006551959   0.0024966489
       -0.0047386635   0.0000317242  -0.0006043384   0.0008013822   0.0000233527
       -0.0380477816  -0.0030402118   0.0001104359  -0.0022901913   0.0022096445
        0.0000298116  -0.0033787314  -0.0039961495  -0.0003471576  -0.0067053970
        0.0016862294   0.0000135812   0.0004827106   0.0008854806  -0.0000151820
        0.0004930555  -0.0006496605  -0.0000065521  -0.0001474494   0.0003984698
        0.0004135414  -0.0001593821   0.0003891565  -0.0004276477
       -0.0006364661   0.0009921997   0.0010596957   0.0010597774   0.0010963375
       -0.0442423922  -0.0015366521  -0.0030260384   0.0987099434   0.0005814718
        0.0005814555  -0.0471481534  -0.0002709623  -0.0005224027   0.0006662021
        0.0006685889   0.0002493806  -0.0025611402   0.0000036828   0.0000324804
        0.0061029642   0.0000314030   0.0009951507  -0.0276926429   0.0000368500
        0.0000343026   0.0063839350   0.0000021630   0.0000033535  -0.0000084703
       -0.0007300634  -0.0004833138   0.0044234762  -0.0002298129  -0.0003588514
       -0.0009421021   0.0005827493   0.0003360101   0.0017120384   0.0004751203
       -0.0000060027   0.0046826709  -0.0000268746   0.0000841744  -0.0017240704
       -0.0000008510   0.0000085086   0.0003443976  -0.0000822100  -0.0004093364
        0.0001154960   0.0000720857   0.0003925920   0.0001181520
       -0.0377064301   0.0315166098  -0.0000743178  -0.0487641304  -0.0746011810
        0.0004445628  -0.2943914620   0.0679252089   0.0005814718   0.6621786996
        0.0062728742  -0.0001425733  -0.1300528124   0.0509309880   0.0001126411
        0.0548198312   0.0112336942  -0.0003315704   0.0001173791   0.0012043613
        0.0000502530  -0.0137120871   0.0048685496   0.0000588139  -0.0174295133
        0.0273482067  -0.0000275407  -0.0014231846  -0.0034601031   0.0001471316
       -0.1627313924  -0.1068437883   0.0110191044   0.0102797113   0.0064462974
       -0.0035084522  -0.0260949469  -0.0236298091  -0.0083144504   0.0062862142
       -0.0016481281  -0.0000629605  -0.0004732259   0.0025679734   0.0000444732
        0.0003465184  -0.0000007723   0.0000035970  -0.0006155030  -0.0000653349
        0.0001962664  -0.0006336657  -0.0000656468  -0.0001964499
        0.0354536843  -0.0190039343  -0.0000673900  -0.0243762983   0.0382554727
       -0.0002986090  -0.0030253322  -0.0917165859   0.0005814555   0.0062728742
        0.6741015109  -0.0017246323   0.1221461038  -0.2599358344   0.0010885561
       -0.0452479926  -0.0655826715   0.0002944715   0.0010015317   0.0009244529
        0.0000351462   0.0286341388  -0.0076676081   0.0001236555   0.0026442742
       -0.0037463121   0.0001049086  -0.0030618739  -0.0020546684   0.0000688195
       -0.1061263244  -0.2310843287   0.0163413210  -0.0115551199  -0.0317279151
       -0.0102057785  -0.0053227920   0.0049068110  -0.0065039883   0.0018218253
       -0.0065528499   0.0001732965   0.0003911739   0.0012408344   0.0000015275
        0.0002040178   0.0001594411   0.0000019550   0.0000582779  -0.0002555326
       -0.0000525568   0.0000878315  -0.0002602823   0.0000378419
        0.0002790245   0.0002351842  -0.0042572034  -0.0001964515  -0.0001355136
       -0.0058723738   0.0015979998   0.0000304350  -0.0471481534  -0.0001425733
       -0.0017246323   0.1315507522  -0.0007590633   0.0021170536  -0.0503320754
       -0.0001562651  -0.0000925445  -0.0018026971   0.0000198393   0.0000345851
        0.0003207792  -0.0001129097  -0.0001071952   0.0004343218  -0.0001125768
       -0.0001277866   0.0000493502   0.0000262304   0.0001323304   0.0082273864
       -0.0112484617  -0.0147723341  -0.0313050864   0.0050954938   0.0075149147
       -0.0039878439   0.0053973449   0.0067831578  -0.0037107769   0.0003528404
        0.0000251682   0.0071833941  -0.0000259596   0.0001162085   0.0010923443
        0.0000094975  -0.0000021069  -0.0000073705   0.0004267518   0.0000459483
       -0.0002036439  -0.0004507613  -0.0000728726  -0.0002311035
       -0.0489047417  -0.0168634810   0.0003548136   0.0037412325  -0.0097017976
       -0.0000009366  -0.0198847447   0.0276770766  -0.0002709623  -0.1300528124
        0.1221461038  -0.0007590633   0.6696510680   0.0197801961  -0.0017628349
       -0.1811894183  -0.1578845329   0.0015478481  -0.0053896347   0.0006573198
        0.0000826806  -0.0056752703   0.0008458005   0.0000300198  -0.2951562837
        0.0303516090   0.0003629832   0.0062145513   0.0094837759  -0.0001193600
        0.0084987270  -0.0209785413   0.0015021501  -0.0016559826  -0.0038676969
       -0.0007598715   0.0017187621  -0.0018015957  -0.0002347983  -0.0019402007
       -0.0000018801   0.0000101063  -0.0000002897   0.0000767706   0.0000057601
        0.0000584911  -0.0001148195   0.0000075374  -0.0000184727   0.0000984357
        0.0000548615  -0.0000149804   0.0000972571  -0.0000509339
       -0.0723386640   0.0340062282   0.0001102040  -0.0023377453  -0.0606614872
        0.0004640155   0.0725506234   0.0116629738  -0.0005224027   0.0509309880
       -0.2599358344   0.0021170536   0.0197801961   0.6577381101  -0.0025727347
       -0.0832679468  -0.2548953963   0.0017972010   0.0011481904   0.0009858463
        0.0000303907  -0.0000275089   0.0009882478  -0.0000759780   0.0298180514
       -0.0477919353   0.0004965771  -0.0148930076  -0.0264524565   0.0002155213
        0.0017343444  -0.0559492081  -0.0040989527  -0.0037359320  -0.0026082646
        0.0011823814   0.0037239483   0.0006091047   0.0008790753  -0.0028358009
        0.0013908763  -0.0000471845   0.0003692740   0.0002980344   0.0000164227
        0.0000251476   0.0000627836   0.0000004296  -0.0003107652   0.0002757842
       -0.0002442484  -0.0003333928   0.0002765929   0.0002522290
        0.0013928248  -0.0004349359   0.0021894861  -0.0001531593   0.0008431686
       -0.0042183026  -0.0004546292  -0.0004047204   0.0006662021   0.0001126411
        0.0010885561  -0.0503320754  -0.0017628349  -0.0025727347   0.1030539040
        0.0001864366   0.0014545978  -0.0419509874   0.0000284022   0.0000186516
        0.0071252470   0.0000063326   0.0000506381   0.0066273091   0.0007378880
        0.0002910346  -0.0292138885   0.0000172054   0.0000252087   0.0005188424
       -0.0001484617  -0.0007111574   0.0045089591   0.0001477328   0.0006981564
        0.0018630949  -0.0003046015  -0.0003091716  -0.0008708714   0.0002062363
       -0.0000466335  -0.0000218486  -0.0000206456   0.0000344372   0.0000253862
        0.0000023907  -0.0000050843   0.0000136097   0.0000327826  -0.0000243643
        0.0000172496  -0.0000265408   0.0000043531  -0.0000013166
       -0.3423988837  -0.0116641980   0.0011773271  -0.0274002032   0.0874878659
       -0.0005920687  -0.0480629883  -0.0232532066   0.0006685889   0.0548198312
       -0.0452479926  -0.0001562651  -0.1811894183  -0.0832679468   0.0001864366
        0.6684132012  -0.0018391684  -0.0023804678  -0.0197869221  -0.0000582156
        0.0000626188  -0.0002882955  -0.0003882590   0.0000819768  -0.0216745207
       -0.0239629707   0.0003733501  -0.0849613485   0.0933711634  -0.0000538584
       -0.0013052519   0.0080080572   0.0018478779   0.0005191317   0.0005737942
       -0.0011695819  -0.0012084581   0.0003404640  -0.0001045947   0.0053010825
        0.0005954535   0.0000523335  -0.0013791167  -0.0000482146  -0.0000010225
       -0.0000808664   0.0000410309   0.0000023053   0.0003350475  -0.0003456561
        0.0003399893   0.0003479792  -0.0003420006  -0.0003349454
        0.0640856073  -0.0946009319   0.0000269745   0.0292513675   0.0159847575
       -0.0002423167  -0.0213006530  -0.0075120940   0.0002493806   0.0112336942
       -0.0655826715  -0.0000925445  -0.1578845329  -0.2548953963   0.0014545978
       -0.0018391684   0.6695539736  -0.0030384434  -0.0244300212   0.0009534651
        0.0000801652  -0.0004566255   0.0006966786  -0.0000000653   0.0008187649
        0.0018582909  -0.0000273422   0.0933040672  -0.2579654386   0.0006021309
        0.0039343002   0.0000420515   0.0024165819  -0.0006655426  -0.0014254123
       -0.0012473780  -0.0002927663   0.0000143950  -0.0002273667   0.0017984479
       -0.0056948902   0.0000504011   0.0020055708  -0.0012003965   0.0000061163
        0.0002054604  -0.0003540657  -0.0000057478   0.0001150544   0.0000599505
       -0.0000401947   0.0001169752   0.0000677343   0.0000350510
        0.0005395102   0.0005072522  -0.0416725774  -0.0000575691  -0.0006695414
       -0.0021361075   0.0004239497   0.0001615723  -0.0025611402  -0.0003315704
        0.0002944715  -0.0018026971   0.0015478481   0.0017972010  -0.0419509874
       -0.0023804678  -0.0030384434   0.1150309284   0.0002105771  -0.0000173616
       -0.0012881714   0.0000093345  -0.0000067805  -0.0002656648   0.0000176779
        0.0000440256  -0.0012098122  -0.0001386481   0.0006480548  -0.0344011858
        0.0007917031   0.0008263657   0.0044515666  -0.0001275165  -0.0006227187
        0.0015210813  -0.0004845740  -0.0000115337   0.0001637970   0.0000118899
        0.0000675943   0.0044639331  -0.0000191581   0.0000144189   0.0016056071
       -0.0000072093   0.0000095651   0.0000115040   0.0001903177  -0.0002133284
        0.0000192765  -0.0001960949   0.0002091863   0.0000206498
       -0.1385145964  -0.1255759488   0.0011533454   0.0059371692   0.0072633183
       -0.0000676952  -0.0006307249   0.0020476313   0.0000036828   0.0001173791
        0.0010015317   0.0000198393  -0.0053896347   0.0011481904   0.0000284022
       -0.0197869221  -0.0244300212   0.0002105771   0.1575206661   0.1403583817
       -0.0013176528   0.0001850735   0.0005292262  -0.0000048797  -0.0012609933
       -0.0012786189   0.0000389754   0.0007476092  -0.0006291542  -0.0000059687
       -0.0001328068  -0.0002658381  -0.0001357777   0.0000210957  -0.0000057533
        0.0000789828   0.0000760811   0.0000603622   0.0000057975   0.0012916367
       -0.0005908285  -0.0000060337  -0.0001566613   0.0004586084  -0.0000009185
       -0.0000226791   0.0000322974   0.0000001261  -0.0000004865  -0.0000618661
        0.0000265445  -0.0000012058  -0.0000615183  -0.0000273469
       -0.1248739402  -0.2087576624   0.0015041772  -0.0189706222  -0.0265070829
        0.0002293252   0.0027379690  -0.0046679353   0.0000324804   0.0012043613
        0.0009244529   0.0000345851   0.0006573198   0.0009858463   0.0000186516
       -0.0000582156   0.0009534651  -0.0000173616   0.1403583817   0.2352340055
       -0.0017238135  -0.0009452202  -0.0015876942   0.0000493856  -0.0000183500
       -0.0000666643   0.0000145343   0.0006499037   0.0010284132  -0.0000221789
       -0.0003326904  -0.0003646339  -0.0002250873   0.0000552212   0.0001191829
        0.0000382394   0.0000352965   0.0000425287   0.0000960384  -0.0000734749
        0.0016352013  -0.0000330218  -0.0001586190   0.0006621959   0.0000008373
        0.0000283744   0.0001223912   0.0000005226  -0.0001483548   0.0001215933
       -0.0000903869  -0.0001473402   0.0001223968   0.0000930728
        0.0011372579   0.0014306991  -0.0292250974   0.0000451162   0.0001630773
        0.0006107468  -0.0000330061   0.0000582040   0.0061029642   0.0000502530
        0.0000351462   0.0003207792   0.0000826806   0.0000303907   0.0071252470
        0.0000626188   0.0000801652  -0.0012881714  -0.0013176528  -0.0017238135
        0.0224196217   0.0000130745   0.0000350661   0.0001537907   0.0000268455
        0.0000155438   0.0006073191  -0.0000192260  -0.0000047165  -0.0027429016
       -0.0001456894  -0.0002275754  -0.0009088109  -0.0000731524   0.0001518205
       -0.0002271057   0.0001512927  -0.0000125871  -0.0001735362   0.0000102075
       -0.0000200769  -0.0027452321   0.0000057983  -0.0000068612  -0.0000041374
        0.0000019736  -0.0000022707   0.0000157231  -0.0000106633   0.0000372519
       -0.0000208193   0.0000122713  -0.0000394635  -0.0000203797
       -0.0016795616  -0.0029451663   0.0000409415   0.0084266978  -0.0137338332
        0.0000230398  -0.0812109243   0.0911593988   0.0000314030  -0.0137120871
        0.0286341388  -0.0001129097  -0.0056752703  -0.0000275089   0.0000063326
       -0.0002882955  -0.0004566255   0.0000093345   0.0001850735  -0.0009452202
        0.0000130745   0.0989470456  -0.1035327993  -0.0002593574  -0.0009397167
        0.0015201623  -0.0000152136  -0.0000284516  -0.0000428022  -0.0000011861
        0.0014651754   0.0014154280  -0.0002601144  -0.0008092615  -0.0010609114
        0.0005781819   0.0006037087  -0.0000873516  -0.0001094575   0.0006296674
        0.0015710538   0.0000015768  -0.0022549917  -0.0009989828   0.0000195594
       -0.0000182105  -0.0002550646   0.0000011141  -0.0018495587  -0.0001081802
       -0.0010974552  -0.0017910388  -0.0001057353   0.0011311358
       -0.0038780135  -0.0029391322   0.0000854893   0.0101244600  -0.0270757588
        0.0000513868   0.0906698950  -0.2633156214   0.0009951507   0.0048685496
       -0.0076676081  -0.0001071952   0.0008458005   0.0009882478   0.0000506381
       -0.0003882590   0.0006966786  -0.0000067805   0.0005292262  -0.0015876942
        0.0000350661  -0.1035327993   0.2967867741  -0.0010256521   0.0002468642
       -0.0003868737  -0.0000487999   0.0000107044  -0.0000646779  -0.0000118010
       -0.0013529583   0.0017577667  -0.0001769640   0.0003241128   0.0002361667
       -0.0000101856  -0.0004344338  -0.0000859611   0.0001985367   0.0015303938
        0.0006683042  -0.0000268355   0.0007628076   0.0005894801  -0.0000059561
        0.0002399652   0.0003863280  -0.0000009930  -0.0002919370   0.0005123067
       -0.0005429185  -0.0002743783   0.0005012748   0.0005478137
        0.0000445919   0.0001665972   0.0070408147  -0.0001718877   0.0003514404
       -0.0006084203   0.0003913117   0.0006551959  -0.0276926429   0.0000588139
        0.0001236555   0.0004343218   0.0000300198  -0.0000759780   0.0066273091
        0.0000819768  -0.0000000653  -0.0002656648  -0.0000048797   0.0000493856
        0.0001537907  -0.0002593574  -0.0010256521   0.0207582641  -0.0000434604
       -0.0000166428  -0.0001545371  -0.0000107546   0.0000064121  -0.0014915681
       -0.0002326015  -0.0006418326  -0.0017704512  -0.0000542278   0.0003364308
       -0.0004531821   0.0001626752   0.0000940770   0.0000400839  -0.0000377665
       -0.0000345587  -0.0018188684   0.0000208594  -0.0000033512  -0.0002183921
       -0.0000001219   0.0000009622  -0.0002037093  -0.0012016459   0.0000648159
       -0.0001720384   0.0012264547  -0.0000508920  -0.0002051097
       -0.0011259138  -0.0034819012   0.0000526778   0.0018412064   0.0000031308
       -0.0000036626  -0.0003107490   0.0024966489   0.0000368500  -0.0174295133
        0.0026442742  -0.0001125768  -0.2951562837   0.0298180514   0.0007378880
       -0.0216745207   0.0008187649   0.0000176779  -0.0012609933  -0.0000183500
        0.0000268455  -0.0009397167   0.0002468642  -0.0000434604   0.3337275251
       -0.0320868713  -0.0006398420   0.0008864917   0.0004716559  -0.0000304728
        0.0017010100  -0.0010079599  -0.0000192763   0.0001262941  -0.0005377248
        0.0002099306   0.0003218685   0.0006850278  -0.0002327568  -0.0007658653
        0.0001133108  -0.0000038261  -0.0000115935  -0.0002480905   0.0000022891
       -0.0000270191  -0.0000174158  -0.0000004326   0.0000481872   0.0000526224
       -0.0000036441   0.0000495854   0.0000479621   0.0000057915
       -0.0031037867  -0.0032637060   0.0000575574  -0.0003188194  -0.0006958730
        0.0000158182   0.0018297554  -0.0047386635   0.0000343026   0.0273482067
       -0.0037463121  -0.0001277866   0.0303516090  -0.0477919353   0.0002910346
       -0.0239629707   0.0018582909   0.0000440256  -0.0012786189  -0.0000666643
        0.0000155438   0.0015201623  -0.0003868737  -0.0000166428  -0.0320868713
        0.0570300841  -0.0004068146  -0.0008648439   0.0008004154  -0.0000193311
        0.0013593712   0.0014083183  -0.0003721458  -0.0002663148   0.0003824375
       -0.0000156368  -0.0005864408  -0.0008200411   0.0004946565   0.0000396720
       -0.0001694245  -0.0000067537   0.0000788980   0.0001684204   0.0000001540
        0.0000146942   0.0000376443   0.0000023303  -0.0000375897  -0.0000003350
       -0.0000456313  -0.0000361128  -0.0000057826   0.0000553195
        0.0001252637   0.0000858168   0.0071154257  -0.0000308160   0.0000513478
        0.0005254949  -0.0000494952   0.0000317242   0.0063839350  -0.0000275407
        0.0001049086   0.0000493502   0.0003629832   0.0004965771  -0.0292138885
        0.0003733501  -0.0000273422  -0.0012098122   0.0000389754   0.0000145343
        0.0006073191  -0.0000152136  -0.0000487999  -0.0001545371  -0.0006398420
       -0.0004068146   0.0219693397  -0.0000145768  -0.0000171519  -0.0026937493
       -0.0004542013  -0.0004049899  -0.0016264373   0.0000326254   0.0001591141
        0.0000499152   0.0002813266  -0.0000421644  -0.0003465162   0.0000121830
       -0.0000061772  -0.0011148175   0.0000040063   0.0000052470  -0.0003772560
       -0.0000002965   0.0000004808  -0.0000036845  -0.0001210594   0.0000316416
        0.0000220774   0.0001223277  -0.0000279523   0.0000178416
       -0.0146551293   0.0283705674  -0.0000816861  -0.0047931375  -0.0000856295
        0.0000697279  -0.0003154369  -0.0006043384   0.0000021630  -0.0014231846
       -0.0030618739   0.0000262304   0.0062145513  -0.0148930076   0.0000172054
       -0.0849613485   0.0933040672  -0.0001386481   0.0007476092   0.0006499037
       -0.0000192260  -0.0000284516   0.0000107044  -0.0000107546   0.0008864917
       -0.0008648439  -0.0000145768   0.0997412309  -0.1037464717   0.0001028950
        0.0004097897  -0.0006608301   0.0000984882  -0.0000931256  -0.0002932406
       -0.0000108802   0.0000884737   0.0000008149  -0.0000347000  -0.0011978801
        0.0015939087  -0.0000012367  -0.0005937300   0.0001709832  -0.0000030712
       -0.0000849641   0.0001151290  -0.0000001111   0.0000281761  -0.0000018197
       -0.0000081822   0.0000300657  -0.0000040229   0.0000063631
        0.0039474337  -0.0058300492   0.0000151365   0.0001289826   0.0015428316
        0.0000063880  -0.0007223321   0.0008013822   0.0000033535  -0.0034601031
       -0.0020546684   0.0001323304   0.0094837759  -0.0264524565   0.0000252087
        0.0933711634  -0.2579654386   0.0006480548  -0.0006291542   0.0010284132
       -0.0000047165  -0.0000428022  -0.0000646779   0.0000064121   0.0004716559
        0.0008004154  -0.0000171519  -0.1037464717   0.2912538830  -0.0007584570
        0.0001758598  -0.0022761563  -0.0002080260  -0.0002338516  -0.0002972758
        0.0000098745   0.0002203516   0.0000019355   0.0001448247   0.0010316363
       -0.0007242399  -0.0000032894   0.0000414321   0.0003418921  -0.0000011432
        0.0000466876  -0.0000273397  -0.0000001300  -0.0000419032  -0.0000401850
        0.0000075772  -0.0000423609  -0.0000382657  -0.0000062466
       -0.0000208177  -0.0000838687   0.0003476412   0.0000637822   0.0000361709
        0.0082202052  -0.0000233423   0.0000233527  -0.0000084703   0.0001471316
        0.0000688195   0.0082273864  -0.0001193600   0.0002155213   0.0005188424
       -0.0000538584   0.0006021309  -0.0344011858  -0.0000059687  -0.0000221789
       -0.0027429016  -0.0000011861  -0.0000118010  -0.0014915681  -0.0000304728
       -0.0000193311  -0.0026937493   0.0001028950  -0.0007584570   0.0244666744
       -0.0000390395  -0.0000456052  -0.0000942276  -0.0000299731   0.0000059254
       -0.0002443175   0.0000161748  -0.0000028421   0.0000286937  -0.0000050756
       -0.0000037050   0.0001021451   0.0000019520  -0.0000027678  -0.0002155340
       -0.0000009013  -0.0000012748  -0.0000167839  -0.0000255226   0.0000222783
       -0.0000010988   0.0000235825  -0.0000223673  -0.0000017516
        0.0001320387  -0.0028638160   0.0000380726   0.0008974970   0.0072391661
        0.0004941229  -0.0449260407  -0.0380477816  -0.0007300634  -0.1627313924
       -0.1061263244  -0.0112484617   0.0084987270   0.0017343444  -0.0001484617
       -0.0013052519   0.0039343002   0.0007917031  -0.0001328068  -0.0003326904
       -0.0001456894   0.0014651754  -0.0013529583  -0.0002326015   0.0017010100
        0.0013593712  -0.0004542013   0.0004097897   0.0001758598  -0.0000390395
        0.6844529294  -0.0488104260  -0.0643203364  -0.1141371491   0.1321893122
       -0.0449408000  -0.3689436635   0.0530182245   0.1209825119  -0.0059830578
       -0.0013874729  -0.0000124300   0.0003344022  -0.0007918139  -0.0000104743
       -0.0001396269   0.0000046152  -0.0000036682   0.0002128666   0.0000267224
       -0.0000552449   0.0001945531   0.0000313675   0.0000350617
       -0.0042540332  -0.0006329451   0.0000564748   0.0073697629   0.0013246586
        0.0009966567  -0.0143774249  -0.0030402118  -0.0004833138  -0.1068437883
       -0.2310843287  -0.0147723341  -0.0209785413  -0.0559492081  -0.0007111574
        0.0080080572   0.0000420515   0.0008263657  -0.0002658381  -0.0003646339
       -0.0002275754   0.0014154280   0.0017577667  -0.0006418326  -0.0010079599
        0.0014083183  -0.0004049899  -0.0006608301  -0.0022761563  -0.0000456052
       -0.0488104260   0.6518876132  -0.0957587939   0.1314194296  -0.3067584886
        0.1177563893   0.0532090340  -0.0561303768  -0.0065402953  -0.0047128947
        0.0005731485  -0.0000389815   0.0003499932  -0.0010195156  -0.0000312536
       -0.0001236094   0.0000420082   0.0000069766   0.0001412551   0.0001089269
       -0.0001416768   0.0001223860   0.0001113729   0.0001549466
       -0.0014814895  -0.0007967102  -0.0000369921   0.0036834095   0.0017047819
        0.0043294080  -0.0040974824   0.0001104359   0.0044234762   0.0110191044
        0.0163413210  -0.0313050864   0.0015021501  -0.0040989527   0.0045089591
        0.0018478779   0.0024165819   0.0044515666  -0.0001357777  -0.0002250873
       -0.0009088109  -0.0002601144  -0.0001769640  -0.0017704512  -0.0000192763
       -0.0003721458  -0.0016264373   0.0000984882  -0.0002080260  -0.0000942276
       -0.0643203364  -0.0957587939   0.0884191643  -0.0385615941   0.0899767663
       -0.0364943253   0.0927757772  -0.0088359365  -0.0339148740  -0.0022434761
        0.0003161610   0.0000852766   0.0001411818  -0.0004950570  -0.0002042181
       -0.0000819808   0.0000098251   0.0000278282   0.0001177435   0.0000396622
        0.0000025604   0.0000157953   0.0000521380   0.0001071835
        0.0001738278  -0.0001435939   0.0000458626  -0.0000427830   0.0006650751
        0.0001436353   0.0000913139  -0.0022901913  -0.0002298129   0.0102797113
       -0.0115551199   0.0050954938  -0.0016559826  -0.0037359320   0.0001477328
        0.0005191317  -0.0006655426  -0.0001275165   0.0000210957   0.0000552212
       -0.0000731524  -0.0008092615   0.0003241128  -0.0000542278   0.0001262941
       -0.0002663148   0.0000326254  -0.0000931256  -0.0002338516  -0.0000299731
       -0.1141371491   0.1314194296  -0.0385615941   0.1180930472  -0.1389483436
        0.0432058712  -0.0124519171   0.0254221516  -0.0095835362  -0.0001456511
       -0.0000883385  -0.0000194803   0.0000791758   0.0000157823   0.0000068193
        0.0000446706   0.0000612965  -0.0000036503  -0.0000568750  -0.0000193470
       -0.0000846120  -0.0000355229  -0.0000164938   0.0000895152
        0.0000371021   0.0006378812  -0.0000247114  -0.0004120567  -0.0010085565
       -0.0005027874   0.0031763702   0.0022096445  -0.0003588514   0.0064462974
       -0.0317279151   0.0075149147  -0.0038676969  -0.0026082646   0.0006981564
        0.0005737942  -0.0014254123  -0.0006227187  -0.0000057533   0.0001191829
        0.0001518205  -0.0010609114   0.0002361667   0.0003364308  -0.0005377248
        0.0003824375   0.0001591141  -0.0002932406  -0.0002972758   0.0000059254
        0.1321893122  -0.3067584886   0.0899767663  -0.1389483436   0.3435984619
       -0.0992901222   0.0021622924  -0.0036259559   0.0019767258   0.0006504256
        0.0000830834  -0.0000044284  -0.0000550571   0.0000820810   0.0000169835
        0.0000450397   0.0000506926  -0.0000122602  -0.0000552929   0.0000297290
       -0.0000301039  -0.0000445565   0.0000225081   0.0000091462
        0.0009548954  -0.0001589375   0.0000197951  -0.0009731965   0.0000638189
        0.0004559712   0.0008670761   0.0000298116  -0.0009421021  -0.0035084522
       -0.0102057785  -0.0039878439  -0.0007598715   0.0011823814   0.0018630949
       -0.0011695819  -0.0012473780   0.0015210813   0.0000789828   0.0000382394
       -0.0002271057   0.0005781819  -0.0000101856  -0.0004531821   0.0002099306
       -0.0000156368   0.0000499152  -0.0000108802   0.0000098745  -0.0002443175
       -0.0449408000   0.1177563893  -0.0364943253   0.0432058712  -0.0992901222
        0.0393219077   0.0045774853  -0.0081673684  -0.0008788652   0.0009407979
       -0.0001379789  -0.0000538238  -0.0000484310   0.0002254376   0.0000947244
        0.0000144476  -0.0000284164  -0.0000085004  -0.0000447766  -0.0000296266
        0.0000351176   0.0000283208  -0.0000145237  -0.0000715414
        0.0008022351   0.0000306553  -0.0000361958  -0.0013217905   0.0002733893
       -0.0005362361  -0.0005915696  -0.0033787314   0.0005827493  -0.0260949469
       -0.0053227920   0.0053973449   0.0017187621   0.0037239483  -0.0003046015
       -0.0012084581  -0.0002927663  -0.0004845740   0.0000760811   0.0000352965
        0.0001512927   0.0006037087  -0.0004344338   0.0001626752   0.0003218685
       -0.0005864408   0.0002813266   0.0000884737   0.0002203516   0.0000161748
       -0.3689436635   0.0532090340   0.0927757772  -0.0124519171   0.0021622924
        0.0045774853   0.4068542820  -0.0492753468  -0.1026223332   0.0001657734
       -0.0004693952   0.0000099755  -0.0000514678   0.0001704972   0.0000205005
        0.0000035045  -0.0000127853   0.0000048660   0.0000051546  -0.0000252298
        0.0000424886   0.0000239697  -0.0000275431  -0.0000387159
        0.0001080816   0.0000371052   0.0000366944  -0.0010518855   0.0005378932
       -0.0002919987  -0.0034875611  -0.0039961495   0.0003360101  -0.0236298091
        0.0049068110   0.0067831578  -0.0018015957   0.0006091047  -0.0003091716
        0.0003404640   0.0000143950  -0.0000115337   0.0000603622   0.0000425287
       -0.0000125871  -0.0000873516  -0.0000859611   0.0000940770   0.0006850278
       -0.0008200411  -0.0000421644   0.0000008149   0.0000019355  -0.0000028421
        0.0530182245  -0.0561303768  -0.0088359365   0.0254221516  -0.0036259559
       -0.0081673684  -0.0492753468   0.0588545880   0.0104295763  -0.0003274588
       -0.0003114389  -0.0000065289  -0.0000016354  -0.0000161591  -0.0000053018
        0.0000197963   0.0000060128   0.0000015569   0.0000014607  -0.0000129327
       -0.0000084545   0.0000062603  -0.0000113590   0.0000128151
       -0.0000593045   0.0005631714   0.0000098086  -0.0014190174  -0.0012114108
        0.0017203395   0.0012130506  -0.0003471576   0.0017120384  -0.0083144504
       -0.0065039883  -0.0037107769  -0.0002347983   0.0008790753  -0.0008708714
       -0.0001045947  -0.0002273667   0.0001637970   0.0000057975   0.0000960384
       -0.0001735362  -0.0001094575   0.0001985367   0.0000400839  -0.0002327568
        0.0004946565  -0.0003465162  -0.0000347000   0.0001448247   0.0000286937
        0.1209825119  -0.0065402953  -0.0339148740  -0.0095835362   0.0019767258
       -0.0008788652  -0.1026223332   0.0104295763   0.0365262259   0.0005992851
       -0.0000516197  -0.0003513308  -0.0000519133   0.0000906570   0.0000404160
        0.0000381679   0.0000136683  -0.0000021562  -0.0000567437   0.0000010201
        0.0000021052  -0.0000152068  -0.0000061120   0.0000054186
       -0.0382346518   0.0189463464   0.0001103184  -0.2375375363  -0.0296889784
        0.0002809396  -0.0478745553  -0.0067053970   0.0004751203   0.0062862142
        0.0018218253   0.0003528404  -0.0019402007  -0.0028358009   0.0002062363
        0.0053010825   0.0017984479   0.0000118899   0.0012916367  -0.0000734749
        0.0000102075   0.0006296674   0.0015303938  -0.0000377665  -0.0007658653
        0.0000396720   0.0000121830  -0.0011978801   0.0010316363  -0.0000050756
       -0.0059830578  -0.0047128947  -0.0022434761  -0.0001456511   0.0006504256
        0.0009407979   0.0001657734  -0.0003274588   0.0005992851   0.4210538176
       -0.0703050797  -0.0010881680  -0.0833279553   0.0475680252   0.0003279748
       -0.0237362590   0.0335490925   0.0001792865   0.0028888392   0.0041076328
       -0.0056232466   0.0031265818   0.0036055865   0.0054906531
        0.0417999804  -0.0048222221  -0.0000718977  -0.0031656984  -0.0833220632
        0.0001405856  -0.0318828577   0.0016862294  -0.0000060027  -0.0016481281
       -0.0065528499   0.0000251682  -0.0000018801   0.0013908763  -0.0000466335
        0.0005954535  -0.0056948902   0.0000675943  -0.0005908285   0.0016352013
       -0.0000200769   0.0015710538   0.0006683042  -0.0000345587   0.0001133108
       -0.0001694245  -0.0000061772   0.0015939087  -0.0007242399  -0.0000037050
       -0.0013874729   0.0005731485   0.0003161610  -0.0000883385   0.0000830834
       -0.0001379789  -0.0004693952  -0.0003114389  -0.0000516197  -0.0703050797
        0.3666221467   0.0004009114   0.0320636009  -0.1960779947  -0.0005086591
        0.0059764145   0.0000871843  -0.0000504748   0.0129625261  -0.0375170194
        0.0098864148   0.0128634304  -0.0375540311  -0.0098990509
       -0.0000912828  -0.0000045260   0.0040058548   0.0005301607   0.0001141177
       -0.0349579855   0.0004868812   0.0000135812   0.0046826709  -0.0000629605
        0.0001732965   0.0071833941   0.0000101063  -0.0000471845  -0.0000218486
        0.0000523335   0.0000504011   0.0044639331  -0.0000060337  -0.0000330218
       -0.0027452321   0.0000015768  -0.0000268355  -0.0018188684  -0.0000038261
       -0.0000067537  -0.0011148175  -0.0000012367  -0.0000032894   0.0001021451
       -0.0000124300  -0.0000389815   0.0000852766  -0.0000194803  -0.0000044284
       -0.0000538238   0.0000099755  -0.0000065289  -0.0003513308  -0.0010881680
        0.0004009114   0.0603967979   0.0001565901  -0.0003262651  -0.0456836381
        0.0001503451  -0.0002466107   0.0009302526  -0.0125749287   0.0248004277
        0.0025837558   0.0124623775  -0.0248083100   0.0023134635
       -0.0047937843  -0.0010566775   0.0000389948  -0.0275280874   0.0334825517
        0.0001572413   0.0007910585   0.0004827106  -0.0000268746  -0.0004732259
        0.0003911739  -0.0000259596  -0.0000002897   0.0003692740  -0.0000206456
       -0.0013791167   0.0020055708  -0.0000191581  -0.0001566613  -0.0001586190
        0.0000057983  -0.0022549917   0.0007628076   0.0000208594  -0.0000115935
        0.0000788980   0.0000040063  -0.0005937300   0.0000414321   0.0000019520
        0.0003344022   0.0003499932   0.0001411818   0.0000791758  -0.0000550571
       -0.0000484310  -0.0000514678  -0.0000016354  -0.0000519133  -0.0833279553
        0.0320636009   0.0001565901   0.5026494438   0.0518343460   0.0000671496
       -0.2679763783  -0.0607974296   0.0021249505  -0.0567406735  -0.0289906989
        0.0461056684  -0.0585661249  -0.0308022413  -0.0486314103
       -0.0003356319  -0.0001423807  -0.0000107595   0.0181013087   0.0015728477
       -0.0000951308  -0.0039645094   0.0008854806   0.0000841744   0.0025679734
        0.0012408344   0.0001162085   0.0000767706   0.0002980344   0.0000344372
       -0.0000482146  -0.0012003965   0.0000144189   0.0004586084   0.0006621959
       -0.0000068612  -0.0009989828   0.0005894801  -0.0000033512  -0.0002480905
        0.0001684204   0.0000052470   0.0001709832   0.0003418921  -0.0000027678
       -0.0007918139  -0.0010195156  -0.0004950570   0.0000157823   0.0000820810
        0.0002254376   0.0001704972  -0.0000161591   0.0000906570   0.0475680252
       -0.1960779947  -0.0003262651   0.0518343460   0.4243362272  -0.0001305228
       -0.0541152256  -0.0520608937   0.0005002933  -0.0292677264  -0.0894768774
        0.0886854857  -0.0311940998  -0.0901832761  -0.0886856442
       -0.0000001168  -0.0000149416   0.0012279210   0.0000607073  -0.0000251594
       -0.0043433914  -0.0000463985  -0.0000151820  -0.0017240704   0.0000444732
        0.0000015275   0.0010923443   0.0000057601   0.0000164227   0.0000253862
       -0.0000010225   0.0000061163   0.0016056071  -0.0000009185   0.0000008373
       -0.0000041374   0.0000195594  -0.0000059561  -0.0002183921   0.0000022891
        0.0000001540  -0.0003772560  -0.0000030712  -0.0000011432  -0.0002155340
       -0.0000104743  -0.0000312536  -0.0002042181   0.0000068193   0.0000169835
        0.0000947244   0.0000205005  -0.0000053018   0.0000404160   0.0003279748
       -0.0005086591  -0.0456836381   0.0000671496  -0.0001305228   0.4849547681
        0.0021325694   0.0005578794  -0.0438207190   0.0469813145   0.0887892673
       -0.1972310353  -0.0496071152  -0.0886510684  -0.1952187753
       -0.0006959842  -0.0002920895   0.0000067302  -0.0017926206   0.0030440520
        0.0000675034   0.0002351840   0.0004930555  -0.0000008510   0.0003465184
        0.0002040178   0.0000094975   0.0000584911   0.0000251476   0.0000023907
       -0.0000808664   0.0002054604  -0.0000072093  -0.0000226791   0.0000283744
        0.0000019736  -0.0000182105   0.0002399652  -0.0000001219  -0.0000270191
        0.0000146942  -0.0000002965  -0.0000849641   0.0000466876  -0.0000009013
       -0.0001396269  -0.0001236094  -0.0000819808   0.0000446706   0.0000450397
        0.0000144476   0.0000035045   0.0000197963   0.0000381679  -0.0237362590
        0.0059764145   0.0001503451  -0.2679763783  -0.0541152256   0.0021325694
        0.3161878272   0.0547669514  -0.0025507773  -0.0109113763  -0.0052292485
        0.0021363188  -0.0113902113  -0.0053494835  -0.0019178060
        0.0015364340  -0.0000427922  -0.0000058823   0.0029032250  -0.0048080821
       -0.0000580093  -0.0004224406  -0.0006496605   0.0000085086  -0.0000007723
        0.0001594411  -0.0000021069  -0.0001148195   0.0000627836  -0.0000050843
        0.0000410309  -0.0003540657   0.0000095651   0.0000322974   0.0001223912
       -0.0000022707  -0.0002550646   0.0003863280   0.0000009622  -0.0000174158
        0.0000376443   0.0000004808   0.0001151290  -0.0000273397  -0.0000012748
        0.0000046152   0.0000420082   0.0000098251   0.0000612965   0.0000506926
       -0.0000284164  -0.0000127853   0.0000060128   0.0000136683   0.0335490925
        0.0000871843  -0.0002466107  -0.0607974296  -0.0520608937   0.0005578794
        0.0547669514   0.0642525223  -0.0005813474  -0.0156602368  -0.0036268973
        0.0013163690  -0.0157291076  -0.0036372771  -0.0009862559
       -0.0000031944  -0.0000013706   0.0000657377  -0.0000185714  -0.0000030782
        0.0005428064  -0.0000196892  -0.0000065521   0.0003443976   0.0000035970
        0.0000019550  -0.0000073705   0.0000075374   0.0000004296   0.0000136097
        0.0000023053  -0.0000057478   0.0000115040   0.0000001261   0.0000005226
        0.0000157231   0.0000011141  -0.0000009930  -0.0002037093  -0.0000004326
        0.0000023303  -0.0000036845  -0.0000001111  -0.0000001300  -0.0000167839
       -0.0000036682   0.0000069766   0.0000278282  -0.0000036503  -0.0000122602
       -0.0000085004   0.0000048660   0.0000015569  -0.0000021562   0.0001792865
       -0.0000504748   0.0009302526   0.0021249505   0.0005002933  -0.0438207190
       -0.0025507773  -0.0005813474   0.0456673429   0.0264497036   0.0081199082
       -0.0020827925  -0.0261733921  -0.0079720184  -0.0014734860
       -0.0005202005   0.0004849795   0.0001908565   0.0017431935   0.0004351827
       -0.0013818802   0.0002231317  -0.0001474494  -0.0000822100  -0.0006155030
        0.0000582779   0.0004267518  -0.0000184727  -0.0003107652   0.0000327826
        0.0003350475   0.0001150544   0.0001903177  -0.0000004865  -0.0001483548
       -0.0000106633  -0.0018495587  -0.0002919370  -0.0012016459   0.0000481872
       -0.0000375897  -0.0001210594   0.0000281761  -0.0000419032  -0.0000255226
        0.0002128666   0.0001412551   0.0001177435  -0.0000568750  -0.0000552929
       -0.0000447766   0.0000051546   0.0000014607  -0.0000567437   0.0028888392
        0.0129625261  -0.0125749287  -0.0567406735  -0.0292677264   0.0469813145
       -0.0109113763  -0.0156602368   0.0264497036   0.0628837475   0.0290131415
       -0.0509425736   0.0023448024   0.0027493774  -0.0079474661
        0.0005210362  -0.0004524227  -0.0001957756  -0.0017587863   0.0007807326
        0.0005334288   0.0002181733   0.0003984698  -0.0004093364  -0.0000653349
       -0.0002555326   0.0000459483   0.0000984357   0.0002757842  -0.0000243643
       -0.0003456561   0.0000599505  -0.0002133284  -0.0000618661   0.0001215933
        0.0000372519  -0.0001081802   0.0005123067   0.0000648159   0.0000526224
       -0.0000003350   0.0000316416  -0.0000018197  -0.0000401850   0.0000222783
        0.0000267224   0.0001089269   0.0000396622  -0.0000193470   0.0000297290
       -0.0000296266  -0.0000252298  -0.0000129327   0.0000010201   0.0041076328
       -0.0375170194   0.0248004277  -0.0289906989  -0.0894768774   0.0887892673
       -0.0052292485  -0.0036268973   0.0081199082   0.0290131415   0.1216362733
       -0.1103407939   0.0025684033   0.0074584358  -0.0112724250
       -0.0003279074   0.0001491481   0.0000022680   0.0019425504  -0.0000695373
        0.0004648715  -0.0000917322   0.0004135414   0.0001154960   0.0001962664
       -0.0000525568  -0.0002036439   0.0000548615  -0.0002442484   0.0000172496
        0.0003399893  -0.0000401947   0.0000192765   0.0000265445  -0.0000903869
       -0.0000208193  -0.0010974552  -0.0005429185  -0.0001720384  -0.0000036441
       -0.0000456313   0.0000220774  -0.0000081822   0.0000075772  -0.0000010988
       -0.0000552449  -0.0001416768   0.0000025604  -0.0000846120  -0.0000301039
        0.0000351176   0.0000424886  -0.0000084545   0.0000021052  -0.0056232466
        0.0098864148   0.0025837558   0.0461056684   0.0886854857  -0.1972310353
        0.0021363188   0.0013163690  -0.0020827925  -0.0509425736  -0.1103407939
        0.2253307812   0.0073899103   0.0111479666  -0.0288841311
       -0.0005231636   0.0004950889  -0.0001856816   0.0017785066   0.0004344067
        0.0014004799   0.0002373862  -0.0001593821   0.0000720857  -0.0006336657
        0.0000878315  -0.0004507613  -0.0000149804  -0.0003333928  -0.0000265408
        0.0003479792   0.0001169752  -0.0001960949  -0.0000012058  -0.0001473402
        0.0000122713  -0.0017910388  -0.0002743783   0.0012264547   0.0000495854
       -0.0000361128   0.0001223277   0.0000300657  -0.0000423609   0.0000235825
        0.0001945531   0.0001223860   0.0000157953  -0.0000355229  -0.0000445565
        0.0000283208   0.0000239697   0.0000062603  -0.0000152068   0.0031265818
        0.0128634304   0.0124623775  -0.0585661249  -0.0311940998  -0.0496071152
       -0.0113902113  -0.0157291076  -0.0261733921   0.0023448024   0.0025684033
        0.0073899103   0.0648224833   0.0312659489   0.0539011871
        0.0005005266  -0.0004522628   0.0001943066  -0.0017348511   0.0008314395
       -0.0004841138   0.0002115109   0.0003891565   0.0003925920  -0.0000656468
       -0.0002602823  -0.0000728726   0.0000972571   0.0002765929   0.0000043531
       -0.0003420006   0.0000677343   0.0002091863  -0.0000615183   0.0001223968
       -0.0000394635  -0.0001057353   0.0005012748  -0.0000508920   0.0000479621
       -0.0000057826  -0.0000279523  -0.0000040229  -0.0000382657  -0.0000223673
        0.0000313675   0.0001113729   0.0000521380  -0.0000164938   0.0000225081
       -0.0000145237  -0.0000275431  -0.0000113590  -0.0000061120   0.0036055865
       -0.0375540311  -0.0248083100  -0.0308022413  -0.0901832761  -0.0886510684
       -0.0053494835  -0.0036372771  -0.0079720184   0.0027493774   0.0074584358
        0.0111479666   0.0312659489   0.1223616249   0.1101491514
        0.0003137762  -0.0001494510   0.0000005314  -0.0019127465   0.0000793340
        0.0005029697   0.0000843371  -0.0004276477   0.0001181520  -0.0001964499
        0.0000378419  -0.0002311035  -0.0000509339   0.0002522290  -0.0000013166
       -0.0003349454   0.0000350510   0.0000206498  -0.0000273469   0.0000930728
       -0.0000203797   0.0011311358   0.0005478137  -0.0002051097   0.0000057915
        0.0000553195   0.0000178416   0.0000063631  -0.0000062466  -0.0000017516
        0.0000350617   0.0001549466   0.0001071835   0.0000895152   0.0000091462
       -0.0000715414  -0.0000387159   0.0000128151   0.0000054186   0.0054906531
       -0.0098990509   0.0023134635  -0.0486314103  -0.0886856442  -0.1952187753
       -0.0019178060  -0.0009862559  -0.0014734860  -0.0079474661  -0.0112724250
       -0.0288841311   0.0539011871   0.1101491514   0.2230213847
