           1           2   1.34215546215059     
           2           3   1.40532441302503     
           3           4   1.33555975989641     
           4           5   1.34284027862338     
           1           6   1.44841488678575     
           5           6   1.44790567319226     
           1           7  0.970169936674864     
           3           8  0.963319075966601     
           5           9  0.968863764600148     
           6          10  0.970739153265969     
           4          11   1.18120571723633     
          11          12  0.940904176493071     
          11          13  0.941280572017936     
           2          14   1.03960422240531     
          14          15  0.975223722469238     
          15          16  0.978408774734774     
          15          17  0.976887152717907     
          15          18  0.976874429004777     
