           1           2   1.44427221625246     
           2           3   1.44693820563305     
           3           4   1.35588297233362     
           4           5   1.38765110229903     
           1           6   1.37623176236042     
           5           6   1.38170995627395     
           4           7   1.07950819128284     
           7           8  0.837899872627462     
           2           9  0.968500291702737     
           3          10  0.966672146829163     
           5          11  0.959153014483511     
           1          12  0.966885241476326     
           6          13   1.03447445223073     
          13          14   1.76473453967273     
          13          15   1.01732284530152     
          15          16  0.982213099289779     
          15          17  0.953491529385049     
          15          18  0.953473835990813     
