           1           2   1.34551139037286     
           2           3   1.47641099931232     
           3           4   1.35089180324717     
           4           5   1.34444593906242     
           1           6   1.33884143761740     
           5           6   1.48536164767369     
           4           7   1.10451308394384     
           7           8  0.832750749805108     
           2           9  0.969130184575480     
           3          10  0.962353885879252     
           5          11  0.964806105297124     
           6          12  0.969225283444737     
           1          13   1.10813151533707     
          13          14   2.76988228022016     
