           1           2  0.951279649397925     
           1           3   1.00982106548864     
           3           4  0.974734415903155     
           3           5  0.966856931653914     
           3           6   1.01864715061873     
           6           7  0.986437997104553     
           6           8  0.985164964969801     
           6           9  0.986204908793964     
           1          10   1.00982106548864     
          10          11  0.974734415903156     
          10          12  0.966856931653913     
          10          13   1.01864715061873     
          13          14  0.986204908793965     
          13          15  0.985164964969798     
          13          16  0.986437997104551     
