$hessian                                                                        
        0.6819002356  -0.0049540860   0.0035433504  -0.0923232796   0.0501726864
       -0.0083939766   0.0260545546   0.0203036416  -0.0032335582  -0.0126403209
       -0.0320279542   0.0053135379  -0.0688243440   0.0282186756  -0.0046248081
       -0.2810696690  -0.1431646202   0.0228736965  -0.0037949268   0.0027702850
       -0.0004014205  -0.0016598844  -0.0021030248   0.0003339613  -0.0011576474
        0.0012460539  -0.0002367569   0.0003652968   0.0007492263  -0.0000847943
        0.0002648494  -0.0001860858  -0.0001569657   0.0000416162   0.0001431222
       -0.0000224233   0.0002746754  -0.0001324157   0.0002050091  -0.2350988835
        0.1173549852  -0.0207222609  -0.0105249709  -0.0405493959   0.0064093577
        0.0022782834  -0.0027699244   0.0003329158  -0.0000289136   0.0000080209
       -0.0000034423   0.0002797524   0.0000298083  -0.0003038737   0.0003257681
        0.0001518586   0.0002507090  -0.0042107102   0.0045599159  -0.0011246958
       -0.0004227310   0.0002578765  -0.0000690684  -0.0000152870  -0.0001722700
        0.0000012604  -0.0000394801   0.0000177721   0.0001021365   0.0000260164
        0.0000758486   0.0000121100
       -0.0049540860   0.6333083465  -0.0877589432  -0.0284753988  -0.2984873800
        0.0416699386   0.0702419412  -0.0331819288   0.0055013053  -0.0274029899
       -0.0429704123   0.0070039276  -0.0282438720   0.0522601208  -0.0083967056
       -0.0673937485  -0.1481195623   0.0171621178   0.0032838505  -0.0001699864
        0.0011661629  -0.0255869017  -0.0176531876   0.0029212427   0.0020130125
       -0.0008059578  -0.0000765709   0.0003594341   0.0008219606   0.0000231065
        0.0004092525  -0.0001043298  -0.0001350004  -0.0001398168   0.0001215471
       -0.0000018868   0.0004523924  -0.0000626883   0.0001957697   0.1169632189
       -0.1132661031   0.0143392905  -0.0156905844  -0.0318011341   0.0057128111
        0.0013141709  -0.0005000011  -0.0003618159   0.0009338459  -0.0003445701
        0.0000870338  -0.0001417484   0.0003653395   0.0003570760  -0.0001213518
        0.0003438038  -0.0004272002   0.0026386220   0.0008413450   0.0016240318
       -0.0002552546  -0.0007440398  -0.0009017066  -0.0001257901  -0.0000463692
        0.0000492499  -0.0000692824   0.0001266388   0.0000022768  -0.0000089157
        0.0000685487   0.0002444884
        0.0035433504  -0.0877589432   0.1169892781   0.0048544074   0.0415628887
       -0.0539410651  -0.0124662857   0.0057507274  -0.0037202989   0.0046394702
        0.0065893422  -0.0037567785   0.0046203034  -0.0083938547   0.0038436517
        0.0102782132   0.0170268004  -0.0453210271  -0.0004834105   0.0011640811
        0.0066376208   0.0042156856   0.0029525840  -0.0002241436  -0.0004321246
        0.0001994206  -0.0000426394  -0.0000464372  -0.0001159401   0.0000071793
       -0.0001035821   0.0000381427   0.0000113924   0.0000190825  -0.0000127920
       -0.0000265905  -0.0000417053   0.0000066153  -0.0000439581  -0.0205134110
        0.0146247365  -0.0310186991   0.0025325153   0.0053198514   0.0043674638
       -0.0003623773  -0.0000464508  -0.0017834655  -0.0001467565   0.0001074110
        0.0003081469   0.0000633113  -0.0004186973   0.0000897542  -0.0000618514
        0.0002652628   0.0001465917   0.0004761677  -0.0009914418   0.0074439869
       -0.0005624533   0.0017038161  -0.0000862362   0.0000142085   0.0000795262
       -0.0001848766   0.0000253504   0.0002754821   0.0002997535  -0.0000616711
        0.0000714315   0.0000049592
       -0.0923232796  -0.0284753988   0.0048544074   0.5984172278  -0.0160592814
        0.0069534591  -0.2259525398   0.1311532363  -0.0224295805  -0.0685251776
       -0.0223843136   0.0037134018  -0.0126523133   0.0274089573  -0.0046409161
        0.0256318026  -0.0259160924   0.0042971095   0.0006218745   0.0007145569
       -0.0000732257  -0.0035217597  -0.0025643829   0.0003396495   0.0071437690
       -0.0077483765   0.0008721820  -0.0030555922  -0.0001255772   0.0002655242
        0.0003814760   0.0003618077  -0.0004004129  -0.0001225187  -0.0001185182
        0.0000282094   0.0004123052   0.0004722264   0.0002964951  -0.0013555241
        0.0272132172  -0.0045164774  -0.1777284320  -0.0695348861   0.0105614085
       -0.0422655103  -0.0152871309   0.0021321055  -0.0064961324   0.0023781502
       -0.0003028030   0.0020705826  -0.0006663020   0.0016732446   0.0021208483
       -0.0010370462  -0.0014686813  -0.0030118156   0.0031349172  -0.0011832191
        0.0001996770  -0.0018521760   0.0005220923   0.0003692056  -0.0001543891
       -0.0009290557   0.0001274520  -0.0010153847  -0.0005285627  -0.0004856252
        0.0001021867  -0.0000363543
        0.0501726864  -0.2984873800   0.0415628887  -0.0160592814   0.6457946565
       -0.0858043451   0.0556964594  -0.1182014193   0.0123936818   0.0223593865
        0.0551585630  -0.0110209408   0.0320342156  -0.0429583030   0.0065910301
       -0.0836024260  -0.0342033196   0.0051828330   0.0005184997  -0.0003778347
        0.0001104779  -0.0019092375   0.0004087805   0.0012006356  -0.0017708306
       -0.0025910586   0.0014210145  -0.0019472147  -0.0011977985   0.0004823370
       -0.0004657172   0.0002927770   0.0000863032  -0.0001078359  -0.0003117520
        0.0000300598  -0.0003729436   0.0002685524  -0.0001924683   0.0040801741
       -0.0164258702   0.0031907304  -0.0948654165  -0.1541381043   0.0166083424
        0.0014172592   0.0159203167  -0.0025179420   0.0021538038  -0.0007814854
        0.0001583347   0.0011030946   0.0004577117   0.0010304976   0.0014735502
        0.0004755638  -0.0009916705   0.0276310168  -0.0485608223   0.0095673856
        0.0029330983   0.0001641407   0.0032292054  -0.0002735982   0.0001513406
       -0.0008924929  -0.0000245309  -0.0003998732  -0.0008624758  -0.0001742121
       -0.0004573821  -0.0005634224
       -0.0083939766   0.0416699386  -0.0539410651   0.0069534591  -0.0858043451
        0.1385724424  -0.0114089889   0.0122625804  -0.0465393193  -0.0037153197
       -0.0110240855  -0.0055625142  -0.0053157086   0.0070049752  -0.0037572983
        0.0139558863   0.0051478372  -0.0026727990  -0.0000767455   0.0001605025
        0.0005196056   0.0002792042   0.0011879071   0.0074504085   0.0004030464
        0.0016050358   0.0044772650   0.0004424824   0.0003863876   0.0017774795
       -0.0002572417  -0.0000901672  -0.0000348629   0.0000701379   0.0000700678
       -0.0000055671   0.0003863900  -0.0000181057  -0.0000081402  -0.0007207879
        0.0028545760  -0.0006070096   0.0124917483   0.0165710871  -0.0375411115
        0.0003739798  -0.0026264694  -0.0040391020  -0.0000020734   0.0001451975
        0.0005568611  -0.0016651624  -0.0003024497   0.0004221928   0.0013180132
        0.0005024120   0.0006734401  -0.0045513786   0.0109188181  -0.0002478507
       -0.0004294805  -0.0005581103   0.0004373442  -0.0000269380  -0.0001986876
        0.0000526260  -0.0001403970  -0.0000728374  -0.0000027124   0.0000298512
        0.0002079353   0.0000196873
        0.0260545546   0.0702419412  -0.0124662857  -0.2259525398   0.0556964594
       -0.0114089889   0.6405074433  -0.0000022226  -0.0000018659  -0.2259056201
       -0.0557139719   0.0114036531   0.0260733662  -0.0702294978   0.0124657711
       -0.0599948109  -0.0000069811  -0.0000018412   0.0006609216   0.0013689675
       -0.0003101631  -0.0007172202  -0.0000002555  -0.0000005320  -0.0605617755
        0.0000910674   0.0012847479  -0.0028698210   0.0014987398  -0.0001516423
       -0.0008338110   0.0000283324   0.0002911209  -0.0008478904  -0.0007574316
        0.0000715467  -0.0007779212  -0.0000267290  -0.0003547087   0.0006612391
       -0.0013679011   0.0003097566  -0.0605572458  -0.0001035476  -0.0012888469
       -0.0028691416  -0.0014984830   0.0001519377  -0.0008477018   0.0007573152
       -0.0000708589  -0.0008342630  -0.0000279335  -0.0002908401  -0.0007775915
        0.0000260786   0.0003551950  -0.0468789142   0.0000026759   0.0000150237
       -0.0043805689   0.0000181378  -0.0000033607   0.0004754612  -0.0018599870
        0.0001826366   0.0006982961   0.0000048416   0.0000038174   0.0004755548
        0.0018603849  -0.0001852723
        0.0203036416  -0.0331819288   0.0057507274   0.1311532363  -0.1182014193
        0.0122625804  -0.0000022226   0.5620944611  -0.0656595592  -0.1311697545
       -0.1182352602   0.0122620054  -0.0202908963  -0.0332023642   0.0057500235
       -0.0000069694   0.0031771141  -0.0010001690   0.0003951454  -0.0035789866
        0.0017086308  -0.0000002486   0.0011084394  -0.0000960095   0.0264174748
        0.0044060549  -0.0004117406   0.0015560849  -0.0041150510   0.0009270813
       -0.0002634119   0.0002351224  -0.0000324789   0.0013027333   0.0003430330
       -0.0000207757  -0.0001447444   0.0002939884  -0.0000394573  -0.0003944247
       -0.0035795462   0.0017082272  -0.0264312342   0.0044015397  -0.0004093134
       -0.0015552788  -0.0041157125   0.0009262577  -0.0013029540   0.0003429344
       -0.0000201248   0.0002625473   0.0002352733  -0.0000326348   0.0001452071
        0.0002938840  -0.0000393936   0.0000068501  -0.2138822501   0.0429574444
        0.0000177344  -0.0441694831  -0.0147039213   0.0009039710   0.0014470066
        0.0013013584   0.0000020771  -0.0035643185  -0.0043888492  -0.0009045641
        0.0014474692   0.0013000911
       -0.0032335582   0.0055013053  -0.0037202989  -0.0224295805   0.0123936818
       -0.0465393193  -0.0000018659  -0.0656595592   0.1447082618   0.0224251797
        0.0123975979  -0.0465409366   0.0032329862   0.0054972681  -0.0037183972
       -0.0000012334  -0.0010962778  -0.0026799084  -0.0000969547   0.0015529213
        0.0062667520  -0.0000000512  -0.0000733062   0.0007963786  -0.0034624682
       -0.0004959990   0.0042550020  -0.0004715804   0.0008931703   0.0010320287
       -0.0002176322  -0.0000414667  -0.0000310092  -0.0002149934  -0.0000309036
        0.0001296655   0.0003131061  -0.0000222243  -0.0000230413   0.0000957998
        0.0015536575   0.0062667079   0.0034603990  -0.0004961126   0.0042548921
        0.0004732918   0.0008926066   0.0010319305   0.0002149959  -0.0000307306
        0.0001294816   0.0002182265  -0.0000414348  -0.0000311199  -0.0003128687
       -0.0000222113  -0.0000229639   0.0000086839   0.0562405278  -0.0770164572
       -0.0000024482  -0.0227526014   0.0122483975   0.0000684085  -0.0009685831
        0.0010532937   0.0000020207  -0.0042235981  -0.0029043399  -0.0000678633
       -0.0009677279   0.0010550000
       -0.0126403209  -0.0274029899   0.0046394702  -0.0685251776   0.0223593865
       -0.0037153197  -0.2259056201  -0.1311697545   0.0224251797   0.5984013138
        0.0160451344  -0.0069448886  -0.0923192312   0.0285172675  -0.0048644408
        0.0256097478   0.0259286517  -0.0042959161  -0.0013491451  -0.0272104046
        0.0045149236  -0.0035227321   0.0025635228  -0.0003404315  -0.1777602010
        0.0695303439  -0.0105525773  -0.0422682896   0.0152763565  -0.0021259432
        0.0020723616   0.0006659338  -0.0016743321  -0.0064955086  -0.0023792109
        0.0003044936   0.0021195272   0.0010376328   0.0014677061   0.0006220561
       -0.0007142164   0.0000740732   0.0071420046   0.0077504004  -0.0008686664
       -0.0030560942   0.0001251089  -0.0002673474  -0.0001224912   0.0001184813
       -0.0000281633   0.0003812361  -0.0003619090   0.0004004767   0.0004124405
       -0.0004721329  -0.0002964390  -0.0030060980  -0.0031261726   0.0011744104
        0.0001997867   0.0018502885  -0.0005222622  -0.0004858769  -0.0001022785
        0.0000369242   0.0001263674   0.0010154355   0.0005285706   0.0003699447
        0.0001551248   0.0009304993
       -0.0320279542  -0.0429704123   0.0065893422  -0.0223843136   0.0551585630
       -0.0110240855  -0.0557139719  -0.1182352602   0.0123975979   0.0160451344
        0.6458107449  -0.0858014648  -0.0501315298  -0.2985054066   0.0415442198
        0.0836142293  -0.0341801190   0.0051859807  -0.0040773422  -0.0164328949
        0.0031929447   0.0019083160   0.0004099398   0.0012019760   0.0948584373
       -0.1540994490   0.0166235138  -0.0014272184   0.0159207432  -0.0025266815
       -0.0011019340   0.0004592055   0.0010304847  -0.0021540141  -0.0007820679
        0.0001601963  -0.0014738315   0.0004734978  -0.0009909647  -0.0005182297
       -0.0003780268   0.0001110512   0.0017735042  -0.0025887790   0.0014223930
        0.0019466059  -0.0011977741   0.0004811163   0.0001077270  -0.0003117060
        0.0000297163   0.0004655062   0.0002925983   0.0000861523   0.0003732572
        0.0002686045  -0.0001928410  -0.0276176067  -0.0485730301   0.0095699174
       -0.0029373240   0.0001666916   0.0032278909   0.0001745077  -0.0004579110
       -0.0005643762   0.0000247687  -0.0003983631  -0.0008612413   0.0002732761
        0.0001506116  -0.0008928384
        0.0053135379   0.0070039276  -0.0037567785   0.0037134018  -0.0110209408
       -0.0055625142   0.0114036531   0.0122620054  -0.0465409366  -0.0069448886
       -0.0858014648   0.1385717076   0.0083816340   0.0416603445  -0.0539345831
       -0.0139552463   0.0051471227  -0.0026738813   0.0007199439   0.0028510381
       -0.0006065563  -0.0002804844   0.0011882624   0.0074499341  -0.0125029426
        0.0165905397  -0.0375476460  -0.0003578628  -0.0026370764  -0.0040359957
        0.0016652367  -0.0003041596   0.0004230479   0.0000106611   0.0001467494
        0.0005567429  -0.0013176585   0.0005002793   0.0006724807   0.0000766004
        0.0001604240   0.0005195837  -0.0004012600   0.0016071787   0.0044770116
       -0.0004434957   0.0003852310   0.0017775205  -0.0000709225   0.0000702646
       -0.0000055383   0.0002576188  -0.0000902239  -0.0000348210  -0.0003862049
       -0.0000183819  -0.0000080978   0.0045524320   0.0109208578  -0.0002503376
        0.0004292395  -0.0005577290   0.0004395199  -0.0000300146   0.0002081578
        0.0000199524   0.0001405026  -0.0000727686  -0.0000028807   0.0000265188
       -0.0001996380   0.0000530657
       -0.0688243440  -0.0282438720   0.0046203034  -0.0126523133   0.0320342156
       -0.0053157086   0.0260733662  -0.0202908963   0.0032329862  -0.0923192312
       -0.0501315298   0.0083816340   0.6818927104   0.0049777024  -0.0034636697
       -0.2811070319   0.1431317956  -0.0228964644  -0.2350512054  -0.1173865771
        0.0206837862  -0.0016655456   0.0021065424  -0.0003323761  -0.0105363402
        0.0405539130  -0.0064064046   0.0022781862   0.0027703010  -0.0003356278
        0.0002801610  -0.0000295871   0.0003044007  -0.0000286223  -0.0000080232
        0.0000029576   0.0003253128  -0.0001518690  -0.0002500866  -0.0037936549
       -0.0027711250   0.0004004876  -0.0011568833  -0.0012462040   0.0002377192
        0.0003654274  -0.0007493565   0.0000838541   0.0000416059  -0.0001431599
        0.0000223296   0.0002646921   0.0001861534   0.0001569555   0.0002748763
        0.0001324830  -0.0002050901  -0.0042102678  -0.0045624377   0.0011244484
       -0.0004221251  -0.0002572417   0.0000691413   0.0000261491  -0.0000759282
       -0.0000121647  -0.0000394305  -0.0000175045  -0.0001019603  -0.0000154921
        0.0001722056  -0.0000014508
        0.0282186756   0.0522601208  -0.0083938547   0.0274089573  -0.0429583030
        0.0070049752  -0.0702294978  -0.0332023642   0.0054972681   0.0285172675
       -0.2985054066   0.0416603445   0.0049777024   0.6333271582  -0.0877317754
        0.0673606475  -0.1480730340   0.0171625145  -0.1169943556  -0.1133212467
        0.0143228012   0.0255901435  -0.0176476585   0.0029213785   0.0156950896
       -0.0317888650   0.0057089725  -0.0013137278  -0.0004998441  -0.0003598851
        0.0001416726   0.0003650291   0.0003567214  -0.0009338870  -0.0003447988
        0.0000876858   0.0001214486   0.0003438540  -0.0004277865  -0.0032849049
       -0.0001712688   0.0011655741  -0.0020131988  -0.0008064947  -0.0000794958
       -0.0003594694   0.0008218990   0.0000249095   0.0001397869   0.0001215849
       -0.0000017998  -0.0004088750  -0.0001042503  -0.0001347991  -0.0004526608
       -0.0000627985   0.0001959365  -0.0026423669   0.0008403146   0.0016262636
        0.0002574479  -0.0007430228  -0.0009018530   0.0000087412   0.0000688106
        0.0002445368   0.0000692954   0.0001268334   0.0000023989   0.0001260680
       -0.0000462483   0.0000489682
       -0.0046248081  -0.0083967056   0.0038436517  -0.0046409161   0.0065910301
       -0.0037572983   0.0124657711   0.0057500235  -0.0037183972  -0.0048644408
        0.0415442198  -0.0539345831  -0.0034636697  -0.0877317754   0.1169786086
       -0.0103003926   0.0170339239  -0.0453239690   0.0204772219   0.0146092740
       -0.0310110427  -0.0042161111   0.0029516460  -0.0002242056  -0.0025326444
        0.0053241832   0.0043676238   0.0003616168  -0.0000484042  -0.0017843033
       -0.0000634419  -0.0004188701   0.0000900681   0.0001467444   0.0001069629
        0.0003081202   0.0000614020   0.0002650235   0.0001465383   0.0004816356
        0.0011644024   0.0066378243   0.0004322723   0.0001994323  -0.0000422873
        0.0000463766  -0.0001160631   0.0000069911  -0.0000190634  -0.0000128668
       -0.0000266558   0.0001030346   0.0000382026   0.0000114371   0.0000417295
        0.0000066257  -0.0000440903  -0.0004759408  -0.0009898196   0.0074420739
        0.0005617568   0.0017032397  -0.0000857978   0.0000617184   0.0000715507
        0.0000051371  -0.0000255615   0.0002753006   0.0002994637  -0.0000142897
        0.0000794640  -0.0001849074
       -0.2810696690  -0.0673937485   0.0102782132   0.0256318026  -0.0836024260
        0.0139558863  -0.0599948109  -0.0000069694  -0.0000012334   0.0256097478
        0.0836142293  -0.0139552463  -0.2811070319   0.0673606475  -0.0103003926
        0.6694097406   0.0000087782   0.0000312461  -0.0261233792   0.0108157946
       -0.0018341753  -0.0435451025   0.0000243925  -0.0000065460   0.0009923938
       -0.0027707452   0.0005721974  -0.0013667900  -0.0010110515   0.0000316722
       -0.0005147928   0.0002940824  -0.0002339648   0.0001869427   0.0000021372
       -0.0000092426  -0.0005746877   0.0003534237   0.0001097685  -0.0261238487
       -0.0108226880   0.0018326863   0.0009914391   0.0027719120  -0.0005763227
       -0.0013669662   0.0010110624  -0.0000290495   0.0001869435  -0.0000021145
        0.0000092552  -0.0005138422  -0.0002940513   0.0002340047  -0.0005754666
       -0.0003536057  -0.0001096483  -0.0005288174   0.0000003654   0.0000009438
        0.0000653686   0.0000003507   0.0000000419   0.0001054991   0.0000846095
        0.0001567452   0.0001195345   0.0000000725   0.0000000418   0.0001057929
       -0.0000844579  -0.0001568812
       -0.1431646202  -0.1481195623   0.0170268004  -0.0259160924  -0.0342033196
        0.0051478372  -0.0000069811   0.0031771141  -0.0010962778   0.0259286517
       -0.0341801190   0.0051471227   0.1431317956  -0.1480730340   0.0170339239
        0.0000087782   0.6577762417  -0.0887517389  -0.0125260410   0.0064054485
       -0.0010696883   0.0000245738  -0.2977549530   0.0434105664  -0.0010064102
       -0.0062945403   0.0021282946   0.0001447597   0.0010293649  -0.0000146935
       -0.0000341588  -0.0001074110  -0.0001225700  -0.0000303347   0.0002115421
       -0.0000302603   0.0000745460  -0.0001819718   0.0001153578   0.0125189831
        0.0064057203  -0.0010680264   0.0010078065  -0.0062938795   0.0021280581
       -0.0001453302   0.0010295608  -0.0000146274   0.0000303039   0.0002115855
       -0.0000302282   0.0000341223  -0.0001075356  -0.0001225169  -0.0000747122
       -0.0001820558   0.0001153457   0.0000010395  -0.0007483863   0.0000857369
       -0.0000006876  -0.0000025323  -0.0000383582  -0.0000465998  -0.0000060003
        0.0000281115   0.0000000340   0.0000146255  -0.0000364915   0.0000465740
       -0.0000059024   0.0000283224
        0.0228736965   0.0171621178  -0.0453210271   0.0042971095   0.0051828330
       -0.0026727990  -0.0000018412  -0.0010001690  -0.0026799084  -0.0042959161
        0.0051859807  -0.0026738813  -0.0228964644   0.0171625145  -0.0453239690
        0.0000312461  -0.0887517389   0.1277251798   0.0021922877  -0.0012602493
       -0.0006716049  -0.0000047065   0.0433759018  -0.0406785157   0.0002713494
        0.0021015926   0.0061898045   0.0000013991  -0.0000943794   0.0007706935
       -0.0003258400   0.0003065384  -0.0001794590   0.0000169699  -0.0000244417
        0.0000085791   0.0003114172  -0.0002986342  -0.0001206479  -0.0021948758
       -0.0012623093  -0.0006716246  -0.0002715835   0.0021019519   0.0061891095
       -0.0000012792  -0.0000942614   0.0007710470  -0.0000171943  -0.0000241871
        0.0000084731   0.0003256986   0.0003063920  -0.0001795816  -0.0003115333
       -0.0002988442  -0.0001205850  -0.0000000467   0.0002575717  -0.0003103714
        0.0000001064  -0.0001008163  -0.0000592185   0.0000427009   0.0000455669
        0.0000048708   0.0000000581  -0.0000244715  -0.0000093829  -0.0000427582
        0.0000455411   0.0000048192
       -0.0037949268   0.0032838505  -0.0004834105   0.0006218745   0.0005184997
       -0.0000767455   0.0006609216   0.0003951454  -0.0000969547  -0.0013491451
       -0.0040773422   0.0007199439  -0.2350512054  -0.1169943556   0.0204772219
       -0.0261233792  -0.0125260410   0.0021922877   0.2695237140   0.1265448651
       -0.0222378886   0.0006053604  -0.0006394265   0.0000870339  -0.0010591544
       -0.0002735039  -0.0000137273  -0.0010842346   0.0019649806  -0.0003301392
       -0.0008323707   0.0012134862   0.0004633687   0.0001053319   0.0004087471
       -0.0000503056  -0.0007423087   0.0009078886  -0.0007975137  -0.0013201365
       -0.0005938973   0.0000750789  -0.0000849313   0.0001758903  -0.0000354522
        0.0000211130  -0.0001724573   0.0000202634   0.0000057714  -0.0000418472
        0.0000065958   0.0000263055   0.0000426528   0.0000318510   0.0000295202
        0.0000301019  -0.0000434435  -0.0001169333  -0.0002749168   0.0000110246
       -0.0000352757   0.0000969028   0.0001221410  -0.0000184234   0.0000154063
       -0.0000213827   0.0000017292  -0.0000118647  -0.0000028299   0.0000107835
        0.0000072351  -0.0000170172
        0.0027702850  -0.0001699864   0.0011640811   0.0007145569  -0.0003778347
        0.0001605025   0.0013689675  -0.0035789866   0.0015529213  -0.0272104046
       -0.0164328949   0.0028510381  -0.1173865771  -0.1133212467   0.0146092740
        0.0108157946   0.0064054485  -0.0012602493   0.1265448651   0.1277797359
       -0.0183175150   0.0009840439   0.0007142092  -0.0005505384  -0.0005409258
        0.0019758785  -0.0005512639   0.0003847450  -0.0004427112   0.0000546543
        0.0014747532  -0.0007202605  -0.0010155574  -0.0000432147   0.0002272490
       -0.0000699921   0.0010359259  -0.0001910987   0.0011027585   0.0005936365
        0.0002381687   0.0000589256   0.0000599462  -0.0000417357  -0.0001862799
        0.0000027731   0.0000788203  -0.0000599510  -0.0000052723   0.0000133396
       -0.0000025766  -0.0000252774  -0.0000124976  -0.0000223005   0.0000055199
        0.0000104274   0.0000286605  -0.0014365822  -0.0021728944   0.0003407429
       -0.0001474791  -0.0000358973   0.0001886761   0.0000085692   0.0000175790
       -0.0000291619   0.0000103614  -0.0000462331  -0.0000350679   0.0000209899
        0.0000834217  -0.0000117810
       -0.0004014205   0.0011661629   0.0066376208  -0.0000732257   0.0001104779
        0.0005196056  -0.0003101631   0.0017086308   0.0062667520   0.0045149236
        0.0031929447  -0.0006065563   0.0206837862   0.0143228012  -0.0310110427
       -0.0018341753  -0.0010696883  -0.0006716049  -0.0222378886  -0.0183175150
        0.0247515935  -0.0001806133  -0.0005321963  -0.0024560244   0.0001125808
       -0.0006836001  -0.0014639558  -0.0001082727   0.0000573908  -0.0001921747
        0.0007508709  -0.0005632958   0.0001159031   0.0000054380  -0.0000677541
       -0.0001655568  -0.0011364036   0.0006728926  -0.0005183053  -0.0000751165
        0.0000589946   0.0005075470  -0.0000078631  -0.0002314953  -0.0011379213
        0.0000092043  -0.0000477024  -0.0002762613   0.0000034311  -0.0000040129
        0.0000006322  -0.0000929672  -0.0000458331   0.0000296793   0.0000935823
        0.0000494692   0.0000044774   0.0004042918   0.0002222529  -0.0003587772
       -0.0001220165   0.0000289944   0.0000710246  -0.0000185494  -0.0000152424
       -0.0000316024  -0.0000061308   0.0000096714  -0.0000126063   0.0000266974
       -0.0000223476  -0.0000024459
       -0.0016598844  -0.0255869017   0.0042156856  -0.0035217597  -0.0019092375
        0.0002792042  -0.0007172202  -0.0000002486  -0.0000000512  -0.0035227321
        0.0019083160  -0.0002804844  -0.0016655456   0.0255901435  -0.0042161111
       -0.0435451025   0.0000245738  -0.0000047065   0.0006053604   0.0009840439
       -0.0001806133   0.0545654543  -0.0000269823   0.0000060166  -0.0007496246
        0.0019706319  -0.0003098533   0.0000471731   0.0000088111  -0.0000016180
        0.0000454885   0.0000095080  -0.0000104076   0.0000001045  -0.0000094343
        0.0000019385   0.0000476850   0.0000140877   0.0000122740   0.0006054890
       -0.0009839635   0.0001810063  -0.0007490363  -0.0019705932   0.0003101996
        0.0000469750  -0.0000086468   0.0000013119   0.0000001006   0.0000094085
       -0.0000019324   0.0000454929  -0.0000094945   0.0000103874   0.0000477016
       -0.0000141012  -0.0000123021   0.0000929933   0.0000000968   0.0000001424
       -0.0000009849   0.0000000070  -0.0000000789  -0.0000063008   0.0000092605
        0.0000079511  -0.0000056064   0.0000000626  -0.0000000076  -0.0000062209
       -0.0000093480  -0.0000079511
       -0.0021030248  -0.0176531876   0.0029525840  -0.0025643829   0.0004087805
        0.0011879071  -0.0000002555   0.0011084394  -0.0000733062   0.0025635228
        0.0004099398   0.0011882624   0.0021065424  -0.0176476585   0.0029516460
        0.0000243925  -0.2977549530   0.0433759018  -0.0006394265   0.0007142092
       -0.0005321963  -0.0000269823   0.3330017904  -0.0507066572   0.0007530506
       -0.0017087585   0.0002049424  -0.0001415971   0.0000106370   0.0000064179
       -0.0000104584   0.0000028292  -0.0000322961   0.0000136093   0.0000378261
       -0.0000018366  -0.0000149720   0.0000161436   0.0000259423   0.0006394286
        0.0007141416  -0.0005320430  -0.0007529866  -0.0017092582   0.0002050231
        0.0001416785   0.0000105943   0.0000064491  -0.0000136244   0.0000378334
       -0.0000018204   0.0000104481   0.0000028509  -0.0000323326   0.0000150088
        0.0000161129   0.0000259141   0.0000000838  -0.0000862081  -0.0003622027
       -0.0000000476   0.0000394647   0.0001495280  -0.0000185155   0.0000286942
       -0.0000038689   0.0000000172  -0.0000289970   0.0000018714   0.0000184909
        0.0000287337  -0.0000038294
        0.0003339613   0.0029212427  -0.0002241436   0.0003396495   0.0012006356
        0.0074504085  -0.0000005320  -0.0000960095   0.0007963786  -0.0003404315
        0.0012019760   0.0074499341  -0.0003323761   0.0029213785  -0.0002242056
       -0.0000065460   0.0434105664  -0.0406785157   0.0000870339  -0.0005505384
       -0.0024560244   0.0000060166  -0.0507066572   0.0324076168  -0.0000998828
        0.0002547895  -0.0003375873   0.0000245129   0.0000002827   0.0000682272
        0.0000028398  -0.0000228825   0.0000118533  -0.0000007305   0.0000000063
        0.0000240637  -0.0000045219   0.0000165162  -0.0000095408  -0.0000865408
       -0.0005509486  -0.0024560642   0.0000988509   0.0002552256  -0.0003383527
       -0.0000237800  -0.0000003077   0.0000689967   0.0000007144   0.0000000986
        0.0000239821  -0.0000027844  -0.0000228578   0.0000117900   0.0000044999
        0.0000165636  -0.0000095998  -0.0000000324   0.0001306380  -0.0015895795
        0.0000000046  -0.0003196382   0.0000403614   0.0000083787   0.0000019761
        0.0000104616   0.0000001072  -0.0000640487  -0.0000509371  -0.0000084113
        0.0000019928   0.0000104767
       -0.0011576474   0.0020130125  -0.0004321246   0.0071437690  -0.0017708306
        0.0004030464  -0.0605617755   0.0264174748  -0.0034624682  -0.1777602010
        0.0948584373  -0.0125029426  -0.0105363402   0.0156950896  -0.0025326444
        0.0009923938  -0.0010064102   0.0002713494  -0.0010591544  -0.0005409258
        0.0001125808  -0.0007496246   0.0007530506  -0.0000998828   0.4790831693
       -0.0102244124   0.0034299710  -0.1603064003  -0.0740632776   0.0083069412
       -0.0195980826  -0.0157034766   0.0118527328  -0.0333259717  -0.0085285952
        0.0007752619  -0.0184537270  -0.0177198649  -0.0073846695  -0.0000847483
       -0.0000600231   0.0000076498  -0.0076636207  -0.0022398241   0.0002233494
        0.0006832218  -0.0012052588   0.0002347282  -0.0002172250  -0.0000594727
       -0.0000064296  -0.0000041655   0.0003098409  -0.0001133719   0.0000152771
        0.0003075136  -0.0000070846   0.0037316868  -0.0068896471   0.0009426670
        0.0000154951   0.0002001160   0.0010272572  -0.0000548614   0.0002032423
       -0.0000671477  -0.0000464917  -0.0002916507  -0.0002013752  -0.0000849756
       -0.0004541080  -0.0007773942
        0.0012460539  -0.0008059578   0.0001994206  -0.0077483765  -0.0025910586
        0.0016050358   0.0000910674   0.0044060549  -0.0004959990   0.0695303439
       -0.1540994490   0.0165905397   0.0405539130  -0.0317888650   0.0053241832
       -0.0027707452  -0.0062945403   0.0021015926  -0.0002735039   0.0019758785
       -0.0006836001   0.0019706319  -0.0017087585   0.0002547895  -0.0102244124
        0.3173427358  -0.0342931399  -0.0578459878  -0.1167571914   0.0086336759
       -0.0222257436  -0.0122457800   0.0061362719   0.0183785437   0.0101745207
       -0.0011318950  -0.0291141028  -0.0170911841  -0.0019298781  -0.0001758939
       -0.0000418488  -0.0002312768   0.0022379932   0.0017757789  -0.0002043766
       -0.0011208947   0.0005714719  -0.0001958779   0.0000178641   0.0001120344
       -0.0000231945   0.0000107521  -0.0002248551   0.0000392873   0.0000240137
       -0.0002209318   0.0000287309  -0.0026057478   0.0070242798  -0.0021459509
        0.0000918459  -0.0000019605  -0.0005451397  -0.0002443928   0.0001755902
        0.0001375567   0.0001838089   0.0003040968   0.0002934100   0.0000129696
        0.0000099390   0.0005358347
       -0.0002367569  -0.0000765709  -0.0000426394   0.0008721820   0.0014210145
        0.0044772650   0.0012847479  -0.0004117406   0.0042550020  -0.0105525773
        0.0166235138  -0.0375476460  -0.0064064046   0.0057089725   0.0043676238
        0.0005721974   0.0021282946   0.0061898045  -0.0000137273  -0.0005512639
       -0.0014639558  -0.0003098533   0.0002049424  -0.0003375873   0.0034299710
       -0.0342931399   0.0642837507   0.0071269393   0.0086927485  -0.0459187584
        0.0275492497   0.0141177274   0.0003405265  -0.0030276034  -0.0015124881
        0.0010044178  -0.0207211140  -0.0100557065   0.0039777710   0.0000359929
       -0.0001861912  -0.0011380015  -0.0002233803  -0.0002053631   0.0002699960
        0.0001490123  -0.0000828108  -0.0001288711   0.0000004645  -0.0000179711
       -0.0000213262  -0.0000241130   0.0000291982   0.0000022544   0.0000207779
        0.0000347953   0.0000029371   0.0004993433  -0.0005770625  -0.0024983572
        0.0003098904  -0.0010587679  -0.0006267325  -0.0000627291  -0.0000133909
        0.0001909420  -0.0001470180  -0.0001785094  -0.0000232455  -0.0001254913
        0.0002597696   0.0003848300
        0.0003652968   0.0003594341  -0.0000464372  -0.0030555922  -0.0019472147
        0.0004424824  -0.0028698210   0.0015560849  -0.0004715804  -0.0422682896
       -0.0014272184  -0.0003578628   0.0022781862  -0.0013137278   0.0003616168
       -0.0013667900   0.0001447597   0.0000013991  -0.0010842346   0.0003847450
       -0.0001082727   0.0000471731  -0.0001415971   0.0000245129  -0.1603064003
       -0.0578459878   0.0071269393   0.4254502131  -0.0527483110   0.0067664220
       -0.0407855606  -0.0059222882   0.0183016121  -0.1382952475   0.1230060285
       -0.0201387078  -0.0399054205  -0.0071029501  -0.0112628409   0.0000212736
       -0.0000026856  -0.0000091898   0.0006825568   0.0011209424  -0.0001493427
       -0.0000731199  -0.0000455817  -0.0000167975  -0.0000722428   0.0000467832
       -0.0000077525  -0.0000286996  -0.0000190443   0.0000248918  -0.0000242474
       -0.0000279043  -0.0000164238   0.0013848162   0.0021824846   0.0000063840
        0.0001381689   0.0001285596  -0.0003838541   0.0001038603  -0.0001583933
        0.0000631360  -0.0000854722   0.0000241765  -0.0000614979  -0.0002504070
       -0.0002510942  -0.0000888360
        0.0007492263   0.0008219606  -0.0001159401  -0.0001255772  -0.0011977985
        0.0003863876   0.0014987398  -0.0041150510   0.0008931703   0.0152763565
        0.0159207432  -0.0026370764   0.0027703010  -0.0004998441  -0.0000484042
       -0.0010110515   0.0010293649  -0.0000943794   0.0019649806  -0.0004427112
        0.0000573908   0.0000088111   0.0000106370   0.0000002827  -0.0740632776
       -0.1167571914   0.0086927485  -0.0527483110   0.5035765760  -0.0018025253
       -0.0055148539  -0.0803342570   0.0831425398   0.1159670474  -0.1802013511
        0.0224130615  -0.0060974584  -0.1400758131  -0.1104032587   0.0001723639
        0.0000789394  -0.0000477838   0.0012052473   0.0005720477  -0.0000833621
        0.0000455424   0.0001002163  -0.0000263859   0.0000118575   0.0000137212
       -0.0000007825  -0.0000291332  -0.0000168168   0.0000234102  -0.0000286463
       -0.0000220356  -0.0000153252  -0.0000237302   0.0017639746  -0.0000219661
        0.0002085784  -0.0000339687  -0.0003419994   0.0000554794  -0.0001334178
        0.0000203460  -0.0000764775   0.0000235303  -0.0000009908  -0.0002160149
       -0.0000814549   0.0000108426
       -0.0000847943   0.0000231065   0.0000071793   0.0002655242   0.0004823370
        0.0017774795  -0.0001516423   0.0009270813   0.0010320287  -0.0021259432
       -0.0025266815  -0.0040359957  -0.0003356278  -0.0003598851  -0.0017843033
        0.0000316722  -0.0000146935   0.0007706935  -0.0003301392   0.0000546543
       -0.0001921747  -0.0000016180   0.0000064179   0.0000682272   0.0083069412
        0.0086336759  -0.0459187584   0.0067664220  -0.0018025253   0.4888820620
        0.0172047077   0.0836431004  -0.2248561031  -0.0191200459   0.0224634196
       -0.0473387310  -0.0100808506  -0.1106746363  -0.1677709246  -0.0000203788
       -0.0000601779  -0.0002762205  -0.0002338508  -0.0001962935  -0.0001273574
        0.0000159568  -0.0000258546  -0.0000869800   0.0000041713  -0.0000046924
        0.0000031314  -0.0000147202   0.0000092282  -0.0000005881   0.0000182531
       -0.0000010793   0.0000043399  -0.0001691414  -0.0004903044  -0.0000309420
        0.0000737595   0.0000882486   0.0000522826  -0.0000145931   0.0000128750
       -0.0000177163   0.0000522734   0.0000234885  -0.0000530415  -0.0000563358
       -0.0002108092  -0.0001075878
        0.0002648494   0.0004092525  -0.0001035821   0.0003814760  -0.0004657172
       -0.0002572417  -0.0008338110  -0.0002634119  -0.0002176322   0.0020723616
       -0.0011019340   0.0016652367   0.0002801610   0.0001416726  -0.0000634419
       -0.0005147928  -0.0000341588  -0.0003258400  -0.0008323707   0.0014747532
        0.0007508709   0.0000454885  -0.0000104584   0.0000028398  -0.0195980826
       -0.0222257436   0.0275492497  -0.0407855606  -0.0055148539   0.0172047077
        0.0560681658   0.0166860579  -0.0284416011   0.0018528808   0.0092322429
       -0.0178454426   0.0016437997   0.0014201119  -0.0001672200   0.0000261509
        0.0000252925   0.0000931969  -0.0000038397  -0.0000108631   0.0000242218
       -0.0000288387   0.0000292491   0.0000145267   0.0000051445  -0.0000020629
        0.0000003016   0.0000021341  -0.0000034454  -0.0000038139  -0.0000070031
       -0.0000004113   0.0000042059  -0.0000491532   0.0002219148   0.0001215407
        0.0000387094  -0.0000263264  -0.0001042271  -0.0000243845   0.0000121266
        0.0000042337   0.0000091814   0.0000143272  -0.0000015588  -0.0000126662
       -0.0000076144   0.0000964693
       -0.0001860858  -0.0001043298   0.0000381427   0.0003618077   0.0002927770
       -0.0000901672   0.0000283324   0.0002351224  -0.0000414667   0.0006659338
        0.0004592055  -0.0003041596  -0.0000295871   0.0003650291  -0.0004188701
        0.0002940824  -0.0001074110   0.0003065384   0.0012134862  -0.0007202605
       -0.0005632958   0.0000095080   0.0000028292  -0.0000228825  -0.0157034766
       -0.0122457800   0.0141177274  -0.0059222882  -0.0803342570   0.0836431004
        0.0166860579   0.0973962650  -0.1014001896   0.0010520907  -0.0121946041
        0.0234361455   0.0019904077   0.0074838107  -0.0188076335  -0.0000425914
       -0.0000125366  -0.0000458803  -0.0003098796  -0.0002247118   0.0000288515
        0.0000193044  -0.0000170636   0.0000096455  -0.0000084200  -0.0000035880
        0.0000023986   0.0000034075   0.0000123912  -0.0000084858   0.0000020884
        0.0000138962   0.0000015461  -0.0001138338  -0.0003563824  -0.0000018219
        0.0000041857   0.0000810935   0.0001300069  -0.0000155308   0.0000212558
       -0.0000347624   0.0000232590  -0.0000160062  -0.0000222717  -0.0000222589
       -0.0000267445   0.0000477841
       -0.0001569657  -0.0001350004   0.0000113924  -0.0004004129   0.0000863032
       -0.0000348629   0.0002911209  -0.0000324789  -0.0000310092  -0.0016743321
        0.0010304847   0.0004230479   0.0003044007   0.0003567214   0.0000900681
       -0.0002339648  -0.0001225700  -0.0001794590   0.0004633687  -0.0010155574
        0.0001159031  -0.0000104076  -0.0000322961   0.0000118533   0.0118527328
        0.0061362719   0.0003405265   0.0183016121   0.0831425398  -0.2248561031
       -0.0284416011  -0.1014001896   0.2575295364  -0.0010678782   0.0038492943
       -0.0058841894   0.0006532562   0.0081690880  -0.0275956015  -0.0000319055
       -0.0000223018   0.0000296391   0.0001136262   0.0000386833   0.0000030716
       -0.0000255547   0.0000239379  -0.0000014443   0.0000034022   0.0000033739
        0.0000007774   0.0000038380  -0.0000084647   0.0000132644   0.0000035060
       -0.0000082505  -0.0000102756   0.0000741755  -0.0000216455   0.0000481183
       -0.0000490959  -0.0000622932  -0.0000611083   0.0000301766  -0.0000016979
        0.0000310838  -0.0000102796   0.0000066188   0.0000058853   0.0000071824
        0.0000194289  -0.0000001144
        0.0000416162  -0.0001398168   0.0000190825  -0.0001225187  -0.0001078359
        0.0000701379  -0.0008478904   0.0013027333  -0.0002149934  -0.0064955086
       -0.0021540141   0.0000106611  -0.0000286223  -0.0009338870   0.0001467444
        0.0001869427  -0.0000303347   0.0000169699   0.0001053319  -0.0000432147
        0.0000054380   0.0000001045   0.0000136093  -0.0000007305  -0.0333259717
        0.0183785437  -0.0030276034  -0.1382952475   0.1159670474  -0.0191200459
        0.0018528808   0.0010520907  -0.0010678782   0.1758421473  -0.1352612853
        0.0224773938   0.0012898223   0.0019652104   0.0007283982   0.0000057624
        0.0000052864  -0.0000033548  -0.0002172753  -0.0000178380  -0.0000005673
       -0.0000721513  -0.0000119382  -0.0000039742  -0.0000093039  -0.0000039800
        0.0000003819   0.0000051259   0.0000084330  -0.0000033968   0.0000070570
        0.0000083535   0.0000009205   0.0001450292   0.0000071469  -0.0000028366
       -0.0000157571  -0.0000369976   0.0000308065   0.0000470490   0.0000125458
       -0.0000238065  -0.0000113199  -0.0000257708   0.0000199021  -0.0000873026
        0.0000459126  -0.0000576491
        0.0001431222   0.0001215471  -0.0000127920  -0.0001185182  -0.0003117520
        0.0000700678  -0.0007574316   0.0003430330  -0.0000309036  -0.0023792109
       -0.0007820679   0.0001467494  -0.0000080232  -0.0003447988   0.0001069629
        0.0000021372   0.0002115421  -0.0000244417   0.0004087471   0.0002272490
       -0.0000677541  -0.0000094343   0.0000378261   0.0000000063  -0.0085285952
        0.0101745207  -0.0015124881   0.1230060285  -0.1802013511   0.0224634196
        0.0092322429  -0.0121946041   0.0038492943  -0.1352612853   0.2015204751
       -0.0256961155   0.0141192410  -0.0191194538   0.0007824453   0.0000418517
        0.0000133469  -0.0000039782   0.0000594915   0.0001121612  -0.0000179952
       -0.0000467523   0.0000136067  -0.0000045525   0.0000039913   0.0000195463
       -0.0000038741   0.0000020261  -0.0000035911   0.0000033702   0.0000015160
       -0.0000055747  -0.0000019318   0.0000838322   0.0001758346  -0.0000327606
        0.0000385650  -0.0000395615  -0.0000322183   0.0000012086  -0.0000018379
        0.0000043866  -0.0000214420   0.0000090592   0.0000133109  -0.0000133083
        0.0000248448   0.0000017923
       -0.0000224233  -0.0000018868  -0.0000265905   0.0000282094   0.0000300598
       -0.0000055671   0.0000715467  -0.0000207757   0.0001296655   0.0003044936
        0.0001601963   0.0005567429   0.0000029576   0.0000876858   0.0003081202
       -0.0000092426  -0.0000302603   0.0000085791  -0.0000503056  -0.0000699921
       -0.0001655568   0.0000019385  -0.0000018366   0.0000240637   0.0007752619
       -0.0011318950   0.0010044178  -0.0201387078   0.0224130615  -0.0473387310
       -0.0178454426   0.0234361455  -0.0058841894   0.0224773938  -0.0256961155
        0.0496390586   0.0144697311  -0.0191303398   0.0017805472  -0.0000066146
       -0.0000025735   0.0000006920   0.0000073197  -0.0000239813  -0.0000200921
        0.0000067478   0.0000000490   0.0000019146  -0.0000003440  -0.0000039067
        0.0000077465  -0.0000003030   0.0000023914   0.0000008591  -0.0000019045
        0.0000007893   0.0000022104  -0.0000242807  -0.0000427823  -0.0000716831
       -0.0000322385   0.0000273413   0.0000941547   0.0000169265  -0.0000016916
       -0.0000176359   0.0000094816   0.0000014824   0.0000006248  -0.0000402010
       -0.0000011651  -0.0000293513
        0.0002746754   0.0004523924  -0.0000417053   0.0004123052  -0.0003729436
        0.0003863900  -0.0007779212  -0.0001447444   0.0003131061   0.0021195272
       -0.0014738315  -0.0013176585   0.0003253128   0.0001214486   0.0000614020
       -0.0005746877   0.0000745460   0.0003114172  -0.0007423087   0.0010359259
       -0.0011364036   0.0000476850  -0.0000149720  -0.0000045219  -0.0184537270
       -0.0291141028  -0.0207211140  -0.0399054205  -0.0060974584  -0.0100808506
        0.0016437997   0.0019904077   0.0006532562   0.0012898223   0.0141192410
        0.0144697311   0.0543605958   0.0193163107   0.0173190966   0.0000295222
       -0.0000055062  -0.0000936129   0.0000150384  -0.0000238691  -0.0000210827
       -0.0000241112   0.0000285127  -0.0000180022   0.0000070464  -0.0000014982
        0.0000019388  -0.0000070023  -0.0000020776  -0.0000035016   0.0000006466
       -0.0000015829   0.0000045430  -0.0000485794   0.0000376536  -0.0002451733
       -0.0000086589  -0.0000074125   0.0000892471   0.0000017710   0.0000150408
        0.0000118677   0.0000043869   0.0000115002   0.0000134235   0.0000102818
        0.0000570196   0.0000482071
       -0.0001324157  -0.0000626883   0.0000066153   0.0004722264   0.0002685524
       -0.0000181057  -0.0000267290   0.0002939884  -0.0000222243   0.0010376328
        0.0004734978   0.0005002793  -0.0001518690   0.0003438540   0.0002650235
        0.0003534237  -0.0001819718  -0.0002986342   0.0009078886  -0.0001910987
        0.0006728926   0.0000140877   0.0000161436   0.0000165162  -0.0177198649
       -0.0170911841  -0.0100557065  -0.0071029501  -0.1400758131  -0.1106746363
        0.0014201119   0.0074838107   0.0081690880   0.0019652104  -0.0191194538
       -0.0191303398   0.0193163107   0.1683218113   0.1303616797  -0.0000300793
        0.0000104360   0.0000494295  -0.0003073403  -0.0002210104   0.0000348444
        0.0000278021  -0.0000219676  -0.0000010458  -0.0000083436  -0.0000055507
        0.0000008651   0.0000003556   0.0000139251  -0.0000082338   0.0000016244
        0.0000204303   0.0000091879  -0.0000618134  -0.0003527894  -0.0000180654
        0.0000296426   0.0000433073   0.0000709498  -0.0000435180   0.0000176937
        0.0000002496   0.0000016046  -0.0000205221   0.0000001272   0.0000370018
        0.0000365997   0.0000692437
        0.0002050091   0.0001957697  -0.0000439581   0.0002964951  -0.0001924683
       -0.0000081402  -0.0003547087  -0.0000394573  -0.0000230413   0.0014677061
       -0.0009909647   0.0006724807  -0.0002500866  -0.0004277865   0.0001465383
        0.0001097685   0.0001153578  -0.0001206479  -0.0007975137   0.0011027585
       -0.0005183053   0.0000122740   0.0000259423  -0.0000095408  -0.0073846695
       -0.0019298781   0.0039777710  -0.0112628409  -0.1104032587  -0.1677709246
       -0.0001672200  -0.0188076335  -0.0275956015   0.0007283982   0.0007824453
        0.0017805472   0.0173190966   0.1303616797   0.1894939212   0.0000434037
        0.0000286864   0.0000045900   0.0000073321   0.0000281389   0.0000037047
        0.0000158290  -0.0000148339   0.0000036276  -0.0000009110  -0.0000019281
        0.0000021798  -0.0000041898   0.0000015845  -0.0000102104  -0.0000045308
        0.0000091543   0.0000044247  -0.0000153088   0.0001110039  -0.0000218629
        0.0000586763   0.0000167194   0.0000066434  -0.0000240531   0.0000082594
       -0.0000062199  -0.0000047710  -0.0000056447   0.0000176392   0.0000068152
        0.0000263537   0.0000143852
       -0.2350988835   0.1169632189  -0.0205134110  -0.0013555241   0.0040801741
       -0.0007207879   0.0006612391  -0.0003944247   0.0000957998   0.0006220561
       -0.0005182297   0.0000766004  -0.0037936549  -0.0032849049   0.0004816356
       -0.0261238487   0.0125189831  -0.0021948758  -0.0013201365   0.0005936365
       -0.0000751165   0.0006054890   0.0006394286  -0.0000865408  -0.0000847483
       -0.0001758939   0.0000359929   0.0000212736   0.0001723639  -0.0000203788
        0.0000261509  -0.0000425914  -0.0000319055   0.0000057624   0.0000418517
       -0.0000066146   0.0000295222  -0.0000300793   0.0000434037   0.2695750066
       -0.1265096296   0.0222770829  -0.0010591127   0.0002728679   0.0000148462
       -0.0010836316  -0.0019645728   0.0003312228   0.0001053909  -0.0004088048
        0.0000499065  -0.0008326566  -0.0012131124  -0.0004626174  -0.0007413752
       -0.0009079692   0.0007977545  -0.0001171507   0.0002753566  -0.0000110211
       -0.0000353067  -0.0000968824  -0.0001222759   0.0000107569  -0.0000072845
        0.0000170583   0.0000017399   0.0000119621   0.0000028497  -0.0000183579
       -0.0000154641   0.0000213917
        0.1173549852  -0.1132661031   0.0146247365   0.0272132172  -0.0164258702
        0.0028545760  -0.0013679011  -0.0035795462   0.0015536575  -0.0007142164
       -0.0003780268   0.0001604240  -0.0027711250  -0.0001712688   0.0011644024
       -0.0108226880   0.0064057203  -0.0012623093  -0.0005938973   0.0002381687
        0.0000589946  -0.0009839635   0.0007141416  -0.0005509486  -0.0000600231
       -0.0000418488  -0.0001861912  -0.0000026856   0.0000789394  -0.0000601779
        0.0000252925  -0.0000125366  -0.0000223018   0.0000052864   0.0000133469
       -0.0000025735  -0.0000055062   0.0000104360   0.0000286864  -0.1265096296
        0.1277196494  -0.0183362411   0.0005402797   0.0019758162  -0.0005516502
       -0.0003845578  -0.0004429014   0.0000549629   0.0000431722   0.0002271355
       -0.0000700929  -0.0014748229  -0.0007202303  -0.0010145078  -0.0010354957
       -0.0001914435   0.0011035870   0.0014365032  -0.0021719252   0.0003402422
        0.0001477011  -0.0000362210   0.0001886758  -0.0000210991   0.0000833073
       -0.0000117262  -0.0000103107  -0.0000462695  -0.0000351337  -0.0000085154
        0.0000175300  -0.0000290909
       -0.0207222609   0.0143392905  -0.0310186991  -0.0045164774   0.0031907304
       -0.0006070096   0.0003097566   0.0017082272   0.0062667079   0.0000740732
        0.0001110512   0.0005195837   0.0004004876   0.0011655741   0.0066378243
        0.0018326863  -0.0010680264  -0.0006716246   0.0000750789   0.0000589256
        0.0005075470   0.0001810063  -0.0005320430  -0.0024560642   0.0000076498
       -0.0002312768  -0.0011380015  -0.0000091898  -0.0000477838  -0.0002762205
        0.0000931969  -0.0000458803   0.0000296391  -0.0000033548  -0.0000039782
        0.0000006920  -0.0000936129   0.0000494295   0.0000045900   0.0222770829
       -0.0183362411   0.0247602092  -0.0001132356  -0.0006834253  -0.0014647787
        0.0001104087   0.0000576624  -0.0001913473  -0.0000054582  -0.0000678349
       -0.0001655354  -0.0007499114  -0.0005620981   0.0001166057   0.0011367387
        0.0006740409  -0.0005197464  -0.0004047531   0.0002224611  -0.0003589651
        0.0001219030   0.0000290548   0.0000711264  -0.0000266222  -0.0000223038
       -0.0000024279   0.0000062324   0.0000096094  -0.0000125445   0.0000185749
       -0.0000151654  -0.0000315606
       -0.0105249709  -0.0156905844   0.0025325153  -0.1777284320  -0.0948654165
        0.0124917483  -0.0605572458  -0.0264312342   0.0034603990   0.0071420046
        0.0017735042  -0.0004012600  -0.0011568833  -0.0020131988   0.0004322723
        0.0009914391   0.0010078065  -0.0002715835  -0.0000849313   0.0000599462
       -0.0000078631  -0.0007490363  -0.0007529866   0.0000988509  -0.0076636207
        0.0022379932  -0.0002233803   0.0006825568   0.0012052473  -0.0002338508
       -0.0000038397  -0.0003098796   0.0001136262  -0.0002172753   0.0000594915
        0.0000073197   0.0000150384  -0.0003073403   0.0000073321  -0.0010591127
        0.0005402797  -0.0001132356   0.4790701061   0.0102589349  -0.0035553068
       -0.1603174290   0.0740513584  -0.0082087695  -0.0333246117   0.0085223152
       -0.0007554522  -0.0196256294   0.0157124253  -0.0118458981  -0.0184445016
        0.0177120096   0.0073943336   0.0037220146   0.0068889814  -0.0009394322
        0.0000196971  -0.0002006366  -0.0010290562  -0.0000819359   0.0004527020
        0.0007768722  -0.0000488176   0.0002921293   0.0002024931  -0.0000545836
       -0.0002038478   0.0000673256
       -0.0405493959  -0.0318011341   0.0053198514  -0.0695348861  -0.1541381043
        0.0165710871  -0.0001035476   0.0044015397  -0.0004961126   0.0077504004
       -0.0025887790   0.0016071787  -0.0012462040  -0.0008064947   0.0001994323
        0.0027719120  -0.0062938795   0.0021019519   0.0001758903  -0.0000417357
       -0.0002314953  -0.0019705932  -0.0017092582   0.0002552256  -0.0022398241
        0.0017757789  -0.0002053631   0.0011209424   0.0005720477  -0.0001962935
       -0.0000108631  -0.0002247118   0.0000386833  -0.0000178380   0.0001121612
       -0.0000239813  -0.0000238691  -0.0002210104   0.0000281389   0.0002728679
        0.0019758162  -0.0006834253   0.0102589349   0.3173569487  -0.0341816533
        0.0578319616  -0.1167308510   0.0085639300  -0.0183845663   0.0101723349
       -0.0011219128   0.0222246449  -0.0122363729   0.0061226533   0.0291157616
       -0.0170900902  -0.0019436796   0.0026032161   0.0070251111  -0.0021443616
       -0.0000909530  -0.0000002779  -0.0005446777  -0.0000138533   0.0000112145
        0.0005349687  -0.0001839885   0.0003041250   0.0002931286   0.0002438502
        0.0001756217   0.0001367266
        0.0064093577   0.0057128111   0.0043674638   0.0105614085   0.0166083424
       -0.0375411115  -0.0012888469  -0.0004093134   0.0042548921  -0.0008686664
        0.0014223930   0.0044770116   0.0002377192  -0.0000794958  -0.0000422873
       -0.0005763227   0.0021280581   0.0061891095  -0.0000354522  -0.0001862799
       -0.0011379213   0.0003101996   0.0002050231  -0.0003383527   0.0002233494
       -0.0002043766   0.0002699960  -0.0001493427  -0.0000833621  -0.0001273574
        0.0000242218   0.0000288515   0.0000030716  -0.0000005673  -0.0000179952
       -0.0000200921  -0.0000210827   0.0000348444   0.0000037047   0.0000148462
       -0.0005516502  -0.0014647787  -0.0035553068  -0.0341816533   0.0642225360
       -0.0070446210   0.0086220786  -0.0458740249   0.0030446783  -0.0015181454
        0.0010035386  -0.0275422150   0.0141027051   0.0003637139   0.0207310050
       -0.0100637415   0.0039590802  -0.0004990934  -0.0005776617  -0.0024989966
       -0.0003102803  -0.0010584072  -0.0006239384   0.0001247749   0.0002590314
        0.0003856974   0.0001476349  -0.0001787729  -0.0000226126   0.0000626020
       -0.0000132836   0.0001916581
        0.0022782834   0.0013141709  -0.0003623773  -0.0422655103   0.0014172592
        0.0003739798  -0.0028691416  -0.0015552788   0.0004732918  -0.0030560942
        0.0019466059  -0.0004434957   0.0003654274  -0.0003594694   0.0000463766
       -0.0013669662  -0.0001453302  -0.0000012792   0.0000211130   0.0000027731
        0.0000092043   0.0000469750   0.0001416785  -0.0000237800   0.0006832218
       -0.0011208947   0.0001490123  -0.0000731199   0.0000455424   0.0000159568
       -0.0000288387   0.0000193044  -0.0000255547  -0.0000721513  -0.0000467523
        0.0000067478  -0.0000241112   0.0000278021   0.0000158290  -0.0010836316
       -0.0003845578   0.0001104087  -0.1603174290   0.0578319616  -0.0070446210
        0.4254126550   0.0527490962  -0.0067408913  -0.1382386431  -0.1229826282
        0.0202144063  -0.0408094553   0.0059755286  -0.0184302262  -0.0398939970
        0.0070489520   0.0111949876   0.0013860224  -0.0021826659  -0.0000064029
        0.0001376526  -0.0001281363   0.0003835434  -0.0002505424   0.0002505538
        0.0000878868  -0.0000853722  -0.0000242327   0.0000607448   0.0001036533
        0.0001587178  -0.0000637477
       -0.0027699244  -0.0005000011  -0.0000464508  -0.0152871309   0.0159203167
       -0.0026264694  -0.0014984830  -0.0041157125   0.0008926066   0.0001251089
       -0.0011977741   0.0003852310  -0.0007493565   0.0008218990  -0.0001160631
        0.0010110624   0.0010295608  -0.0000942614  -0.0001724573   0.0000788203
       -0.0000477024  -0.0000086468   0.0000105943  -0.0000003077  -0.0012052588
        0.0005714719  -0.0000828108  -0.0000455817   0.0001002163  -0.0000258546
        0.0000292491  -0.0000170636   0.0000239379  -0.0000119382   0.0000136067
        0.0000000490   0.0000285127  -0.0000219676  -0.0000148339  -0.0019645728
       -0.0004429014   0.0000576624   0.0740513584  -0.1167308510   0.0086220786
        0.0527490962   0.5035817629  -0.0018029052  -0.1159439360  -0.1802236135
        0.0225111877   0.0055707170  -0.0803045819   0.0831107157   0.0060405765
       -0.1401119778  -0.1104146074   0.0000229476   0.0017637245  -0.0000210816
       -0.0002081047  -0.0000340882  -0.0003418289   0.0002156509  -0.0000813746
        0.0000113694   0.0000762936   0.0000236696  -0.0000004356  -0.0000551822
       -0.0001337356   0.0000207742
        0.0003329158  -0.0003618159  -0.0017834655   0.0021321055  -0.0025179420
       -0.0040391020   0.0001519377   0.0009262577   0.0010319305  -0.0002673474
        0.0004811163   0.0017775205   0.0000838541   0.0000249095   0.0000069911
       -0.0000290495  -0.0000146274   0.0007710470   0.0000202634  -0.0000599510
       -0.0002762613   0.0000013119   0.0000064491   0.0000689967   0.0002347282
       -0.0001958779  -0.0001288711  -0.0000167975  -0.0000263859  -0.0000869800
        0.0000145267   0.0000096455  -0.0000014443  -0.0000039742  -0.0000045525
        0.0000019146  -0.0000180022  -0.0000010458   0.0000036276   0.0003312228
        0.0000549629  -0.0001913473  -0.0082087695   0.0085639300  -0.0458740249
       -0.0067408913  -0.0018029052   0.4888568441   0.0191949889   0.0225642524
       -0.0473700684  -0.0173370036   0.0836136542  -0.2248550151   0.0100108958
       -0.1106847734  -0.1677520143   0.0001684126  -0.0004899866  -0.0000312719
       -0.0000739694   0.0000884438   0.0000515813   0.0000561944  -0.0002102625
       -0.0001081378  -0.0000520061   0.0000233463  -0.0000538822   0.0000144529
        0.0000131586  -0.0000185671
       -0.0000289136   0.0009338459  -0.0001467565  -0.0064961324   0.0021538038
       -0.0000020734  -0.0008477018  -0.0013029540   0.0002149959  -0.0001224912
        0.0001077270  -0.0000709225   0.0000416059   0.0001397869  -0.0000190634
        0.0001869435   0.0000303039  -0.0000171943   0.0000057714  -0.0000052723
        0.0000034311   0.0000001006  -0.0000136244   0.0000007144  -0.0002172250
        0.0000178641   0.0000004645  -0.0000722428   0.0000118575   0.0000041713
        0.0000051445  -0.0000084200   0.0000034022  -0.0000093039   0.0000039913
       -0.0000003440   0.0000070464  -0.0000083436  -0.0000009110   0.0001053909
        0.0000431722  -0.0000054582  -0.0333246117  -0.0183845663   0.0030446783
       -0.1382386431  -0.1159439360   0.0191949889   0.1757787565   0.1352378713
       -0.0225732560   0.0018664309  -0.0010361845   0.0010631140   0.0012822046
       -0.0019742757  -0.0007278786   0.0001450268  -0.0000071143   0.0000030456
       -0.0000156942   0.0000370566  -0.0000306050  -0.0000870866  -0.0000457993
        0.0000576059  -0.0000113313   0.0000257138  -0.0000198954   0.0000469558
       -0.0000125038   0.0000237462
        0.0000080209  -0.0003445701   0.0001074110   0.0023781502  -0.0007814854
        0.0001451975   0.0007573152   0.0003429344  -0.0000307306   0.0001184813
       -0.0003117060   0.0000702646  -0.0001431599   0.0001215849  -0.0000128668
       -0.0000021145   0.0002115855  -0.0000241871  -0.0000418472   0.0000133396
       -0.0000040129   0.0000094085   0.0000378334   0.0000000986  -0.0000594727
        0.0001120344  -0.0000179711   0.0000467832   0.0000137212  -0.0000046924
       -0.0000020629  -0.0000035880   0.0000033739  -0.0000039800   0.0000195463
       -0.0000039067  -0.0000014982  -0.0000055507  -0.0000019281  -0.0004088048
        0.0002271355  -0.0000678349   0.0085223152   0.0101723349  -0.0015181454
       -0.1229826282  -0.1802236135   0.0225642524   0.1352378713   0.2015457188
       -0.0258110714  -0.0092256715  -0.0121923117   0.0038570694  -0.0141181694
       -0.0191232116   0.0007954287  -0.0000838184   0.0001759595  -0.0000327832
       -0.0000386259  -0.0000395892  -0.0000324561   0.0000131313   0.0000245837
        0.0000018220   0.0000214187   0.0000092198   0.0000132627  -0.0000010422
       -0.0000019058   0.0000044059
       -0.0000034423   0.0000870338   0.0003081469  -0.0003028030   0.0001583347
        0.0005568611  -0.0000708589  -0.0000201248   0.0001294816  -0.0000281633
        0.0000297163  -0.0000055383   0.0000223296  -0.0000017998  -0.0000266558
        0.0000092552  -0.0000302282   0.0000084731   0.0000065958  -0.0000025766
        0.0000006322  -0.0000019324  -0.0000018204   0.0000239821  -0.0000064296
       -0.0000231945  -0.0000213262  -0.0000077525  -0.0000007825   0.0000031314
        0.0000003016   0.0000023986   0.0000007774   0.0000003819  -0.0000038741
        0.0000077465   0.0000019388   0.0000008651   0.0000021798   0.0000499065
       -0.0000700929  -0.0001655354  -0.0007554522  -0.0011219128   0.0010035386
        0.0202144063   0.0225111877  -0.0473700684  -0.0225732560  -0.0258110714
        0.0496757612   0.0178395876   0.0234413511  -0.0059016843  -0.0144647227
       -0.0191264679   0.0017937930   0.0000242655  -0.0000427753  -0.0000715102
        0.0000320963   0.0000272803   0.0000940913   0.0000401017  -0.0000011365
       -0.0000294175  -0.0000094816   0.0000013073   0.0000007669  -0.0000168725
       -0.0000016173  -0.0000176270
        0.0002797524  -0.0001417484   0.0000633113   0.0020705826   0.0011030946
       -0.0016651624  -0.0008342630   0.0002625473   0.0002182265   0.0003812361
        0.0004655062   0.0002576188   0.0002646921  -0.0004088750   0.0001030346
       -0.0005138422   0.0000341223   0.0003256986   0.0000263055  -0.0000252774
       -0.0000929672   0.0000454929   0.0000104481  -0.0000027844  -0.0000041655
        0.0000107521  -0.0000241130  -0.0000286996  -0.0000291332  -0.0000147202
        0.0000021341   0.0000034075   0.0000038380   0.0000051259   0.0000020261
       -0.0000003030  -0.0000070023   0.0000003556  -0.0000041898  -0.0008326566
       -0.0014748229  -0.0007499114  -0.0196256294   0.0222246449  -0.0275422150
       -0.0408094553   0.0055707170  -0.0173370036   0.0018664309  -0.0092256715
        0.0178395876   0.0561084125  -0.0167520825   0.0285879275   0.0016438694
       -0.0014154826   0.0001506955  -0.0000491937  -0.0002218623  -0.0001217559
        0.0000386712   0.0000263277   0.0001041801  -0.0000125762   0.0000074345
       -0.0000962806   0.0000091541  -0.0000142439   0.0000015011  -0.0000243758
       -0.0000121843  -0.0000042131
        0.0000298083   0.0003653395  -0.0004186973  -0.0006663020   0.0004577117
       -0.0003024497  -0.0000279335   0.0002352733  -0.0000414348  -0.0003619090
        0.0002925983  -0.0000902239   0.0001861534  -0.0001042503   0.0000382026
       -0.0002940513  -0.0001075356   0.0003063920   0.0000426528  -0.0000124976
       -0.0000458331  -0.0000094945   0.0000028509  -0.0000228578   0.0003098409
       -0.0002248551   0.0000291982  -0.0000190443  -0.0000168168   0.0000092282
       -0.0000034454   0.0000123912  -0.0000084647   0.0000084330  -0.0000035911
        0.0000023914  -0.0000020776   0.0000139251   0.0000015845  -0.0012131124
       -0.0007202303  -0.0005620981   0.0157124253  -0.0122363729   0.0141027051
        0.0059755286  -0.0803045819   0.0836136542  -0.0010361845  -0.0121923117
        0.0234413511  -0.0167520825   0.0973577058  -0.1013595842  -0.0020034374
        0.0074817618  -0.0188118090   0.0001141247  -0.0003561856  -0.0000016765
       -0.0000044227   0.0000809925   0.0001298045   0.0000220337  -0.0000266040
        0.0000475553  -0.0000231228  -0.0000159342  -0.0000222522   0.0000156190
        0.0000212170  -0.0000346857
       -0.0003038737   0.0003570760   0.0000897542   0.0016732446   0.0010304976
        0.0004221928  -0.0002908401  -0.0000326348  -0.0000311199   0.0004004767
        0.0000861523  -0.0000348210   0.0001569555  -0.0001347991   0.0000114371
        0.0002340047  -0.0001225169  -0.0001795816   0.0000318510  -0.0000223005
        0.0000296793   0.0000103874  -0.0000323326   0.0000117900  -0.0001133719
        0.0000392873   0.0000022544   0.0000248918   0.0000234102  -0.0000005881
       -0.0000038139  -0.0000084858   0.0000132644  -0.0000033968   0.0000033702
        0.0000008591  -0.0000035016  -0.0000082338  -0.0000102104  -0.0004626174
       -0.0010145078   0.0001166057  -0.0118458981   0.0061226533   0.0003637139
       -0.0184302262   0.0831107157  -0.2248550151   0.0010631140   0.0038570694
       -0.0059016843   0.0285879275  -0.1013595842   0.2575212525  -0.0006729893
        0.0081645941  -0.0275937838  -0.0000742579  -0.0000216674   0.0000482251
        0.0000490811  -0.0000623191  -0.0000611421  -0.0000072484   0.0000196327
       -0.0000001010   0.0000102619   0.0000065280   0.0000059484  -0.0000301610
       -0.0000016048   0.0000310703
        0.0003257681  -0.0001213518  -0.0000618514   0.0021208483   0.0014735502
        0.0013180132  -0.0007775915   0.0001452071  -0.0003128687   0.0004124405
        0.0003732572  -0.0003862049   0.0002748763  -0.0004526608   0.0000417295
       -0.0005754666  -0.0000747122  -0.0003115333   0.0000295202   0.0000055199
        0.0000935823   0.0000477016   0.0000150088   0.0000044999   0.0000152771
        0.0000240137   0.0000207779  -0.0000242474  -0.0000286463   0.0000182531
       -0.0000070031   0.0000020884   0.0000035060   0.0000070570   0.0000015160
       -0.0000019045   0.0000006466   0.0000016244  -0.0000045308  -0.0007413752
       -0.0010354957   0.0011367387  -0.0184445016   0.0291157616   0.0207310050
       -0.0398939970   0.0060405765   0.0100108958   0.0012822046  -0.0141181694
       -0.0144647227   0.0016438694  -0.0020034374  -0.0006729893   0.0543446978
       -0.0192498894  -0.0172449213  -0.0000487480  -0.0000376180   0.0002449674
       -0.0000085235   0.0000072888  -0.0000891764   0.0000103079  -0.0000569131
       -0.0000480715   0.0000044038  -0.0000115005  -0.0000133737   0.0000018346
       -0.0000150179  -0.0000118206
        0.0001518586   0.0003438038   0.0002652628  -0.0010370462   0.0004755638
        0.0005024120   0.0000260786   0.0002938840  -0.0000222113  -0.0004721329
        0.0002686045  -0.0000183819   0.0001324830  -0.0000627985   0.0000066257
       -0.0003536057  -0.0001820558  -0.0002988442   0.0000301019   0.0000104274
        0.0000494692  -0.0000141012   0.0000161129   0.0000165636   0.0003075136
       -0.0002209318   0.0000347953  -0.0000279043  -0.0000220356  -0.0000010793
       -0.0000004113   0.0000138962  -0.0000082505   0.0000083535  -0.0000055747
        0.0000007893  -0.0000015829   0.0000204303   0.0000091543  -0.0009079692
       -0.0001914435   0.0006740409   0.0177120096  -0.0170900902  -0.0100637415
        0.0070489520  -0.1401119778  -0.1106847734  -0.0019742757  -0.0191232116
       -0.0191264679  -0.0014154826   0.0074817618   0.0081645941  -0.0192498894
        0.1683613229   0.1303775686   0.0000620348  -0.0003527296  -0.0000180185
       -0.0000298287   0.0000433151   0.0000709431  -0.0000370820   0.0000364737
        0.0000691524  -0.0000016463  -0.0000204188   0.0000001173   0.0000435731
        0.0000176715   0.0000002797
        0.0002507090  -0.0004272002   0.0001465917  -0.0014686813  -0.0009916705
        0.0006734401   0.0003551950  -0.0000393936  -0.0000229639  -0.0002964390
       -0.0001928410  -0.0000080978  -0.0002050901   0.0001959365  -0.0000440903
       -0.0001096483   0.0001153457  -0.0001205850  -0.0000434435   0.0000286605
        0.0000044774  -0.0000123021   0.0000259141  -0.0000095998  -0.0000070846
        0.0000287309   0.0000029371  -0.0000164238  -0.0000153252   0.0000043399
        0.0000042059   0.0000015461  -0.0000102756   0.0000009205  -0.0000019318
        0.0000022104   0.0000045430   0.0000091879   0.0000044247   0.0007977545
        0.0011035870  -0.0005197464   0.0073943336  -0.0019436796   0.0039590802
        0.0111949876  -0.1104146074  -0.1677520143  -0.0007278786   0.0007954287
        0.0017937930   0.0001506955  -0.0188118090  -0.0275937838  -0.0172449213
        0.1303775686   0.1894789527   0.0000152307   0.0001108553  -0.0000220312
       -0.0000586063   0.0000167092   0.0000069404  -0.0000068833   0.0000263955
        0.0000144305   0.0000047801  -0.0000057585   0.0000177640   0.0000240468
        0.0000083508  -0.0000061941
       -0.0042107102   0.0026386220   0.0004761677  -0.0030118156   0.0276310168
       -0.0045513786  -0.0468789142   0.0000068501   0.0000086839  -0.0030060980
       -0.0276176067   0.0045524320  -0.0042102678  -0.0026423669  -0.0004759408
       -0.0005288174   0.0000010395  -0.0000000467  -0.0001169333  -0.0014365822
        0.0004042918   0.0000929933   0.0000000838  -0.0000000324   0.0037316868
       -0.0026057478   0.0004993433   0.0013848162  -0.0000237302  -0.0001691414
       -0.0000491532  -0.0001138338   0.0000741755   0.0001450292   0.0000838322
       -0.0000242807  -0.0000485794  -0.0000618134  -0.0000153088  -0.0001171507
        0.0014365032  -0.0004047531   0.0037220146   0.0026032161  -0.0004990934
        0.0013860224   0.0000229476   0.0001684126   0.0001450268  -0.0000838184
        0.0000242655  -0.0000491937   0.0001141247  -0.0000742579  -0.0000487480
        0.0000620348   0.0000152307   0.0845950544  -0.0000546843  -0.0001002385
       -0.0391795337   0.0000227672   0.0000582548   0.0026309916  -0.0151573488
       -0.0227423489   0.0010242324   0.0000077340   0.0000073729   0.0025980476
        0.0151667604   0.0227681907
        0.0045599159   0.0008413450  -0.0009914418   0.0031349172  -0.0485608223
        0.0109188181   0.0000026759  -0.2138822501   0.0562405278  -0.0031261726
       -0.0485730301   0.0109208578  -0.0045624377   0.0008403146  -0.0009898196
        0.0000003654  -0.0007483863   0.0002575717  -0.0002749168  -0.0021728944
        0.0002222529   0.0000000968  -0.0000862081   0.0001306380  -0.0068896471
        0.0070242798  -0.0005770625   0.0021824846   0.0017639746  -0.0004903044
        0.0002219148  -0.0003563824  -0.0000216455   0.0000071469   0.0001758346
       -0.0000427823   0.0000376536  -0.0003527894   0.0001110039   0.0002753566
       -0.0021719252   0.0002224611   0.0068889814   0.0070251111  -0.0005776617
       -0.0021826659   0.0017637245  -0.0004899866  -0.0000071143   0.0001759595
       -0.0000427753  -0.0002218623  -0.0003561856  -0.0000216674  -0.0000376180
       -0.0003527296   0.0001108553  -0.0000546843   0.4155193548   0.0302059227
        0.0000250913  -0.0875248258  -0.0578304258  -0.0065699086  -0.0010181655
       -0.0101831563   0.0000160630  -0.0279712537  -0.0269244892   0.0065743641
       -0.0010020500  -0.0101576909
       -0.0011246958   0.0016240318   0.0074439869  -0.0011832191   0.0095673856
       -0.0002478507   0.0000150237   0.0429574444  -0.0770164572   0.0011744104
        0.0095699174  -0.0002503376   0.0011244484   0.0016262636   0.0074420739
        0.0000009438   0.0000857369  -0.0003103714   0.0000110246   0.0003407429
       -0.0003587772   0.0000001424  -0.0003622027  -0.0015895795   0.0009426670
       -0.0021459509  -0.0024983572   0.0000063840  -0.0000219661  -0.0000309420
        0.0001215407  -0.0000018219   0.0000481183  -0.0000028366  -0.0000327606
       -0.0000716831  -0.0002451733  -0.0000180654  -0.0000218629  -0.0000110211
        0.0003402422  -0.0003589651  -0.0009394322  -0.0021443616  -0.0024989966
       -0.0000064029  -0.0000210816  -0.0000312719   0.0000030456  -0.0000327832
       -0.0000715102  -0.0001217559  -0.0000016765   0.0000482251   0.0002449674
       -0.0000180185  -0.0000220312  -0.0001002385   0.0302059227   0.3092399864
        0.0000619082  -0.0503780831  -0.1754249869  -0.0093899512  -0.0202108945
       -0.0344115491  -0.0000003989  -0.0007302997   0.0053908044   0.0094186193
       -0.0201977214  -0.0343976651
       -0.0004227310  -0.0002552546  -0.0005624533   0.0001996770   0.0029330983
       -0.0004294805  -0.0043805689   0.0000177344  -0.0000024482   0.0001997867
       -0.0029373240   0.0004292395  -0.0004221251   0.0002574479   0.0005617568
        0.0000653686  -0.0000006876   0.0000001064  -0.0000352757  -0.0001474791
       -0.0001220165  -0.0000009849  -0.0000000476   0.0000000046   0.0000154951
        0.0000918459   0.0003098904   0.0001381689   0.0002085784   0.0000737595
        0.0000387094   0.0000041857  -0.0000490959  -0.0000157571   0.0000385650
       -0.0000322385  -0.0000086589   0.0000296426   0.0000586763  -0.0000353067
        0.0001477011   0.0001219030   0.0000196971  -0.0000909530  -0.0003102803
        0.0001376526  -0.0002081047  -0.0000739694  -0.0000156942  -0.0000386259
        0.0000320963   0.0000386712  -0.0000044227   0.0000490811  -0.0000085235
       -0.0000298287  -0.0000586063  -0.0391795337   0.0000250913   0.0000619082
        0.4773146023   0.0000194415   0.0000272241  -0.1950833766   0.0350601443
       -0.0934662746  -0.0434573619   0.0000670953  -0.0000325747  -0.1951019307
       -0.0351878436   0.0934137920
        0.0002578765  -0.0007440398   0.0017038161  -0.0018521760   0.0001641407
       -0.0005581103   0.0000181378  -0.0441694831  -0.0227526014   0.0018502885
        0.0001666916  -0.0005577290  -0.0002572417  -0.0007430228   0.0017032397
        0.0000003507  -0.0000025323  -0.0001008163   0.0000969028  -0.0000358973
        0.0000289944   0.0000000070   0.0000394647  -0.0003196382   0.0002001160
       -0.0000019605  -0.0010587679   0.0001285596  -0.0000339687   0.0000882486
       -0.0000263264   0.0000810935  -0.0000622932  -0.0000369976  -0.0000395615
        0.0000273413  -0.0000074125   0.0000433073   0.0000167194  -0.0000968824
       -0.0000362210   0.0000290548  -0.0002006366  -0.0000002779  -0.0010584072
       -0.0001281363  -0.0000340882   0.0000884438   0.0000370566  -0.0000395892
        0.0000272803   0.0000263277   0.0000809925  -0.0000623191   0.0000072888
        0.0000433151   0.0000167092   0.0000227672  -0.0875248258  -0.0503780831
        0.0000194415   0.4818065624  -0.0676152062   0.0350320434  -0.0510781335
        0.0252861316   0.0000657242  -0.2468083567   0.0901621280  -0.0351570787
       -0.0511336093   0.0253458648
       -0.0000690684  -0.0009017066  -0.0000862362   0.0005220923   0.0032292054
        0.0004373442  -0.0000033607  -0.0147039213   0.0122483975  -0.0005222622
        0.0032278909   0.0004395199   0.0000691413  -0.0009018530  -0.0000857978
        0.0000000419  -0.0000383582  -0.0000592185   0.0001221410   0.0001886761
        0.0000710246  -0.0000000789   0.0001495280   0.0000403614   0.0010272572
       -0.0005451397  -0.0006267325  -0.0003838541  -0.0003419994   0.0000522826
       -0.0001042271   0.0001300069  -0.0000611083   0.0000308065  -0.0000322183
        0.0000941547   0.0000892471   0.0000709498   0.0000066434  -0.0001222759
        0.0001886758   0.0000711264  -0.0010290562  -0.0005446777  -0.0006239384
        0.0003835434  -0.0003418289   0.0000515813  -0.0000306050  -0.0000324561
        0.0000940913   0.0001041801   0.0001298045  -0.0000611421  -0.0000891764
        0.0000709431   0.0000069404   0.0000582548  -0.0578304258  -0.1754249869
        0.0000272241  -0.0676152062   0.4305588111  -0.0932587982   0.0264177219
       -0.0964382282  -0.0000310220   0.0835450331  -0.0743301989   0.0932098556
        0.0264813556  -0.0963746908
       -0.0000152870  -0.0001257901   0.0000142085   0.0003692056  -0.0002735982
       -0.0000269380   0.0004754612   0.0009039710   0.0000684085  -0.0004858769
        0.0001745077  -0.0000300146   0.0000261491   0.0000087412   0.0000617184
        0.0001054991  -0.0000465998   0.0000427009  -0.0000184234   0.0000085692
       -0.0000185494  -0.0000063008  -0.0000185155   0.0000083787  -0.0000548614
       -0.0002443928  -0.0000627291   0.0001038603   0.0000554794  -0.0000145931
       -0.0000243845  -0.0000155308   0.0000301766   0.0000470490   0.0000012086
        0.0000169265   0.0000017710  -0.0000435180  -0.0000240531   0.0000107569
       -0.0000210991  -0.0000266222  -0.0000819359  -0.0000138533   0.0001247749
       -0.0002505424   0.0002156509   0.0000561944  -0.0000870866   0.0000131313
        0.0000401017  -0.0000125762   0.0000220337  -0.0000072484   0.0000103079
       -0.0000370820  -0.0000068833   0.0026309916  -0.0065699086  -0.0093899512
       -0.1950833766   0.0350320434  -0.0932587982   0.2234116301  -0.0370118450
        0.1157233922  -0.0018023393   0.0017268249  -0.0012793536  -0.0292696907
        0.0062595721  -0.0120412470
       -0.0001722700  -0.0000463692   0.0000795262  -0.0001543891   0.0001513406
       -0.0001986876  -0.0018599870   0.0014470066  -0.0009685831  -0.0001022785
       -0.0004579110   0.0002081578  -0.0000759282   0.0000688106   0.0000715507
        0.0000846095  -0.0000060003   0.0000455669   0.0000154063   0.0000175790
       -0.0000152424   0.0000092605   0.0000286942   0.0000019761   0.0002032423
        0.0001755902  -0.0000133909  -0.0001583933  -0.0001334178   0.0000128750
        0.0000121266   0.0000212558  -0.0000016979   0.0000125458  -0.0000018379
       -0.0000016916   0.0000150408   0.0000176937   0.0000082594  -0.0000072845
        0.0000833073  -0.0000223038   0.0004527020   0.0000112145   0.0002590314
        0.0002505538  -0.0000813746  -0.0002102625  -0.0000457993   0.0000245837
       -0.0000011365   0.0000074345  -0.0000266040   0.0000196327  -0.0000569131
        0.0000364737   0.0000263955  -0.0151573488  -0.0010181655  -0.0202108945
        0.0350601443  -0.0510781335   0.0264177219  -0.0370118450   0.0567335169
       -0.0200057452   0.0249631454  -0.0079961140   0.0163290119  -0.0062837753
        0.0020288610  -0.0018300693
        0.0000012604   0.0000492499  -0.0001848766  -0.0009290557  -0.0008924929
        0.0000526260   0.0001826366   0.0013013584   0.0010532937   0.0000369242
       -0.0005643762   0.0000199524  -0.0000121647   0.0002445368   0.0000051371
        0.0001567452   0.0000281115   0.0000048708  -0.0000213827  -0.0000291619
       -0.0000316024   0.0000079511  -0.0000038689   0.0000104616  -0.0000671477
        0.0001375567   0.0001909420   0.0000631360   0.0000203460  -0.0000177163
        0.0000042337  -0.0000347624   0.0000310838  -0.0000238065   0.0000043866
       -0.0000176359   0.0000118677   0.0000002496  -0.0000062199   0.0000170583
       -0.0000117262  -0.0000024279   0.0007768722   0.0005349687   0.0003856974
        0.0000878868   0.0000113694  -0.0001081378   0.0000576059   0.0000018220
       -0.0000294175  -0.0000962806   0.0000475553  -0.0000001010  -0.0000480715
        0.0000691524   0.0000144305  -0.0227423489  -0.0101831563  -0.0344115491
       -0.0934662746   0.0252861316  -0.0964382282   0.1157233922  -0.0200057452
        0.1282921468  -0.0117492867   0.0058066115  -0.0067909754   0.0120282494
       -0.0018181161   0.0079782459
       -0.0000394801  -0.0000692824   0.0000253504   0.0001274520  -0.0000245309
       -0.0001403970   0.0006982961   0.0000020771   0.0000020207   0.0001263674
        0.0000247687   0.0001405026  -0.0000394305   0.0000692954  -0.0000255615
        0.0001195345   0.0000000340   0.0000000581   0.0000017292   0.0000103614
       -0.0000061308  -0.0000056064   0.0000000172   0.0000001072  -0.0000464917
        0.0001838089  -0.0001470180  -0.0000854722  -0.0000764775   0.0000522734
        0.0000091814   0.0000232590  -0.0000102796  -0.0000113199  -0.0000214420
        0.0000094816   0.0000043869   0.0000016046  -0.0000047710   0.0000017399
       -0.0000103107   0.0000062324  -0.0000488176  -0.0001839885   0.0001476349
       -0.0000853722   0.0000762936  -0.0000520061  -0.0000113313   0.0000214187
       -0.0000094816   0.0000091541  -0.0000231228   0.0000102619   0.0000044038
       -0.0000016463   0.0000047801   0.0010242324   0.0000160630  -0.0000003989
       -0.0434573619   0.0000657242  -0.0000310220  -0.0018023393   0.0249631454
       -0.0117492867   0.0452910450  -0.0000819166   0.0000320025  -0.0017844998
       -0.0249651537   0.0117456475
        0.0000177721   0.0001266388   0.0002754821  -0.0010153847  -0.0003998732
       -0.0000728374   0.0000048416  -0.0035643185  -0.0042235981   0.0010154355
       -0.0003983631  -0.0000727686  -0.0000175045   0.0001268334   0.0002753006
        0.0000000725   0.0000146255  -0.0000244715  -0.0000118647  -0.0000462331
        0.0000096714   0.0000000626  -0.0000289970  -0.0000640487  -0.0002916507
        0.0003040968  -0.0001785094   0.0000241765   0.0000235303   0.0000234885
        0.0000143272  -0.0000160062   0.0000066188  -0.0000257708   0.0000090592
        0.0000014824   0.0000115002  -0.0000205221  -0.0000056447   0.0000119621
       -0.0000462695   0.0000096094   0.0002921293   0.0003041250  -0.0001787729
       -0.0000242327   0.0000236696   0.0000233463   0.0000257138   0.0000092198
        0.0000013073  -0.0000142439  -0.0000159342   0.0000065280  -0.0000115005
       -0.0000204188  -0.0000057585   0.0000077340  -0.0279712537  -0.0007302997
        0.0000670953  -0.2468083567   0.0835450331   0.0017268249  -0.0079961140
        0.0058066115  -0.0000819166   0.2944052954  -0.0902414012  -0.0017255785
       -0.0080144336   0.0058136314
        0.0001021365   0.0000022768   0.0002997535  -0.0005285627  -0.0008624758
       -0.0000027124   0.0000038174  -0.0043888492  -0.0029043399   0.0005285706
       -0.0008612413  -0.0000028807  -0.0001019603   0.0000023989   0.0002994637
        0.0000000418  -0.0000364915  -0.0000093829  -0.0000028299  -0.0000350679
       -0.0000126063  -0.0000000076   0.0000018714  -0.0000509371  -0.0002013752
        0.0002934100  -0.0000232455  -0.0000614979  -0.0000009908  -0.0000530415
       -0.0000015588  -0.0000222717   0.0000058853   0.0000199021   0.0000133109
        0.0000006248   0.0000134235   0.0000001272   0.0000176392   0.0000028497
       -0.0000351337  -0.0000125445   0.0002024931   0.0002931286  -0.0000226126
        0.0000607448  -0.0000004356  -0.0000538822  -0.0000198954   0.0000132627
        0.0000007669   0.0000015011  -0.0000222522   0.0000059484  -0.0000133737
        0.0000001173   0.0000177640   0.0000073729  -0.0269244892   0.0053908044
       -0.0000325747   0.0901621280  -0.0743301989  -0.0012793536   0.0163290119
       -0.0067909754   0.0000320025  -0.0902414012   0.0850164969   0.0012681340
        0.0163200564  -0.0067857872
        0.0000260164  -0.0000089157  -0.0000616711  -0.0004856252  -0.0001742121
        0.0000298512   0.0004755548  -0.0009045641  -0.0000678633   0.0003699447
        0.0002732761   0.0000265188  -0.0000154921   0.0001260680  -0.0000142897
        0.0001057929   0.0000465740  -0.0000427582   0.0000107835   0.0000209899
        0.0000266974  -0.0000062209   0.0000184909  -0.0000084113  -0.0000849756
        0.0000129696  -0.0001254913  -0.0002504070  -0.0002160149  -0.0000563358
       -0.0000126662  -0.0000222589   0.0000071824  -0.0000873026  -0.0000133083
       -0.0000402010   0.0000102818   0.0000370018   0.0000068152  -0.0000183579
       -0.0000085154   0.0000185749  -0.0000545836   0.0002438502   0.0000626020
        0.0001036533  -0.0000551822   0.0000144529   0.0000469558  -0.0000010422
       -0.0000168725  -0.0000243758   0.0000156190  -0.0000301610   0.0000018346
        0.0000435731   0.0000240468   0.0025980476   0.0065743641   0.0094186193
       -0.1951019307  -0.0351570787   0.0932098556  -0.0292696907  -0.0062837753
        0.0120282494  -0.0017844998  -0.0017255785   0.0012681340   0.2234472628
        0.0371576697  -0.1156775447
        0.0000758486   0.0000685487   0.0000714315   0.0001021867  -0.0004573821
        0.0002079353   0.0018603849   0.0014474692  -0.0009677279   0.0001551248
        0.0001506116  -0.0001996380   0.0001722056  -0.0000462483   0.0000794640
       -0.0000844579  -0.0000059024   0.0000455411   0.0000072351   0.0000834217
       -0.0000223476  -0.0000093480   0.0000287337   0.0000019928  -0.0004541080
        0.0000099390   0.0002597696  -0.0002510942  -0.0000814549  -0.0002108092
       -0.0000076144  -0.0000267445   0.0000194289   0.0000459126   0.0000248448
       -0.0000011651   0.0000570196   0.0000365997   0.0000263537  -0.0000154641
        0.0000175300  -0.0000151654  -0.0002038478   0.0001756217  -0.0000132836
        0.0001587178  -0.0001337356   0.0000131586  -0.0000125038  -0.0000019058
       -0.0000016173  -0.0000121843   0.0000212170  -0.0000016048  -0.0000150179
        0.0000176715   0.0000083508   0.0151667604  -0.0010020500  -0.0201977214
       -0.0351878436  -0.0511336093   0.0264813556   0.0062595721   0.0020288610
       -0.0018181161  -0.0249651537  -0.0080144336   0.0163200564   0.0371576697
        0.0567923970  -0.0200856420
        0.0000121100   0.0002444884   0.0000049592  -0.0000363543  -0.0005634224
        0.0000196873  -0.0001852723   0.0013000911   0.0010550000   0.0009304993
       -0.0008928384   0.0000530657  -0.0000014508   0.0000489682  -0.0001849074
       -0.0001568812   0.0000283224   0.0000048192  -0.0000170172  -0.0000117810
       -0.0000024459  -0.0000079511  -0.0000038294   0.0000104767  -0.0007773942
        0.0005358347   0.0003848300  -0.0000888360   0.0000108426  -0.0001075878
        0.0000964693   0.0000477841  -0.0000001144  -0.0000576491   0.0000017923
       -0.0000293513   0.0000482071   0.0000692437   0.0000143852   0.0000213917
       -0.0000290909  -0.0000315606   0.0000673256   0.0001367266   0.0001916581
       -0.0000637477   0.0000207742  -0.0000185671   0.0000237462   0.0000044059
       -0.0000176270  -0.0000042131  -0.0000346857   0.0000310703  -0.0000118206
        0.0000002797  -0.0000061941   0.0227681907  -0.0101576909  -0.0343976651
        0.0934137920   0.0253458648  -0.0963746908  -0.0120412470  -0.0018300693
        0.0079782459   0.0117456475   0.0058136314  -0.0067857872  -0.1156775447
       -0.0200856420   0.1282083011
