           1           2   1.36043017993196     
           2           3   1.33258509365602     
           3           4   1.33257359498371     
           4           5   1.36044279141514     
           1           6   1.44062742853837     
           3           6  0.100280250224394     
           5           6   1.44061447736374     
           5           7  0.963470825394167     
           6           8  0.968218402056812     
           4           9   1.06576380733078     
           9          10  0.967500901427623     
          10          11  0.976226712065211     
          10          12  0.977147670883113     
          10          13  0.976725826868793     
           1          14  0.963471289406599     
           2          15   1.06576513722769     
          15          16  0.967501302580819     
          16          17  0.977147589203801     
          16          18  0.976225683335482     
          16          19  0.976727246650611     
           3          20  0.996488468768127     
          20          21  0.960511947636574     
          21          22  0.980666325512826     
          21          23  0.978793596872522     
          21          24  0.980665305571491     
