$hessian                                                                        
        0.6813122135   0.0118911311  -0.0000020989  -0.3238662308   0.0918919420
        0.0000027655  -0.0575994245  -0.0661122033  -0.0000009890  -0.0324395607
        0.0342311997   0.0000006880   0.0454922506  -0.0002617303  -0.0000001769
       -0.1041666210   0.0292020585   0.0000017334  -0.0004111488  -0.0024914545
       -0.0000000155   0.0003533189  -0.0001694695   0.0000000074  -0.0110998207
        0.0046211223   0.0000001183  -0.0018728632  -0.0034067555   0.0000000523
       -0.0022908530  -0.0040356865  -0.0000000996  -0.1643728218  -0.1298749802
       -0.0000022322  -0.0231743191   0.0266887446   0.0000008578  -0.0001393276
        0.0061748277  -0.0000001105  -0.0055610997   0.0004549770  -0.0000003931
       -0.0007227672   0.0015826139  -0.0000000836   0.0002795552  -0.0001931882
        0.0000247953   0.0002795198  -0.0001931486  -0.0000248186
        0.0118911311   0.6377617492   0.0000094974   0.0139673600  -0.1044510021
       -0.0000012331  -0.0079933987   0.0438696008   0.0000008556   0.0340386460
       -0.0248955125  -0.0000005060  -0.0455508754  -0.0577852841  -0.0000009840
        0.0827832596  -0.2903594067  -0.0000046400  -0.0020516866  -0.0000032011
        0.0000000210  -0.0001329019   0.0006492544   0.0000000050   0.0280181920
       -0.0082584482  -0.0000002271  -0.0037213413  -0.0026461221  -0.0000001562
       -0.0034694617  -0.0022795355  -0.0000001768  -0.1294341928  -0.1814243962
       -0.0000024289   0.0305268284  -0.0064402076  -0.0000006639  -0.0081381285
       -0.0064837224   0.0000004891   0.0004657133   0.0029105376   0.0000003115
       -0.0000112321  -0.0002211190  -0.0000000816  -0.0005939910   0.0000283766
       -0.0001183204  -0.0005939201   0.0000284388   0.0001182385
       -0.0000020989   0.0000094974   0.1155758146   0.0000015487  -0.0000013820
       -0.0474918594   0.0000000585   0.0000010766   0.0016963394   0.0000006687
       -0.0000006653  -0.0060274827  -0.0000012022  -0.0000012285   0.0020286321
        0.0000025781  -0.0000042043  -0.0504966516   0.0000000326   0.0000000843
       -0.0002465648  -0.0000000084   0.0000000194   0.0001422483   0.0000005507
       -0.0000001930   0.0007962620  -0.0000000188  -0.0000001716   0.0081049054
       -0.0000000331  -0.0000002024   0.0071057112  -0.0000022619  -0.0000023002
       -0.0336759804  -0.0000001466  -0.0000003825   0.0000421135   0.0000004143
       -0.0000001209   0.0005020704  -0.0000000672   0.0000001531   0.0018015195
        0.0000000219  -0.0000000551   0.0000715913   0.0000653057  -0.0001373104
        0.0000356655  -0.0000653423   0.0001373853   0.0000356657
       -0.3238662308   0.0139673600   0.0000015487   0.6533708546  -0.0072225702
       -0.0000024796  -0.2042348521  -0.0847241147  -0.0000005467   0.0532177839
       -0.0553282905  -0.0000012389  -0.0536579235  -0.0194969907  -0.0000001542
       -0.0156398075   0.0842872461   0.0000012298  -0.0003685424   0.0060780010
        0.0000001201  -0.0001357615   0.0007253786   0.0000000051  -0.0676843621
        0.0759857835   0.0000014286  -0.0217574831  -0.0205536502  -0.0000003008
       -0.0005039013   0.0001993362  -0.0000000347  -0.0218491918   0.0028889097
        0.0000003093   0.0038199283   0.0035238038   0.0000001300   0.0003438853
       -0.0015913550  -0.0000001119  -0.0003050284   0.0010801152   0.0000001437
        0.0001145471   0.0001145535  -0.0000000082  -0.0004319823   0.0000332180
        0.0001084373  -0.0004319323   0.0000332660  -0.0001084780
        0.0918919420  -0.1044510021  -0.0000013820  -0.0072225702   0.6775556518
        0.0000102177  -0.1615297612  -0.2319590881  -0.0000025893  -0.0010386072
       -0.0576908215  -0.0000009584  -0.0158421502  -0.0023324355   0.0000000778
        0.0301420720   0.0007948885  -0.0000004937   0.0037883689  -0.0030374933
       -0.0000001460  -0.0011983954  -0.0016088123  -0.0000000552   0.0761761196
       -0.2798040044  -0.0000047886   0.0026616027   0.0040341632  -0.0000000197
       -0.0004130277   0.0007531915  -0.0000000097  -0.0209627069   0.0037472496
        0.0000001371   0.0040854522  -0.0055156230  -0.0000002132  -0.0020869941
       -0.0004013518   0.0000000017   0.0016274567   0.0001076382   0.0000002424
        0.0002031143  -0.0003749622   0.0000000287  -0.0001409431   0.0000913874
       -0.0000778805  -0.0001409726   0.0000914240   0.0000778309
        0.0000027655  -0.0000012331  -0.0474918594  -0.0000024796   0.0000102177
        0.1153234013  -0.0000021260  -0.0000030198  -0.0436917230  -0.0000002836
       -0.0000007266  -0.0023022434   0.0000000509   0.0000001129  -0.0034464131
        0.0000006354  -0.0000000012   0.0029376483   0.0000001311  -0.0000001693
        0.0051528682  -0.0000000221  -0.0000000408   0.0013466926   0.0000014776
       -0.0000047650  -0.0348765145   0.0000001760   0.0000001775   0.0006603457
       -0.0000000070   0.0000000046  -0.0001622974  -0.0000003165   0.0000000248
        0.0008998015   0.0000002206  -0.0000004018   0.0079308921  -0.0000003672
       -0.0000000217  -0.0010379421   0.0000000763  -0.0000000979  -0.0010765602
        0.0000000099   0.0000000178  -0.0001757933  -0.0001488469   0.0002230299
        0.0000048297   0.0001489056  -0.0002231081   0.0000048671
       -0.0575994245  -0.0079933987   0.0000000585  -0.2042348521  -0.1615297612
       -0.0000021260   0.6835799381   0.0202002326  -0.0000026490  -0.1154169354
        0.1090350916   0.0000022950  -0.0101764895   0.0308777830   0.0000007352
        0.0028134020  -0.0141042216  -0.0000002064   0.0068939974  -0.0314041329
       -0.0000005830  -0.0020210016  -0.0031644094  -0.0000000429   0.0052092219
        0.0051763708   0.0000001101  -0.2965596639   0.0504258198   0.0000022993
       -0.0055482351   0.0015968848   0.0000000932  -0.0053747523   0.0011811171
        0.0000000430  -0.0026962066  -0.0011904322  -0.0000000177   0.0009939725
        0.0015020726   0.0000000223  -0.0000496948  -0.0004029543  -0.0000000923
       -0.0000028485  -0.0001045414   0.0000000198   0.0000947736  -0.0000507478
        0.0001457445   0.0000947987  -0.0000507728  -0.0001457037
       -0.0661122033   0.0438696008   0.0000010766  -0.0847241147  -0.2319590881
       -0.0000030198   0.0202002326   0.6490278142   0.0000097130   0.0332869125
       -0.2737119995  -0.0000044473   0.0805050569   0.0007672381  -0.0000003943
       -0.0126247188  -0.0541638786  -0.0000005659  -0.0050193952  -0.0509325195
       -0.0000009621  -0.0020370226  -0.0026359896  -0.0000000362  -0.0183897568
       -0.0250458134  -0.0000003798   0.0512462406  -0.0537101472  -0.0000005623
        0.0011907466   0.0002051955  -0.0000001002   0.0013761366   0.0006263002
       -0.0000002095   0.0029179034  -0.0015695008  -0.0000002937  -0.0021984961
       -0.0008325305   0.0000001912  -0.0000389901  -0.0000176424   0.0000000335
       -0.0000983585  -0.0000106834  -0.0000000292   0.0002599534   0.0000468182
       -0.0001778065   0.0002598735   0.0000468258   0.0001777924
       -0.0000009890   0.0000008556   0.0016963394  -0.0000005467  -0.0000025893
       -0.0436917230  -0.0000026490   0.0000097130   0.1118974599   0.0000007662
       -0.0000045484  -0.0532349952   0.0000016828  -0.0000001613   0.0002230073
       -0.0000002364  -0.0000008282  -0.0045192857  -0.0000000973  -0.0000008898
        0.0042848903  -0.0000000071  -0.0000000584   0.0018371219  -0.0000003577
       -0.0000004892   0.0006276157   0.0000022764  -0.0000006203  -0.0337489963
        0.0000000760  -0.0000001963   0.0073023985   0.0000000820  -0.0000001241
        0.0073226692   0.0000000104  -0.0000000456  -0.0001339184  -0.0000000539
       -0.0000000132   0.0000077010   0.0000000329  -0.0000000127   0.0000698123
       -0.0000000077   0.0000000188   0.0000211090  -0.0000235190  -0.0000111207
        0.0000193743   0.0000235372   0.0000111100   0.0000194199
       -0.0324395607   0.0340386460   0.0000006687   0.0532177839  -0.0010386072
       -0.0000002836  -0.1154169354   0.0332869125   0.0000007662   0.6466219098
       -0.0163043656  -0.0000029269  -0.2973799702   0.0959013056   0.0000032319
       -0.0502369710  -0.0608096922  -0.0000005777  -0.1901621840  -0.1133768027
       -0.0000013579   0.0122614711  -0.0004330519  -0.0000000788  -0.0018721756
       -0.0032650683   0.0000000023  -0.0129545135   0.0296418559   0.0000006456
       -0.0104947086   0.0043794292  -0.0000000457  -0.0002279451   0.0008549432
        0.0000000629  -0.0031246307  -0.0014563619   0.0000002654   0.0001386061
       -0.0004088469  -0.0000004358   0.0014779024  -0.0012139026   0.0000000662
        0.0005128220  -0.0001726060   0.0000000685   0.0000395444   0.0001881442
        0.0000456598   0.0000395551   0.0001880687  -0.0000457310
        0.0342311997  -0.0248955125  -0.0000006653  -0.0553282905  -0.0576908215
       -0.0000007266   0.1090350916  -0.2737119995  -0.0000045484  -0.0163043656
        0.6388512615   0.0000097322   0.0163014870  -0.1054186698  -0.0000009961
       -0.0007219540   0.0408351925   0.0000004184  -0.0846822930  -0.1666427433
       -0.0000018763  -0.0233215964  -0.0341263719  -0.0000006786  -0.0027550384
       -0.0013773360  -0.0000001496   0.0041948219  -0.0063109150  -0.0000002384
        0.0278392318  -0.0103140812  -0.0000003809   0.0006851143   0.0003750006
        0.0000000894  -0.0152584936  -0.0021347868   0.0000004192   0.0046410252
        0.0040333398  -0.0000004103   0.0011670244  -0.0016740766  -0.0000000925
        0.0003282090   0.0001449146   0.0000000769  -0.0000255526   0.0000288642
       -0.0001252758  -0.0000256206   0.0000287409   0.0001253028
        0.0000006880  -0.0000005060  -0.0060274827  -0.0000012389  -0.0000009584
       -0.0023022434   0.0000022950  -0.0000044473  -0.0532349952  -0.0000029269
        0.0000097322   0.1309485878   0.0000017259  -0.0000017467  -0.0511887807
        0.0000002600   0.0000015260  -0.0003645741  -0.0000009414  -0.0000016832
       -0.0358220845  -0.0000003410  -0.0000006344  -0.0024447235  -0.0000000030
       -0.0000001496   0.0087026225   0.0000001640  -0.0000003139   0.0027315801
        0.0000007507  -0.0000003507   0.0022968423  -0.0000000007  -0.0000000120
        0.0005125443  -0.0000001794  -0.0000002299   0.0088708723  -0.0000002751
       -0.0000000392  -0.0015039526   0.0000000510  -0.0000001548  -0.0013654413
       -0.0000000208   0.0000000415   0.0000090398  -0.0003804800   0.0002707148
        0.0000910399   0.0003804727  -0.0002707885   0.0000911489
        0.0454922506  -0.0455508754  -0.0000012022  -0.0536579235  -0.0158421502
        0.0000000509  -0.0101764895   0.0805050569   0.0000016828  -0.2973799702
        0.0163014870   0.0000017259   0.6499020814  -0.0033194717  -0.0000023710
       -0.1799403572  -0.0839575626  -0.0000023611  -0.0485009023  -0.0090257753
       -0.0000000074   0.0013376147   0.0021766407  -0.0000000561  -0.0004298572
       -0.0004557436   0.0000000057  -0.0001927021   0.0016175844  -0.0000000163
       -0.0656791517   0.0743768289   0.0000023457  -0.0001552272   0.0021622959
        0.0000001024  -0.0317624854  -0.0197712833   0.0000000255  -0.0055161165
        0.0023772744   0.0000001664  -0.0015075161  -0.0006737795  -0.0000001845
       -0.0000523188  -0.0005093067   0.0000001807  -0.0008907137  -0.0002056097
        0.0003666181  -0.0008902152  -0.0002056104  -0.0003667056
       -0.0002617303  -0.0577852841  -0.0000012285  -0.0194969907  -0.0023324355
        0.0000001129   0.0308777830   0.0007672381  -0.0000001613   0.0959013056
       -0.1054186698  -0.0000017467  -0.0033194717   0.6675514151   0.0000135300
       -0.1357648650  -0.2180099785  -0.0000027841  -0.0380691382  -0.0016677202
        0.0000001395  -0.0023274876   0.0019850980   0.0000000193  -0.0005562564
        0.0007593939   0.0000000425   0.0020197230  -0.0054278845  -0.0000002279
        0.0745752324  -0.2807395836  -0.0000076604   0.0019413188  -0.0053450701
       -0.0000002315  -0.0159690961   0.0028501574   0.0000009041   0.0078941270
        0.0052339181  -0.0000007231   0.0003820764  -0.0021735162  -0.0000002366
        0.0002554406  -0.0004334504   0.0000000918   0.0009591699   0.0000932474
        0.0004049762   0.0009588592   0.0000931249  -0.0004048160
       -0.0000001769  -0.0000009840   0.0020286321  -0.0000001542   0.0000000778
       -0.0034464131   0.0000007352  -0.0000003943   0.0002230073   0.0000032319
       -0.0000009961  -0.0511887807  -0.0000023710   0.0000135300   0.1095548258
       -0.0000033267  -0.0000032836  -0.0455887017  -0.0000006932  -0.0000002760
        0.0060012012  -0.0000000784   0.0000000216  -0.0011099520  -0.0000000110
        0.0000000163   0.0000382191   0.0000000867  -0.0000002592   0.0070683956
        0.0000024104  -0.0000073099  -0.0305593498   0.0000000396  -0.0000002128
        0.0066350623   0.0000006125   0.0000001302  -0.0022278852   0.0000000734
       -0.0000001098   0.0026448390  -0.0000001144   0.0000001328  -0.0004932493
       -0.0000000318  -0.0000000671   0.0001685660  -0.0000616991  -0.0001403619
        0.0001258422   0.0000614668   0.0001403459   0.0001257412
       -0.1041666210   0.0827832596   0.0000025781  -0.0156398075   0.0301420720
        0.0000006354   0.0028134020  -0.0126247188  -0.0000002364  -0.0502369710
       -0.0007219540   0.0000002600  -0.1799403572  -0.1357648650  -0.0000033267
        0.5917266339   0.0326077370  -0.0000015684  -0.0092358325  -0.0031460115
        0.0000000064   0.0005338639   0.0001970852   0.0000000561  -0.0058213814
        0.0021300210   0.0000000197   0.0008173473  -0.0002928456  -0.0000000126
        0.0061191512   0.0046816314   0.0000005165   0.0056439161  -0.0186252102
       -0.0000008245  -0.1576316693   0.0392220221  -0.0000020791  -0.0703396810
       -0.0359686796   0.0000039418  -0.0117449139   0.0132122505   0.0000003199
       -0.0006139342   0.0012590161  -0.0000000847  -0.0011414838   0.0004542955
       -0.0004077936  -0.0011416616   0.0004548943   0.0004075923
        0.0292020585  -0.2903594067  -0.0000042043   0.0842872461   0.0007948885
       -0.0000000012  -0.0141042216  -0.0541638786  -0.0000008282  -0.0608096922
        0.0408351925   0.0000015260  -0.0839575626  -0.2180099785  -0.0000032836
        0.0326077370   0.6602966913   0.0000057896   0.0056294835   0.0009241111
       -0.0000002367   0.0003719006  -0.0009647915   0.0000000073   0.0012320738
        0.0007922803  -0.0000002631  -0.0000633917  -0.0005944422  -0.0000000758
       -0.0164016962  -0.0244741751  -0.0000004054   0.0026793323  -0.0252685905
       -0.0000004890   0.0279925546  -0.0746821202  -0.0000008452  -0.0372292769
        0.0016225025   0.0000017165   0.0251030172  -0.0107925614   0.0000013247
        0.0019941384  -0.0053398429   0.0000002323   0.0007332504  -0.0003078964
        0.0000119143   0.0007330489  -0.0003079820  -0.0000118785
        0.0000017334  -0.0000046400  -0.0504966516   0.0000012298  -0.0000004937
        0.0029376483  -0.0000002064  -0.0000005659  -0.0045192857  -0.0000005777
        0.0000004184  -0.0003645741  -0.0000023611  -0.0000027841  -0.0455887017
       -0.0000015684   0.0000057896   0.1203341043  -0.0000000193  -0.0000001333
        0.0071975604   0.0000000264  -0.0000000045   0.0003287921   0.0000001603
       -0.0000001540   0.0077836923  -0.0000000088   0.0000000118  -0.0004136758
       -0.0000004954  -0.0000004720  -0.0010996833   0.0000000963  -0.0000003762
        0.0004276596  -0.0000008794   0.0000002114  -0.0661005016   0.0000042024
        0.0000011657   0.0159030602  -0.0000004375   0.0000013616   0.0109089769
       -0.0000001811   0.0000001557   0.0019813515   0.0011693800  -0.0019083602
        0.0003902507  -0.0011700936   0.0019088697   0.0003899774
       -0.0004111488  -0.0020516866   0.0000000326  -0.0003685424   0.0037883689
        0.0000001311   0.0068939974  -0.0050193952  -0.0000000973  -0.1901621840
       -0.0846822930  -0.0000009414  -0.0485009023  -0.0380691382  -0.0000006932
       -0.0092358325   0.0056294835  -0.0000000193   0.3530957266  -0.0169623520
       -0.0000004339  -0.1159672019   0.1422386751   0.0000020305   0.0001473316
        0.0000157857   0.0000000071   0.0007644524  -0.0004372671  -0.0000000457
        0.0025900803  -0.0011390958  -0.0000000011   0.0000559363  -0.0001059960
       -0.0000000885   0.0072407767  -0.0019942542  -0.0000005886  -0.0050060104
       -0.0022421623   0.0000006263  -0.0009388303   0.0012777947   0.0000001238
       -0.0002836676   0.0000878407  -0.0000000675   0.0000430051  -0.0001672074
        0.0000170949   0.0000430137  -0.0001671006  -0.0000170697
       -0.0024914545  -0.0000032011   0.0000000843   0.0060780010  -0.0030374933
       -0.0000001693  -0.0314041329  -0.0509325195  -0.0000008898  -0.1133768027
       -0.1666427433  -0.0000016832  -0.0090257753  -0.0016677202  -0.0000002760
       -0.0031460115   0.0009241111  -0.0000001333  -0.0169623520   0.5528131225
        0.0000074522   0.1669118210  -0.3315841707  -0.0000045298  -0.0010668512
       -0.0018722213  -0.0000000312  -0.0003064904   0.0019932358   0.0000001058
        0.0019280889   0.0018971661   0.0000001236   0.0002191651  -0.0000584704
       -0.0000000846   0.0077490666  -0.0007246944  -0.0000005093  -0.0040195100
       -0.0021941653   0.0000004862  -0.0006658901   0.0012976384   0.0000001056
       -0.0002497385   0.0000098417  -0.0000000451  -0.0000855658  -0.0001088961
       -0.0001084415  -0.0000855678  -0.0001088197   0.0001084354
       -0.0000000155   0.0000000210  -0.0002465648   0.0000001201  -0.0000001460
        0.0051528682  -0.0000005830  -0.0000009621   0.0042848903  -0.0000013579
       -0.0000018763  -0.0358220845  -0.0000000074   0.0000001395   0.0060012012
        0.0000000064  -0.0000002367   0.0071975604  -0.0000004339   0.0000074522
        0.0258119260   0.0000022979  -0.0000046128  -0.0057339244  -0.0000000194
       -0.0000000303  -0.0001223131  -0.0000000200   0.0000001218  -0.0029077711
       -0.0000000154   0.0000001020  -0.0020204826   0.0000000002   0.0000000207
       -0.0014035533   0.0000000726  -0.0000000450  -0.0000822412  -0.0000000365
        0.0000000123  -0.0001867269   0.0000000065   0.0000000369   0.0000755350
       -0.0000000173  -0.0000000027   0.0000111876   0.0000534458  -0.0000254059
       -0.0000047742  -0.0000534433   0.0000254114  -0.0000047327
        0.0003533189  -0.0001329019  -0.0000000084  -0.0001357615  -0.0011983954
       -0.0000000221  -0.0020210016  -0.0020370226  -0.0000000071   0.0122614711
       -0.0233215964  -0.0000003410   0.0013376147  -0.0023274876  -0.0000000784
        0.0005338639   0.0003719006   0.0000000264  -0.1159672019   0.1669118210
        0.0000022979   0.1047605027  -0.1387583886  -0.0000019106  -0.0000910847
       -0.0000455645   0.0000000007   0.0001861654  -0.0001935545  -0.0000000020
       -0.0008478538   0.0005265550   0.0000000663   0.0000991609   0.0000843578
        0.0000000069  -0.0010818585  -0.0001617790   0.0000000226   0.0005113840
        0.0002947667  -0.0000000338   0.0002892695  -0.0000477076   0.0000000170
        0.0000628342   0.0000038499   0.0000000004  -0.0001254172   0.0000155808
       -0.0001163619  -0.0001254062   0.0000155664   0.0001163270
       -0.0001694695   0.0006492544   0.0000000194   0.0007253786  -0.0016088123
       -0.0000000408  -0.0031644094  -0.0026359896  -0.0000000584  -0.0004330519
       -0.0341263719  -0.0000006344   0.0021766407   0.0019850980   0.0000000216
        0.0001970852  -0.0009647915  -0.0000000045   0.1422386751  -0.3315841707
       -0.0000046128  -0.1387583886   0.3677845541   0.0000052255  -0.0003959769
       -0.0002598378   0.0000000291  -0.0006984399   0.0005073930   0.0000000196
       -0.0015076275  -0.0002844475   0.0000000333  -0.0000696836   0.0001162619
        0.0000000381  -0.0008592822  -0.0000854593   0.0000000409   0.0005396575
        0.0004102675  -0.0000000224   0.0000854826  -0.0001540863  -0.0000000254
        0.0000898316   0.0000714729   0.0000000081   0.0000017822   0.0000898307
       -0.0000129654   0.0000017958   0.0000898345   0.0000129285
        0.0000000074   0.0000000050   0.0001422483   0.0000000051  -0.0000000552
        0.0013466926  -0.0000000429  -0.0000000362   0.0018371219  -0.0000000788
       -0.0000006786  -0.0024447235  -0.0000000561   0.0000000193  -0.0011099520
        0.0000000561   0.0000000073   0.0003287921   0.0000020305  -0.0000045298
       -0.0057339244  -0.0000019106   0.0000052255   0.0064719226  -0.0000000063
       -0.0000000035  -0.0002200151  -0.0000000081   0.0000000041   0.0000683643
        0.0000000292   0.0000000397  -0.0005273425   0.0000000005   0.0000000000
       -0.0001628455  -0.0000000454  -0.0000000561   0.0000439986   0.0000000320
        0.0000000673   0.0000859380   0.0000000050  -0.0000000015  -0.0000663648
       -0.0000000214  -0.0000000223  -0.0000043163  -0.0000550706  -0.0000405887
       -0.0000278036   0.0000550743   0.0000406037  -0.0000277907
       -0.0110998207   0.0280181920   0.0000005507  -0.0676843621   0.0761761196
        0.0000014776   0.0052092219  -0.0183897568  -0.0000003577  -0.0018721756
       -0.0027550384  -0.0000000030  -0.0004298572  -0.0005562564  -0.0000000110
       -0.0058213814   0.0012320738   0.0000001603   0.0001473316  -0.0010668512
       -0.0000000194  -0.0000910847  -0.0003959769  -0.0000000063   0.0804181201
       -0.0837472383  -0.0000017332   0.0007822420  -0.0008640456  -0.0000000240
       -0.0000016080   0.0000018385  -0.0000000052   0.0007256825   0.0007360783
       -0.0000000134   0.0004712641   0.0016876327   0.0000000054  -0.0001299055
       -0.0003326440   0.0000000207  -0.0005604966   0.0002457304  -0.0000000453
       -0.0000640434   0.0001211718   0.0000000009   0.0000004334  -0.0000555226
        0.0000238180   0.0000004398  -0.0000555069  -0.0000238151
        0.0046211223  -0.0082584482  -0.0000001930   0.0759857835  -0.2798040044
       -0.0000047650   0.0051763708  -0.0250458134  -0.0000004892  -0.0032650683
       -0.0013773360  -0.0000001496  -0.0004557436   0.0007593939   0.0000000163
        0.0021300210   0.0007922803  -0.0000001540   0.0000157857  -0.0018722213
       -0.0000000303  -0.0000455645  -0.0002598378  -0.0000000035  -0.0837472383
        0.3138802482   0.0000056032   0.0006365234   0.0007962641   0.0000000581
       -0.0000718035   0.0000498601   0.0000000354  -0.0007341014   0.0008536855
        0.0000000697  -0.0008239803  -0.0006464692  -0.0000000076   0.0003124782
        0.0002735243  -0.0000000057   0.0002799523  -0.0001424815   0.0000000017
        0.0000422336  -0.0000432595   0.0000000125  -0.0000283852   0.0000223095
       -0.0000141787  -0.0000283857   0.0000223055   0.0000141796
        0.0000001183  -0.0000002271   0.0007962620   0.0000014286  -0.0000047886
       -0.0348765145   0.0000001101  -0.0000003798   0.0006276157   0.0000000023
       -0.0000001496   0.0087026225   0.0000000057   0.0000000425   0.0000382191
        0.0000000197  -0.0000002631   0.0077836923   0.0000000071  -0.0000000312
       -0.0001223131   0.0000000007   0.0000000291  -0.0002200151  -0.0000017332
        0.0000056032   0.0243478397  -0.0000000019   0.0000000728  -0.0027226633
       -0.0000000009   0.0000000443  -0.0016911662  -0.0000000279   0.0000000494
       -0.0024946527   0.0000000417   0.0000000949  -0.0000885166   0.0000000072
       -0.0000000869   0.0000425048   0.0000000167  -0.0000000208  -0.0001029350
       -0.0000000003   0.0000000386  -0.0000212543  -0.0000003361   0.0000315582
        0.0000006331   0.0000003421  -0.0000315858   0.0000006415
       -0.0018728632  -0.0037213413  -0.0000000188  -0.0217574831   0.0026616027
        0.0000001760  -0.2965596639   0.0512462406   0.0000022764  -0.0129545135
        0.0041948219   0.0000001640  -0.0001927021   0.0020197230   0.0000000867
        0.0008173473  -0.0000633917  -0.0000000088   0.0007644524  -0.0003064904
       -0.0000000200   0.0001861654  -0.0006984399  -0.0000000081   0.0007822420
        0.0006365234  -0.0000000019   0.3322141500  -0.0562759906  -0.0000026340
       -0.0005290529   0.0000968906  -0.0000000087  -0.0010446952   0.0002507604
        0.0000000013   0.0003573322  -0.0000697081  -0.0000000086  -0.0001551782
        0.0000329136   0.0000000062  -0.0001105412   0.0000573765  -0.0000000009
       -0.0000089470  -0.0000108245   0.0000000006   0.0000319762  -0.0000253387
        0.0000265818   0.0000319750  -0.0000253277  -0.0000265832
       -0.0034067555  -0.0026461221  -0.0000001716  -0.0205536502   0.0040341632
        0.0000001775   0.0504258198  -0.0537101472  -0.0000006203   0.0296418559
       -0.0063109150  -0.0000003139   0.0016175844  -0.0054278845  -0.0000002592
       -0.0002928456  -0.0005944422   0.0000000118  -0.0004372671   0.0019932358
        0.0000001218  -0.0001935545   0.0005073930   0.0000000041  -0.0008640456
        0.0007962641   0.0000000728  -0.0562759906   0.0616981812   0.0000009674
        0.0014999510  -0.0005031798  -0.0000000086  -0.0010650322   0.0000954741
       -0.0000000010  -0.0001896061  -0.0000449033   0.0000000367   0.0000104586
        0.0000552922  -0.0000000080   0.0001327421   0.0000069842  -0.0000000109
        0.0000197004   0.0000223228   0.0000000143  -0.0000346824   0.0000141408
       -0.0000490015  -0.0000346823   0.0000141428   0.0000489885
        0.0000000523  -0.0000001562   0.0081049054  -0.0000003008  -0.0000000197
        0.0006603457   0.0000022993  -0.0000005623  -0.0337489963   0.0000006456
       -0.0000002384   0.0027315801  -0.0000000163  -0.0000002279   0.0070683956
       -0.0000000126  -0.0000000758  -0.0004136758  -0.0000000457   0.0000001058
       -0.0029077711  -0.0000000020   0.0000000196   0.0000683643  -0.0000000240
        0.0000000581  -0.0027226633  -0.0000026340   0.0000009674   0.0232314786
        0.0000000122   0.0000000144  -0.0006397361  -0.0000000222   0.0000000070
       -0.0000636262  -0.0000000659   0.0000000751  -0.0019822239   0.0000001062
       -0.0000000032   0.0002897111  -0.0000000001   0.0000000100   0.0003546273
       -0.0000000128   0.0000000121   0.0000041499   0.0000912745  -0.0000404684
       -0.0000174371  -0.0000912536   0.0000404825  -0.0000174285
       -0.0022908530  -0.0034694617  -0.0000000331  -0.0005039013  -0.0004130277
       -0.0000000070  -0.0055482351   0.0011907466   0.0000000760  -0.0104947086
        0.0278392318   0.0000007507  -0.0656791517   0.0745752324   0.0000024104
        0.0061191512  -0.0164016962  -0.0000004954   0.0025900803   0.0019280889
       -0.0000000154  -0.0008478538  -0.0015076275   0.0000000292  -0.0000016080
       -0.0000718035  -0.0000000009  -0.0005290529   0.0014999510   0.0000000122
        0.0805782082  -0.0840830389  -0.0000021744   0.0002193980  -0.0011534061
       -0.0000000101   0.0015682185  -0.0012070050  -0.0000000292   0.0000904452
        0.0004125857   0.0000000066  -0.0017708799   0.0004519637   0.0000000430
        0.0000013820  -0.0000334744  -0.0000000156  -0.0017505299   0.0002214055
       -0.0013396955  -0.0017501092   0.0002213354   0.0013391485
       -0.0040356865  -0.0022795355  -0.0000002024   0.0001993362   0.0007531915
        0.0000000046   0.0015968848   0.0002051955  -0.0000001963   0.0043794292
       -0.0103140812  -0.0000003507   0.0743768289  -0.2807395836  -0.0000073099
        0.0046816314  -0.0244741751  -0.0000004720  -0.0011390958   0.0018971661
        0.0000001020   0.0005265550  -0.0002844475   0.0000000397   0.0000018385
        0.0000498601   0.0000000443   0.0000968906  -0.0005031798   0.0000000144
       -0.0840830389   0.3155557418   0.0000082307   0.0005187195  -0.0012810677
       -0.0000000458   0.0012925684  -0.0003944327   0.0000001078   0.0001338004
        0.0000926816   0.0000000180   0.0010493235   0.0004284678   0.0000000424
        0.0002322720   0.0001789799  -0.0000000117   0.0000859148   0.0005547239
       -0.0002505890   0.0000858280   0.0005544949   0.0002505739
       -0.0000000996  -0.0000001768   0.0071057112  -0.0000000347  -0.0000000097
       -0.0001622974   0.0000000932  -0.0000001002   0.0073023985  -0.0000000457
       -0.0000003809   0.0022968423   0.0000023457  -0.0000076604  -0.0305593498
        0.0000005165  -0.0000004054  -0.0010996833  -0.0000000011   0.0000001236
       -0.0020204826   0.0000000663   0.0000000333  -0.0005273425  -0.0000000052
        0.0000000354  -0.0016911662  -0.0000000087  -0.0000000086  -0.0006397361
       -0.0000021744   0.0000082307   0.0215024031   0.0000000523  -0.0000000529
        0.0005695571  -0.0000001705   0.0000001463  -0.0028682775   0.0000001454
        0.0000001423   0.0001301237  -0.0000002804  -0.0000000254   0.0011859698
        0.0000000256  -0.0000000205  -0.0002148675  -0.0006442218  -0.0000834004
       -0.0001548294   0.0006437972   0.0000835294  -0.0001549733
       -0.1643728218  -0.1294341928  -0.0000022619  -0.0218491918  -0.0209627069
       -0.0000003165  -0.0053747523   0.0013761366   0.0000000820  -0.0002279451
        0.0006851143  -0.0000000007  -0.0001552272   0.0019413188   0.0000000396
        0.0056439161   0.0026793323   0.0000000963   0.0000559363   0.0002191651
        0.0000000002   0.0000991609  -0.0000696836   0.0000000005   0.0007256825
       -0.0007341014  -0.0000000279  -0.0010446952  -0.0010650322  -0.0000000222
        0.0002193980   0.0005187195   0.0000000523   0.1867592775   0.1435380062
        0.0000023870   0.0003255429   0.0012028557  -0.0000000197  -0.0007318628
        0.0007714375  -0.0000000650  -0.0000873943  -0.0005381917   0.0000000006
       -0.0000160475   0.0000364079   0.0000000161   0.0000155127  -0.0000823030
        0.0000337461   0.0000155111  -0.0000822822  -0.0000337069
       -0.1298749802  -0.1814243962  -0.0000023002   0.0028889097   0.0037472496
        0.0000000248   0.0011811171   0.0006263002  -0.0000001241   0.0008549432
        0.0003750006  -0.0000000120   0.0021622959  -0.0053450701  -0.0000002128
       -0.0186252102  -0.0252685905  -0.0000003762  -0.0001059960  -0.0000584704
        0.0000000207   0.0000843578   0.0001162619   0.0000000000   0.0007360783
        0.0008536855   0.0000000494   0.0002507604   0.0000954741   0.0000000070
       -0.0011534061  -0.0012810677  -0.0000000529   0.1435380062   0.2067967386
        0.0000029198  -0.0024278177  -0.0013420235   0.0000001842   0.0007152611
        0.0014415048  -0.0000000798  -0.0000707477   0.0004103953  -0.0000000143
        0.0000473439   0.0001030056  -0.0000000001  -0.0001004583   0.0000770108
       -0.0000734875  -0.0001004575   0.0000769912   0.0000734540
       -0.0000022322  -0.0000024289  -0.0336759804   0.0000003093   0.0000001371
        0.0008998015   0.0000000430  -0.0000002095   0.0073226692   0.0000000629
        0.0000000894   0.0005125443   0.0000001024  -0.0000002315   0.0066350623
       -0.0000008245  -0.0000004890   0.0004276596  -0.0000000885  -0.0000000846
       -0.0014035533   0.0000000069   0.0000000381  -0.0001628455  -0.0000000134
        0.0000000697  -0.0024946527   0.0000000013  -0.0000000010  -0.0000636262
       -0.0000000101  -0.0000000458   0.0005695571   0.0000023870   0.0000029198
        0.0238738961   0.0000001444   0.0000002603  -0.0028892608   0.0000001309
       -0.0000001190   0.0002769801   0.0000000158   0.0000000651   0.0001029973
        0.0000000055   0.0000000301   0.0000516695   0.0000199784  -0.0000352163
        0.0000085422  -0.0000200191   0.0000352160   0.0000085394
       -0.0231743191   0.0305268284  -0.0000001466   0.0038199283   0.0040854522
        0.0000002206  -0.0026962066   0.0029179034   0.0000000104  -0.0031246307
       -0.0152584936  -0.0000001794  -0.0317624854  -0.0159690961   0.0000006125
       -0.1576316693   0.0279925546  -0.0000008794   0.0072407767   0.0077490666
        0.0000000726  -0.0010818585  -0.0008592822  -0.0000000454   0.0004712641
       -0.0008239803   0.0000000417   0.0003573322  -0.0001896061  -0.0000000659
        0.0015682185   0.0012925684  -0.0000001705   0.0003255429  -0.0024278177
        0.0000001444   0.6008795508   0.1683493160  -0.0000184615  -0.2997490048
       -0.2600495880   0.0000225319  -0.0886374758   0.0389536245  -0.0000033257
       -0.0154050959   0.0327317677  -0.0000020483   0.0043007129  -0.0095136042
        0.0018515655   0.0042994198  -0.0095076136  -0.0018498768
        0.0266887446  -0.0064402076  -0.0000003825   0.0035238038  -0.0055156230
       -0.0000004018  -0.0011904322  -0.0015695008  -0.0000000456  -0.0014563619
       -0.0021347868  -0.0000002299  -0.0197712833   0.0028501574   0.0000001302
        0.0392220221  -0.0746821202   0.0000002114  -0.0019942542  -0.0007246944
       -0.0000000450  -0.0001617790  -0.0000854593  -0.0000000561   0.0016876327
       -0.0006464692   0.0000000949  -0.0000697081  -0.0000449033   0.0000000751
       -0.0012070050  -0.0003944327   0.0000001463   0.0012028557  -0.0013420235
        0.0000002603   0.1683493160   0.6776422006  -0.0000330916  -0.2696909482
       -0.3914546350   0.0000273274   0.0515206060  -0.1578880841   0.0000089515
        0.0058826733  -0.0033783177  -0.0000010029  -0.0012694218  -0.0170945678
        0.0029823610  -0.0012664606  -0.0170965329  -0.0029843028
        0.0000008578  -0.0000006639   0.0000421135   0.0000001300  -0.0000002132
        0.0079308921  -0.0000000177  -0.0000002937  -0.0001339184   0.0000002654
        0.0000004192   0.0088708723   0.0000000255   0.0000009041  -0.0022278852
       -0.0000020791  -0.0000008452  -0.0661005016  -0.0000005886  -0.0000005093
       -0.0000822412   0.0000000226   0.0000000409   0.0000439986   0.0000000054
       -0.0000000076  -0.0000885166  -0.0000000086   0.0000000367  -0.0019822239
       -0.0000000292   0.0000001078  -0.0028682775  -0.0000000197   0.0000001842
       -0.0028892608  -0.0000184615  -0.0000330916   0.1866495375   0.0000230616
        0.0000275126  -0.0563275308  -0.0000025896   0.0000051095  -0.0688934311
       -0.0000017248   0.0000038881   0.0011571608  -0.0069154195   0.0239104435
       -0.0015513538   0.0069165701  -0.0239130221  -0.0015494339
       -0.0001393276  -0.0081381285   0.0000004143   0.0003438853  -0.0020869941
       -0.0000003672   0.0009939725  -0.0021984961  -0.0000000539   0.0001386061
        0.0046410252  -0.0000002751  -0.0055161165   0.0078941270   0.0000000734
       -0.0703396810  -0.0372292769   0.0000042024  -0.0050060104  -0.0040195100
       -0.0000000365   0.0005113840   0.0005396575   0.0000000320  -0.0001299055
        0.0003124782   0.0000000072  -0.0001551782   0.0000104586   0.0000001062
        0.0000904452   0.0001338004   0.0000001454  -0.0007318628   0.0007152611
        0.0000001309  -0.2997490048  -0.2696909482   0.0000230616   0.3677556857
        0.3196588359  -0.0000283954   0.0087249194  -0.0113107855  -0.0000000335
        0.0016315516  -0.0007449152   0.0000005774   0.0007886974   0.0007566731
       -0.0008197621   0.0007879398   0.0007567375   0.0008201729
        0.0061748277  -0.0064837224  -0.0000001209  -0.0015913550  -0.0004013518
       -0.0000000217   0.0015020726  -0.0008325305  -0.0000000132  -0.0004088469
        0.0040333398  -0.0000000392   0.0023772744   0.0052339181  -0.0000001098
       -0.0359686796   0.0016225025   0.0000011657  -0.0022421623  -0.0021941653
        0.0000000123   0.0002947667   0.0004102675   0.0000000673  -0.0003326440
        0.0002735243  -0.0000000869   0.0000329136   0.0000552922  -0.0000000032
        0.0004125857   0.0000926816   0.0000001423   0.0007714375   0.0014415048
       -0.0000001190  -0.2600495880  -0.3914546350   0.0000275126   0.3196588359
        0.4626884809  -0.0000353094  -0.0326200130  -0.0644890289   0.0000057004
       -0.0018968911   0.0036249999  -0.0000000685   0.0019433921  -0.0068122678
       -0.0001942275   0.0019420737  -0.0068088100   0.0001955188
       -0.0000001105   0.0000004891   0.0005020704  -0.0000001119   0.0000000017
       -0.0010379421   0.0000000223   0.0000001912   0.0000077010  -0.0000004358
       -0.0000004103  -0.0015039526   0.0000001664  -0.0000007231   0.0026448390
        0.0000039418   0.0000017165   0.0159030602   0.0000006263   0.0000004862
       -0.0001867269  -0.0000000338  -0.0000000224   0.0000859380   0.0000000207
       -0.0000000057   0.0000425048   0.0000000062  -0.0000000080   0.0002897111
        0.0000000066   0.0000000180   0.0001301237  -0.0000000650  -0.0000000798
        0.0002769801   0.0000225319   0.0000273274  -0.0563275308  -0.0000283954
       -0.0000353094   0.0203575373   0.0000012067   0.0000054526   0.0205119511
        0.0000003107  -0.0000008536  -0.0013662611   0.0002402557  -0.0030603329
       -0.0001646627  -0.0002399430   0.0030620625  -0.0001653404
       -0.0055610997   0.0004657133  -0.0000000672  -0.0003050284   0.0016274567
        0.0000000763  -0.0000496948  -0.0000389901   0.0000000329   0.0014779024
        0.0011670244   0.0000000510  -0.0015075161   0.0003820764  -0.0000001144
       -0.0117449139   0.0251030172  -0.0000004375  -0.0009388303  -0.0006658901
        0.0000000065   0.0002892695   0.0000854826   0.0000000050  -0.0005604966
        0.0002799523   0.0000000167  -0.0001105412   0.0001327421  -0.0000000001
       -0.0017708799   0.0010493235  -0.0000002804  -0.0000873943  -0.0000707477
        0.0000000158  -0.0886374758   0.0515206060  -0.0000025896   0.0087249194
       -0.0326200130   0.0000012067   0.5292201709   0.0300678785  -0.0000039445
       -0.2887865053  -0.0000566519  -0.0000289877  -0.0698452425  -0.0392269182
        0.0692638630  -0.0698066433  -0.0392020618  -0.0692288524
        0.0004549770   0.0029105376   0.0000001531   0.0010801152   0.0001076382
       -0.0000000979  -0.0004029543  -0.0000176424  -0.0000000127  -0.0012139026
       -0.0016740766  -0.0000001548  -0.0006737795  -0.0021735162   0.0000001328
        0.0132122505  -0.0107925614   0.0000013616   0.0012777947   0.0012976384
        0.0000000369  -0.0000477076  -0.0001540863  -0.0000000015   0.0002457304
       -0.0001424815  -0.0000000208   0.0000573765   0.0000069842   0.0000000100
        0.0004519637   0.0004284678  -0.0000000254  -0.0005381917   0.0004103953
        0.0000000651   0.0389536245  -0.1578880841   0.0000051095  -0.0113107855
       -0.0644890289   0.0000054526   0.0300678785   0.4544434397  -0.0000081109
        0.0013893883  -0.0440095200   0.0000017259  -0.0365143945  -0.0891331499
        0.0944488594  -0.0364893836  -0.0891309537  -0.0944544829
       -0.0000003931   0.0000003115   0.0018015195   0.0000001437   0.0000002424
       -0.0010765602  -0.0000000923   0.0000000335   0.0000698123   0.0000000662
       -0.0000000925  -0.0013654413  -0.0000001845  -0.0000002366  -0.0004932493
        0.0000003199   0.0000013247   0.0109089769   0.0000001238   0.0000001056
        0.0000755350   0.0000000170  -0.0000000254  -0.0000663648  -0.0000000453
        0.0000000017  -0.0001029350  -0.0000000009  -0.0000000109   0.0003546273
        0.0000000430   0.0000000424   0.0011859698   0.0000000006  -0.0000000143
        0.0001029973  -0.0000033257   0.0000089515  -0.0688934311  -0.0000000335
        0.0000057004   0.0205119511  -0.0000039445  -0.0000081109   0.4878559366
       -0.0000289612   0.0000011574  -0.0452582965   0.0686524638   0.0999098614
       -0.2027889106  -0.0686161970  -0.0999192420  -0.2028221370
       -0.0007227672  -0.0000112321   0.0000000219   0.0001145471   0.0002031143
        0.0000000099  -0.0000028485  -0.0000983585  -0.0000000077   0.0005128220
        0.0003282090  -0.0000000208  -0.0000523188   0.0002554406  -0.0000000318
       -0.0006139342   0.0019941384  -0.0000001811  -0.0002836676  -0.0002497385
       -0.0000000173   0.0000628342   0.0000898316  -0.0000000214  -0.0000640434
        0.0000422336  -0.0000000003  -0.0000089470   0.0000197004  -0.0000000128
        0.0000013820   0.0002322720   0.0000000256  -0.0000160475   0.0000473439
        0.0000000055  -0.0154050959   0.0058826733  -0.0000017248   0.0016315516
       -0.0018968911   0.0000003107  -0.2887865053   0.0013893883  -0.0000289612
        0.3327399719  -0.0046511298   0.0000341979  -0.0145569398  -0.0017885765
        0.0025062084  -0.0145499933  -0.0017884190  -0.0025098008
        0.0015826139  -0.0002211190  -0.0000000551   0.0001145535  -0.0003749622
        0.0000000178  -0.0001045414  -0.0000106834   0.0000000188  -0.0001726060
        0.0001449146   0.0000000415  -0.0005093067  -0.0004334504  -0.0000000671
        0.0012590161  -0.0053398429   0.0000001557   0.0000878407   0.0000098417
       -0.0000000027   0.0000038499   0.0000714729  -0.0000000223   0.0001211718
       -0.0000432595   0.0000000386  -0.0000108245   0.0000223228   0.0000000121
       -0.0000334744   0.0001789799  -0.0000000205   0.0000364079   0.0001030056
        0.0000000301   0.0327317677  -0.0033783177   0.0000038881  -0.0007449152
        0.0036249999  -0.0000008536  -0.0000566519  -0.0440095200   0.0000011574
       -0.0046511298   0.0488199780  -0.0000003571  -0.0148268848   0.0004176626
        0.0010385133  -0.0148268866   0.0004179771  -0.0010424949
       -0.0000000836  -0.0000000816   0.0000715913  -0.0000000082   0.0000000287
       -0.0001757933   0.0000000198  -0.0000000292   0.0000211090   0.0000000685
        0.0000000769   0.0000090398   0.0000001807   0.0000000918   0.0001685660
       -0.0000000847   0.0000002323   0.0019813515  -0.0000000675  -0.0000000451
        0.0000111876   0.0000000004   0.0000000081  -0.0000043163   0.0000000009
        0.0000000125  -0.0000212543   0.0000000006   0.0000000143   0.0000041499
       -0.0000000156  -0.0000000117  -0.0002148675   0.0000000161  -0.0000000001
        0.0000516695  -0.0000020483  -0.0000010029   0.0011571608   0.0000005774
       -0.0000000685  -0.0013662611  -0.0000289877   0.0000017259  -0.0452582965
        0.0000341979  -0.0000003571   0.0462425209   0.0264421800   0.0012024007
       -0.0013351001  -0.0264459465  -0.0012029948  -0.0013424571
        0.0002795552  -0.0005939910   0.0000653057  -0.0004319823  -0.0001409431
       -0.0001488469   0.0000947736   0.0002599534  -0.0000235190   0.0000395444
       -0.0000255526  -0.0003804800  -0.0008907137   0.0009591699  -0.0000616991
       -0.0011414838   0.0007332504   0.0011693800   0.0000430051  -0.0000855658
        0.0000534458  -0.0001254172   0.0000017822  -0.0000550706   0.0000004334
       -0.0000283852  -0.0000003361   0.0000319762  -0.0000346824   0.0000912745
       -0.0017505299   0.0000859148  -0.0006442218   0.0000155127  -0.0001004583
        0.0000199784   0.0043007129  -0.0012694218  -0.0069154195   0.0007886974
        0.0019433921   0.0002402557  -0.0698452425  -0.0365143945   0.0686524638
       -0.0145569398  -0.0148268848   0.0264421800   0.0789315253   0.0457543129
       -0.0801216667   0.0042165730   0.0038825037  -0.0083830243
       -0.0001931882   0.0000283766  -0.0001373104   0.0000332180   0.0000913874
        0.0002230299  -0.0000507478   0.0000468182  -0.0000111207   0.0001881442
        0.0000288642   0.0002707148  -0.0002056097   0.0000932474  -0.0001403619
        0.0004542955  -0.0003078964  -0.0019083602  -0.0001672074  -0.0001088961
       -0.0000254059   0.0000155808   0.0000898307  -0.0000405887  -0.0000555226
        0.0000223095   0.0000315582  -0.0000253387   0.0000141408  -0.0000404684
        0.0002214055   0.0005547239  -0.0000834004  -0.0000823030   0.0000770108
       -0.0000352163  -0.0095136042  -0.0170945678   0.0239104435   0.0007566731
       -0.0068122678  -0.0030603329  -0.0392269182  -0.0891331499   0.0999098614
       -0.0017885765   0.0004176626   0.0012024007   0.0457543129   0.1042571140
       -0.1088755268   0.0038853866   0.0077352919  -0.0111899160
        0.0000247953  -0.0001183204   0.0000356655   0.0001084373  -0.0000778805
        0.0000048297   0.0001457445  -0.0001778065   0.0000193743   0.0000456598
       -0.0001252758   0.0000910399   0.0003666181   0.0004049762   0.0001258422
       -0.0004077936   0.0000119143   0.0003902507   0.0000170949  -0.0001084415
       -0.0000047742  -0.0001163619  -0.0000129654  -0.0000278036   0.0000238180
       -0.0000141787   0.0000006331   0.0000265818  -0.0000490015  -0.0000174371
       -0.0013396955  -0.0002505890  -0.0001548294   0.0000337461  -0.0000734875
        0.0000085422   0.0018515655   0.0029823610  -0.0015513538  -0.0008197621
       -0.0001942275  -0.0001646627   0.0692638630   0.0944488594  -0.2027889106
        0.0025062084   0.0010385133  -0.0013351001  -0.0801216667  -0.1088755268
        0.2322836241   0.0083911470   0.0111910769  -0.0269149302
        0.0002795198  -0.0005939201  -0.0000653423  -0.0004319323  -0.0001409726
        0.0001489056   0.0000947987   0.0002598735   0.0000235372   0.0000395551
       -0.0000256206   0.0003804727  -0.0008902152   0.0009588592   0.0000614668
       -0.0011416616   0.0007330489  -0.0011700936   0.0000430137  -0.0000855678
       -0.0000534433  -0.0001254062   0.0000017958   0.0000550743   0.0000004398
       -0.0000283857   0.0000003421   0.0000319750  -0.0000346823  -0.0000912536
       -0.0017501092   0.0000858280   0.0006437972   0.0000155111  -0.0001004575
       -0.0000200191   0.0042994198  -0.0012664606   0.0069165701   0.0007879398
        0.0019420737  -0.0002399430  -0.0698066433  -0.0364893836  -0.0686161970
       -0.0145499933  -0.0148268866  -0.0264459465   0.0042165730   0.0038853866
        0.0083911470   0.0788872153   0.0457254717   0.0800809254
       -0.0001931486   0.0000284388   0.0001373853   0.0000332660   0.0000914240
       -0.0002231081  -0.0000507728   0.0000468258   0.0000111100   0.0001880687
        0.0000287409  -0.0002707885  -0.0002056104   0.0000931249   0.0001403459
        0.0004548943  -0.0003079820   0.0019088697  -0.0001671006  -0.0001088197
        0.0000254114   0.0000155664   0.0000898345   0.0000406037  -0.0000555069
        0.0000223055  -0.0000315858  -0.0000253277   0.0000141428   0.0000404825
        0.0002213354   0.0005544949   0.0000835294  -0.0000822822   0.0000769912
        0.0000352160  -0.0095076136  -0.0170965329  -0.0239130221   0.0007567375
       -0.0068088100   0.0030620625  -0.0392020618  -0.0891309537  -0.0999192420
       -0.0017884190   0.0004179771  -0.0012029948   0.0038825037   0.0077352919
        0.0111910769   0.0457254717   0.1042535060   0.1088846478
       -0.0000248186   0.0001182385   0.0000356657  -0.0001084780   0.0000778309
        0.0000048671  -0.0001457037   0.0001777924   0.0000194199  -0.0000457310
        0.0001253028   0.0000911489  -0.0003667056  -0.0004048160   0.0001257412
        0.0004075923  -0.0000118785   0.0003899774  -0.0000170697   0.0001084354
       -0.0000047327   0.0001163270   0.0000129285  -0.0000277907  -0.0000238151
        0.0000141796   0.0000006415  -0.0000265832   0.0000489885  -0.0000174285
        0.0013391485   0.0002505739  -0.0001549733  -0.0000337069   0.0000734540
        0.0000085394  -0.0018498768  -0.0029843028  -0.0015494339   0.0008201729
        0.0001955188  -0.0001653404  -0.0692288524  -0.0944544829  -0.2028221370
       -0.0025098008  -0.0010424949  -0.0013424571  -0.0083830243  -0.0111899160
       -0.0269149302   0.0800809254   0.1088846478   0.2323232228
