           1           2   1.44157924636858     
           2           3   1.45337526974872     
           3           4   1.34644269843938     
           4           5   1.38866695862848     
           1           6   1.37596602532011     
           5           6   1.37869486705353     
           4           7   1.08952348604122     
           7           8  0.834550002168298     
           2           9  0.968213151173490     
           3          10  0.966837317110190     
           5          11  0.959286769950176     
           1          12  0.966696653747509     
           6          13   1.04075700122316     
          13          14   1.76044829789762     
          13          15   1.01703411992038     
          15          16  0.982440954354616     
          15          17  0.953437195205862     
          15          18  0.953424722574193     
