$hessian                                                                        
        0.6595172373  -0.0198379027  -0.0715193469  -0.3057005588   0.1280296426
       -0.0090643387  -0.0634494423  -0.0355766667   0.0239938097  -0.0217510942
        0.0275575621  -0.0083471924   0.0399116678  -0.0144093303  -0.0002526217
       -0.0972858865  -0.0032206865   0.0090929623  -0.1971777476  -0.1075583627
        0.0635403259  -0.0052665165   0.0037578564  -0.0007239002   0.0003100424
        0.0005586745  -0.0006947554  -0.0029388011  -0.0031688495   0.0027543032
       -0.0065474555   0.0266102765  -0.0090455123   0.0029039449  -0.0032179505
       -0.0004628990   0.0000100660   0.0005012051  -0.0002677408  -0.0026551817
       -0.0004902685   0.0010097967   0.0002374194   0.0002221240   0.0000427261
        0.0004197427   0.0000042282  -0.0001348430  -0.0000489393  -0.0000054993
       -0.0002888816  -0.0001322038   0.0001629383   0.0002067309  -0.0003736077
       -0.0000114579   0.0000213228  -0.0000752002  -0.0001042010   0.0000125477
       -0.0000199007   0.0001742983   0.0000710142   0.0000138505   0.0000713325
        0.0000239210   0.0000316005  -0.0000543224  -0.0000253092   0.0000669644
        0.0000053595   0.0000578807
       -0.0198379027   0.5948077044  -0.1744242680   0.0578393880  -0.1256272959
        0.0221650255   0.0149612530   0.0492732265  -0.0228397026   0.0322289927
       -0.0353402231   0.0070705340  -0.0700418639  -0.0403304638   0.0264926325
        0.0704959944  -0.2946646954   0.0809710172  -0.1074038343  -0.1191542992
        0.0464309714   0.0267272289  -0.0144817852   0.0017249626   0.0005510241
        0.0000523044   0.0000702167  -0.0024782882   0.0001970974   0.0036508642
        0.0036676071  -0.0129329572   0.0040631781  -0.0055964217  -0.0012869424
        0.0039508897  -0.0002279607  -0.0007034146   0.0001505037  -0.0006917147
        0.0004737500   0.0006028124   0.0003397540   0.0002751342  -0.0000111786
       -0.0004545550  -0.0002871020  -0.0000261562  -0.0002558129  -0.0000484062
        0.0002443331   0.0000146241  -0.0001355402  -0.0001091472   0.0000113825
        0.0000390967  -0.0000826441   0.0000548920   0.0000059646  -0.0000009273
        0.0001503730  -0.0001484577  -0.0000808416  -0.0000002316  -0.0000177208
        0.0000183526  -0.0000356593   0.0000173746   0.0000114012  -0.0000182688
        0.0000176510  -0.0000428293
       -0.0715193469  -0.1744242680   0.1908009246   0.0171932731   0.0122918230
       -0.0505386245   0.0031940253  -0.0145988955   0.0034088761  -0.0099126698
        0.0081169088  -0.0057112870   0.0216248572   0.0181509119  -0.0089981304
       -0.0192842578   0.0911342604  -0.0775522409   0.0634026685   0.0467239242
       -0.0605996261  -0.0091875572   0.0047217471  -0.0006238374  -0.0003195854
       -0.0001612218  -0.0001206584   0.0025994584   0.0036144872   0.0057180316
       -0.0004270732   0.0007861743  -0.0003941787   0.0013616922   0.0028690489
        0.0030996724   0.0000326839   0.0006721832   0.0002667134   0.0013478369
       -0.0000159162   0.0014075858  -0.0000387444  -0.0002590521  -0.0000441259
       -0.0000970396   0.0001244026  -0.0000398481   0.0001383437   0.0001405932
       -0.0001697405  -0.0000053278   0.0000167071   0.0000813984   0.0000212262
        0.0000827590  -0.0001759721  -0.0000275541   0.0000027102   0.0000485364
       -0.0000946710   0.0000327864   0.0000435937   0.0000036422   0.0000024901
       -0.0000064022  -0.0000017919  -0.0000005145   0.0000282156  -0.0000040884
       -0.0000240497   0.0000711243
       -0.3057005588   0.0578393880   0.0171932731   0.6588086526  -0.0463381804
       -0.0593873348  -0.2037268713  -0.0598207014   0.0397639069   0.0353905178
       -0.0575158668   0.0175289608  -0.0592515668  -0.0076650228   0.0113479233
        0.0082206469   0.0825769144  -0.0323822765  -0.0258544812   0.0072985354
        0.0005943547  -0.0480243562   0.0309868893  -0.0097837153   0.0009686983
        0.0018532486   0.0004335437  -0.0005791142   0.0000562064   0.0002923796
        0.0009358765   0.0010164193   0.0003151387  -0.0593650985  -0.0105060185
        0.0120469237   0.0003582977  -0.0033621085   0.0007994990   0.0009701105
        0.0050919235   0.0014126255  -0.0002349562   0.0001219185   0.0001518891
       -0.0031856232  -0.0010728989  -0.0000542606   0.0000976915   0.0001390046
        0.0004189290   0.0000966719  -0.0004496321  -0.0002477245   0.0004196991
        0.0004544554  -0.0000968571   0.0001805908  -0.0000494649  -0.0001083304
        0.0001476155  -0.0003726249  -0.0001915585  -0.0001176180  -0.0002445424
       -0.0000736331  -0.0003530364   0.0000442250   0.0000908122  -0.0002017883
       -0.0000820667  -0.0000644683
        0.1280296426  -0.1256272959   0.0122918230  -0.0463381804   0.5917720008
       -0.1719015398  -0.1224810067  -0.1548287593   0.0537151349  -0.0151305018
       -0.0330651180   0.0159685201  -0.0030743782   0.0013959795  -0.0018999578
        0.0287710957  -0.0238248729   0.0054320193  -0.0151479955   0.0053240680
        0.0004537582   0.0304971940  -0.2641100560   0.0812054461   0.0011644101
       -0.0040386242   0.0039963160  -0.0001510121   0.0009614966  -0.0005495619
        0.0013968784  -0.0041477350   0.0041165384   0.0083243841   0.0101105228
       -0.0016868773   0.0019821456   0.0012861721  -0.0006628879   0.0006999850
       -0.0014035119  -0.0005426937   0.0003507864   0.0006709431  -0.0000021849
        0.0010728481  -0.0000608489   0.0001537368  -0.0002755595  -0.0000061589
        0.0000968926   0.0000126785  -0.0002157510   0.0000600343  -0.0000043203
       -0.0002869680  -0.0001246230   0.0000297527   0.0000336611  -0.0000542316
        0.0001252925  -0.0000096316  -0.0000373443   0.0000323434   0.0000300452
        0.0000186094   0.0000865501   0.0000246092  -0.0000363641   0.0000269671
        0.0000158333  -0.0000105629
       -0.0090643387   0.0221650255  -0.0505386245  -0.0593873348  -0.1719015398
        0.1803292566   0.0670788541   0.0434986751  -0.0744504488  -0.0002243585
        0.0229704989  -0.0087631677   0.0094323618  -0.0013035014  -0.0054936287
       -0.0122239649  -0.0019246599   0.0041142474   0.0095809754  -0.0028823325
        0.0002786900  -0.0089364826   0.0813838431  -0.0604589582   0.0007125071
        0.0042773414   0.0053626032   0.0001411433  -0.0003792240   0.0000675917
        0.0004478232   0.0040820637   0.0056897691   0.0045920248  -0.0003883681
        0.0029583959  -0.0012037002  -0.0000942025  -0.0004824369  -0.0008698689
        0.0002208964   0.0012722823  -0.0000924655   0.0000413568   0.0001530927
       -0.0000549908  -0.0001538197   0.0000230666   0.0001465853   0.0000748735
       -0.0000983210   0.0001934015   0.0001391999   0.0000196965  -0.0001347464
        0.0000264520  -0.0000399379  -0.0000556708   0.0000293126   0.0000229567
       -0.0000778599   0.0001050539   0.0000505269   0.0000072382   0.0000178028
       -0.0000158628  -0.0000199876  -0.0000025582  -0.0000187866   0.0000128549
       -0.0000021899   0.0000179976
       -0.0634494423   0.0149612530   0.0031940253  -0.2037268713  -0.1224810067
        0.0670788541   0.6316828101  -0.0279732174  -0.0569671200  -0.0883502168
        0.0494771563  -0.0164306538   0.0065331097   0.0304258162  -0.0138844881
       -0.0029720737  -0.0232297324   0.0080885577  -0.0031999097   0.0029161349
        0.0006154725   0.0024293498   0.0025508646   0.0007943125   0.0015218917
       -0.0229458177   0.0089436902  -0.0041617587   0.0025087346   0.0013367180
        0.0015841665  -0.0009229766   0.0001282815  -0.2355553517   0.0839983687
        0.0005826197  -0.0014634708   0.0089880498  -0.0072046447  -0.0426480347
       -0.0008114714   0.0036074208   0.0026574274   0.0029499907   0.0000591674
        0.0009703720  -0.0006995935  -0.0008706720  -0.0009052022  -0.0009578453
       -0.0007116118   0.0001286205   0.0000047952   0.0000737755  -0.0026548088
        0.0006912963   0.0013488003  -0.0003277390  -0.0005365632  -0.0000502722
        0.0004664170   0.0005944743   0.0002277305   0.0004312846   0.0007328838
        0.0002762495   0.0003316297  -0.0004751345  -0.0002369204   0.0006778008
        0.0002335403   0.0000007075
       -0.0355766667   0.0492732265  -0.0145988955  -0.0598207014  -0.1548287593
        0.0434986751  -0.0279732174   0.6025004379  -0.1628902224  -0.0105275782
       -0.2642874318   0.0917364453   0.0816334412  -0.0200870858  -0.0047144110
       -0.0230123428  -0.0461486745   0.0189355650   0.0032596312   0.0010430501
        0.0028576753  -0.0202566568  -0.0201604565   0.0102219044  -0.0007514904
       -0.0171389534   0.0065468125   0.0021274083   0.0017736065   0.0019563011
       -0.0009684692  -0.0001839917   0.0003520144   0.0724671515  -0.1232194778
        0.0029621381   0.0268014772  -0.0195145944   0.0042707005   0.0008136505
        0.0135738243  -0.0012164414  -0.0023014079  -0.0011441656   0.0005240824
       -0.0050918765  -0.0014034109  -0.0002200150   0.0006427868   0.0002180064
        0.0007289533  -0.0009779345  -0.0003788917  -0.0007299905   0.0004903861
        0.0004736314   0.0000158300   0.0001892368   0.0002275846  -0.0000569713
       -0.0000356012  -0.0002357363  -0.0001124964  -0.0002297369  -0.0003859696
       -0.0001417419  -0.0005614627   0.0001181086   0.0001653542  -0.0003400269
       -0.0000838771  -0.0000912662
        0.0239938097  -0.0228397026   0.0034088761   0.0397639069   0.0537151349
       -0.0744504488  -0.0569671200  -0.1628902224   0.1948761025   0.0103081440
        0.0786407289  -0.0834839166  -0.0342146116   0.0023783200   0.0021775371
        0.0090529109   0.0200774591  -0.0151216897   0.0003688637   0.0023154348
        0.0074765168   0.0072711837   0.0074824346  -0.0027446130   0.0000762009
        0.0115244852  -0.0034146896   0.0011775397   0.0022987770   0.0075178133
        0.0001654886   0.0003912459   0.0002337458  -0.0050645687   0.0048828436
       -0.0265227477  -0.0007142235   0.0015779019  -0.0034964142   0.0036118040
        0.0012145220  -0.0080393791  -0.0013145301  -0.0000954890  -0.0004797197
        0.0014136750   0.0005439339   0.0012715619   0.0002063506  -0.0001119062
        0.0006887781  -0.0000796001  -0.0001670048  -0.0005417113   0.0010104466
       -0.0006026395   0.0014066235   0.0000691948  -0.0000998567  -0.0001706754
       -0.0002111648  -0.0002861896  -0.0001176047   0.0000006636  -0.0000707721
       -0.0000245764   0.0001434042   0.0000552658  -0.0001441503  -0.0000677680
        0.0000652953  -0.0003052188
       -0.0217510942   0.0322289927  -0.0099126698   0.0353905178  -0.0151305018
       -0.0002243585  -0.0883502168  -0.0105275782   0.0103081440   0.6664876091
       -0.0303646783  -0.0824460083  -0.3024650711   0.1267615214  -0.0094363014
       -0.0643885115  -0.0394957496   0.0258448572   0.0003195014   0.0008083503
       -0.0000642090  -0.0032248098  -0.0032985695   0.0023148811  -0.1924517389
       -0.1041346321   0.0755376983  -0.0060544392   0.0038783605  -0.0014167170
       -0.0030443633  -0.0022480880   0.0027333440  -0.0151776100   0.0376835133
       -0.0103669684  -0.0045920548   0.0018805692  -0.0002340962   0.0026573335
        0.0023013741  -0.0013140188  -0.0021436450  -0.0002190067   0.0000571272
       -0.0002347553  -0.0003506691  -0.0000926458   0.0006102086   0.0006936451
       -0.0004632119  -0.0012603507  -0.0001815278  -0.0008416072   0.0002373085
       -0.0003397464  -0.0000389451   0.0000677531   0.0000899523  -0.0001281220
       -0.0002612994   0.0001182697   0.0000791449  -0.0000738070  -0.0001220768
       -0.0000908075  -0.0001322745   0.0000594820   0.0000636225  -0.0001641904
       -0.0000912063   0.0001318677
        0.0275575621  -0.0353402231   0.0081169088  -0.0575158668  -0.0330651180
        0.0229704989   0.0494771563  -0.2642874318   0.0786407289  -0.0303646783
        0.5648912338  -0.1849092093   0.0566154610  -0.1235456950   0.0236886262
        0.0143041195   0.0478994634  -0.0202545549   0.0007382669  -0.0000354036
       -0.0005526340  -0.0022132523  -0.0002456741   0.0029030355  -0.1048551025
       -0.1159105574   0.0554136880   0.0262805906  -0.0141964909   0.0022079826
       -0.0025405475  -0.0001305868   0.0031418232   0.0227819368  -0.0258779860
        0.0082153981   0.0023231867   0.0004339646  -0.0001958485  -0.0029497330
       -0.0011439033   0.0000947412   0.0002191404  -0.0005903494   0.0005674790
       -0.0001221024   0.0006711170  -0.0000415078   0.0000457980  -0.0003462753
       -0.0002206655   0.0002188508   0.0003619946  -0.0000634922  -0.0002219931
        0.0002750739   0.0002593158  -0.0000648467   0.0000620317   0.0000179788
       -0.0000209987  -0.0000424310  -0.0000327416   0.0000590907   0.0001455862
        0.0000369832   0.0001301813  -0.0000543821  -0.0000119723   0.0001177800
        0.0000720426   0.0000074379
       -0.0083471924   0.0070705340  -0.0057112870   0.0175289608   0.0159685201
       -0.0087631677  -0.0164306538   0.0917364453  -0.0834839166  -0.0824460083
       -0.1849092093   0.2011829868   0.0183399107   0.0130038611  -0.0516759976
        0.0055764155  -0.0121412256   0.0052780914  -0.0003432531  -0.0001437506
        0.0001036262   0.0023183630   0.0029931921   0.0054768825   0.0753815218
        0.0555126924  -0.0694424056  -0.0098397750   0.0054769714  -0.0001524178
        0.0027947909   0.0031863695   0.0055063806  -0.0034594473   0.0031553759
        0.0013110510   0.0008716518  -0.0007475589   0.0018133201   0.0000595930
       -0.0005235319  -0.0004799770   0.0000571335  -0.0005674915  -0.0010350332
        0.0001517427   0.0000019960   0.0001531469  -0.0003782039   0.0003739196
       -0.0000073060  -0.0016814755   0.0004344079  -0.0001500548   0.0000428518
        0.0000111506  -0.0000439719  -0.0000692839   0.0001173676  -0.0000014707
        0.0000064782  -0.0001003796   0.0000724597   0.0000070107   0.0000335808
       -0.0000038190  -0.0000440839   0.0000543439  -0.0000181127  -0.0000970472
        0.0000024191   0.0000709924
        0.0399116678  -0.0700418639   0.0216248572  -0.0592515668  -0.0030743782
        0.0094323618   0.0065331097   0.0816334412  -0.0342146116  -0.3024650711
        0.0566154610   0.0183399107   0.6470434252  -0.0301940015  -0.0709383144
       -0.2369451867  -0.0594466774   0.0523652376   0.0014480903   0.0015354447
        0.0002244417  -0.0005220387  -0.0002266979   0.0001163488  -0.0252936306
        0.0075003873   0.0013163913  -0.0485242837   0.0333686656  -0.0097866228
       -0.0251873983  -0.0138112828   0.0089610397   0.0039549202  -0.0031590442
        0.0034033977  -0.0001144102   0.0000649490  -0.0006386416  -0.0009050743
       -0.0006426423   0.0002059547   0.0006100543  -0.0000459146  -0.0003781382
        0.0000976132   0.0002756909   0.0001465052  -0.0000560351  -0.0003427555
        0.0001157082  -0.0005154133  -0.0000724839  -0.0003378173  -0.0000488624
        0.0002558432   0.0001384156  -0.0000007773  -0.0001171753   0.0000244261
        0.0000646272  -0.0001925778  -0.0000300958   0.0000337997   0.0000926759
        0.0000322811   0.0000695788  -0.0000340772  -0.0000408457   0.0000628621
        0.0000590137  -0.0000821897
       -0.0144093303  -0.0403304638   0.0181509119  -0.0076650228   0.0013959795
       -0.0013035014   0.0304258162  -0.0200870858   0.0023783200   0.1267615214
       -0.1235456950   0.0130038611  -0.0301940015   0.5947631262  -0.1860187035
       -0.1327261208  -0.1541391180   0.0628249886   0.0009332302  -0.0044074797
        0.0043461652  -0.0000980072   0.0008458464  -0.0003204835  -0.0144751300
        0.0054199432   0.0006467593   0.0327332496  -0.2607206224   0.0860748449
        0.0091054077   0.0055132535  -0.0036462882  -0.0016120221  -0.0043703854
        0.0031589146   0.0009354143  -0.0006884274   0.0009296340   0.0009576383
        0.0002181388   0.0001117179  -0.0006937561  -0.0003461701  -0.0003738533
       -0.0001389799  -0.0000062367  -0.0000749544   0.0003427484   0.0001423135
       -0.0000568184   0.0001060603   0.0001548855   0.0001336788   0.0000054480
       -0.0000484139  -0.0001405847  -0.0000189647   0.0000862489   0.0000418581
       -0.0001441233   0.0001544426   0.0001150328  -0.0000262263  -0.0000163875
       -0.0000381475  -0.0000479467   0.0000290701   0.0000205757  -0.0000569027
       -0.0000167626   0.0000360721
       -0.0002526217   0.0264926325  -0.0089981304   0.0113479233  -0.0018999578
       -0.0054936287  -0.0138844881  -0.0047144110   0.0021775371  -0.0094363014
        0.0236886262  -0.0516759976  -0.0709383144  -0.1860187035   0.2010577669
        0.0816198390   0.0519933383  -0.0798000116   0.0006082956   0.0043080562
        0.0060364845   0.0000860344  -0.0003691246  -0.0000746227   0.0102753496
       -0.0035499179  -0.0001898706  -0.0108636348   0.0857590090  -0.0675258992
        0.0002710499  -0.0000747850  -0.0001384548   0.0030051701   0.0043651503
        0.0033464298  -0.0009832781   0.0006971517   0.0007930885  -0.0007120321
       -0.0007289101   0.0006890416  -0.0004633718   0.0002209164  -0.0000075297
        0.0004190780  -0.0000972059  -0.0000982363   0.0001156926   0.0000569885
       -0.0002537795   0.0000824728  -0.0001199076   0.0001416064  -0.0002889180
       -0.0002445237  -0.0001695081   0.0000121644  -0.0000210503   0.0000004065
       -0.0000909186   0.0002654404   0.0001119829   0.0000218266   0.0000243502
       -0.0000052975   0.0000150400  -0.0000119873   0.0000079761   0.0000339429
       -0.0000211749   0.0000686462
       -0.0972858865   0.0704959944  -0.0192842578   0.0082206469   0.0287710957
       -0.0122239649  -0.0029720737  -0.0230123428   0.0090529109  -0.0643885115
        0.0143041195   0.0055764155  -0.2369451867  -0.1327261208   0.0816198390
        0.6606444874  -0.0379319464  -0.0719561447   0.0014938241  -0.0225047495
        0.0083259390  -0.0046761249   0.0031951494   0.0006447282  -0.0042939398
        0.0027983393   0.0007223431   0.0024220740   0.0010464280  -0.0014520408
       -0.2600548389   0.0937718865  -0.0004386636  -0.0023531600   0.0019207029
       -0.0007738219   0.0000851386  -0.0002161251   0.0004843506   0.0004663011
        0.0000355728  -0.0002109079  -0.0002612999   0.0000209815   0.0000064314
        0.0001476715  -0.0001253387  -0.0000778929   0.0000646648   0.0001441473
       -0.0000909166  -0.0001253778   0.0000847650   0.0001432295  -0.0000199752
       -0.0001503712  -0.0000947344  -0.0000064414   0.0000233711  -0.0000336656
       -0.0000462978   0.0000834540   0.0000251971  -0.0000418916  -0.0000197826
       -0.0000151172  -0.0000408364   0.0000124612   0.0000100143  -0.0000329663
       -0.0000216913   0.0000407297
       -0.0032206865  -0.2946646954   0.0911342604   0.0825769144  -0.0238248729
       -0.0019246599  -0.0232297324  -0.0461486745   0.0200774591  -0.0394957496
        0.0478994634  -0.0121412256  -0.0594466774  -0.1541391180   0.0519933383
       -0.0379319464   0.5853993123  -0.1734220865   0.0003120519  -0.0174861160
        0.0069365990   0.0025306926   0.0013130787   0.0021572994   0.0033434803
        0.0011810045   0.0018402858  -0.0213871026  -0.0184244705   0.0103008132
        0.0937810723  -0.0824448753   0.0049052753   0.0026839005   0.0005557748
       -0.0022722143  -0.0000725746   0.0006058648   0.0000359859  -0.0005945132
       -0.0002357450   0.0002860739  -0.0001182075  -0.0000423007   0.0001002145
        0.0003727277  -0.0000096965  -0.0001050856   0.0001925467   0.0001544197
       -0.0002654044   0.0000039074   0.0001623722   0.0002104987  -0.0001743365
       -0.0001484651  -0.0000327205  -0.0000596090   0.0000533377   0.0000215334
       -0.0000834067   0.0002205146   0.0000787667   0.0000107773   0.0000330910
        0.0000010883   0.0000022081   0.0000026073   0.0000090255   0.0000042635
       -0.0000118110   0.0000748792
        0.0090929623   0.0809710172  -0.0775522409  -0.0323822765   0.0054320193
        0.0041142474   0.0080885577   0.0189355650  -0.0151216897   0.0258448572
       -0.0202545549   0.0052780914   0.0523652376   0.0628249886  -0.0798000116
       -0.0719561447  -0.1734220865   0.1874851630  -0.0002164745   0.0099332740
       -0.0029348532   0.0008438858   0.0019299329   0.0072687348   0.0007653441
        0.0025120259   0.0070730638   0.0082922701   0.0074813277  -0.0030455948
       -0.0005106019   0.0047062981  -0.0335067245  -0.0006946848  -0.0008239650
        0.0008855211   0.0001025445  -0.0001532611  -0.0000925277   0.0002278482
        0.0001124865  -0.0001174276   0.0000789179   0.0000328815   0.0000723386
       -0.0001914646   0.0000371070   0.0000507100  -0.0000300940  -0.0001148190
        0.0001117584   0.0001468382  -0.0001078059  -0.0001274326   0.0000711035
        0.0000806675   0.0000437256   0.0000183168  -0.0000271321  -0.0000068562
        0.0000251544  -0.0000787341  -0.0000371269   0.0000031063  -0.0000113839
        0.0000023800   0.0000051066  -0.0000043707  -0.0000041887   0.0000096900
        0.0000085221  -0.0000390595
       -0.1971777476  -0.1074038343   0.0634026685  -0.0258544812  -0.0151479955
        0.0095809754  -0.0031999097   0.0032596312   0.0003688637   0.0003195014
        0.0007382669  -0.0003432531   0.0014480903   0.0009332302   0.0006082956
        0.0014938241   0.0003120519  -0.0002164745   0.2239639403   0.1183582917
       -0.0727211040   0.0006078993  -0.0006637996  -0.0002159883  -0.0000362791
       -0.0000952960  -0.0002161154  -0.0000415196  -0.0000702820   0.0000319683
        0.0009149000   0.0004548923  -0.0007013523  -0.0023771706  -0.0009487629
        0.0002432663   0.0000156153  -0.0002111283   0.0000526854   0.0003316469
        0.0005614649   0.0001433136  -0.0001322975  -0.0001301493  -0.0000440698
       -0.0003530500  -0.0000865651  -0.0000199349   0.0000695724   0.0000479567
        0.0000150335   0.0000137249   0.0000583559   0.0000277148   0.0000316289
        0.0000356461  -0.0000017812   0.0000299542   0.0000055046  -0.0000022524
       -0.0000408314  -0.0000022021   0.0000051105   0.0000005140  -0.0000050254
       -0.0000053552  -0.0000207829   0.0000015743   0.0000066947  -0.0000067427
       -0.0000018261   0.0000010910
       -0.1075583627  -0.1191542992   0.0467239242   0.0072985354   0.0053240680
       -0.0028823325   0.0029161349   0.0010430501   0.0023154348   0.0008083503
       -0.0000354036  -0.0001437506   0.0015354447  -0.0044074797   0.0043080562
       -0.0225047495  -0.0174861160   0.0099332740   0.1183582917   0.1349281009
       -0.0579471384   0.0006388475   0.0005792012  -0.0013645808  -0.0000749964
       -0.0002185029  -0.0005326073  -0.0011901707  -0.0011925029   0.0006998407
       -0.0006901680   0.0002666113  -0.0009167869   0.0000426904   0.0001885553
       -0.0001733848  -0.0000347476   0.0000537034   0.0000579308   0.0004751802
        0.0001180826  -0.0000552211  -0.0000594170  -0.0000544510  -0.0000542577
       -0.0000442915   0.0000246914   0.0000024513   0.0000341232   0.0000289082
        0.0000121286   0.0000109713  -0.0000134112   0.0000128336   0.0000542879
        0.0000175367   0.0000003954  -0.0000029219   0.0000027269   0.0000024359
       -0.0000124495   0.0000026122   0.0000043771   0.0000044554  -0.0000096700
       -0.0000059862  -0.0000015719  -0.0000006057   0.0000027114  -0.0000034663
       -0.0000054059   0.0000002520
        0.0635403259   0.0464309714  -0.0605996261   0.0005943547   0.0004537582
        0.0002786900   0.0006154725   0.0028576753   0.0074765168  -0.0000642090
       -0.0005526340   0.0001036262   0.0002244417   0.0043461652   0.0060364845
        0.0083259390   0.0069365990  -0.0029348532  -0.0727211040  -0.0579471384
        0.0560630194  -0.0007064167  -0.0011452453  -0.0023776020  -0.0002561714
       -0.0006283283  -0.0014686350   0.0003829585   0.0003742687  -0.0003121696
       -0.0002631657  -0.0010846267  -0.0020463247   0.0005357894   0.0001007902
       -0.0000489001  -0.0000333388   0.0000178369   0.0000039509  -0.0002367188
       -0.0001652243  -0.0001436958   0.0000636918   0.0000118331  -0.0000180026
        0.0000905418   0.0000363780  -0.0000189050  -0.0000408078  -0.0000207390
        0.0000081711  -0.0000365821   0.0000049335  -0.0000154118  -0.0000251990
       -0.0000111373   0.0000280766  -0.0000098824  -0.0000158346  -0.0000051417
        0.0000100218  -0.0000090182  -0.0000041862  -0.0000001820   0.0000057947
        0.0000017337   0.0000066961  -0.0000027006  -0.0000055438   0.0000035449
        0.0000056226  -0.0000012715
       -0.0052665165   0.0267272289  -0.0091875572  -0.0480243562   0.0304971940
       -0.0089364826   0.0024293498  -0.0202566568   0.0072711837  -0.0032248098
       -0.0022132523   0.0023183630  -0.0005220387  -0.0000980072   0.0000860344
       -0.0046761249   0.0025306926   0.0008438858   0.0006078993   0.0006388475
       -0.0007064167   0.0585335662  -0.0368410855   0.0082480093   0.0000034604
       -0.0011984153   0.0004143759  -0.0000618088  -0.0000162450  -0.0001980956
       -0.0004842842   0.0014653764  -0.0004151615   0.0015417246  -0.0017767232
       -0.0001296169  -0.0007751537   0.0005034897   0.0003668691  -0.0003276607
       -0.0001891755   0.0000693118   0.0000677573   0.0000648501  -0.0000692883
        0.0001805736  -0.0000297775  -0.0000556699  -0.0000007795   0.0000189943
        0.0000121599   0.0000349597   0.0000699310   0.0000547441  -0.0000751623
       -0.0000548925  -0.0000275417  -0.0000267555   0.0000392261   0.0000307296
       -0.0000064308   0.0000596067   0.0000183320   0.0000222245   0.0000358666
        0.0000039534   0.0000299539   0.0000029199  -0.0000098803   0.0000204123
        0.0000200070  -0.0000022414
        0.0037578564  -0.0144817852   0.0047217471   0.0309868893  -0.2641100560
        0.0813838431   0.0025508646  -0.0201604565   0.0074824346  -0.0032985695
       -0.0002456741   0.0029931921  -0.0002266979   0.0008458464  -0.0003691246
        0.0031951494   0.0013130787   0.0019299329  -0.0006637996   0.0005792012
       -0.0011452453  -0.0368410855   0.2965865720  -0.0959213855   0.0001587084
       -0.0012520395   0.0003943871  -0.0000517672  -0.0002494092  -0.0004850524
        0.0002655829  -0.0008381439   0.0004130005   0.0003899064   0.0014153489
       -0.0016604914  -0.0009628315   0.0001487062   0.0001723001   0.0005366673
        0.0002275821   0.0000998325  -0.0000898834   0.0000619573  -0.0001172421
        0.0000494006   0.0000337501  -0.0000294328   0.0001172310   0.0000860959
        0.0000211802   0.0000808107  -0.0000178842   0.0000466330   0.0001041821
        0.0000061210  -0.0000028552  -0.0000392291   0.0000292643   0.0000402186
       -0.0000233557   0.0000533481   0.0000271443   0.0000168551  -0.0000195018
       -0.0000133418  -0.0000055053   0.0000027275   0.0000158386  -0.0000073796
       -0.0000146493   0.0000024861
       -0.0007239002   0.0017249626  -0.0006238374  -0.0097837153   0.0812054461
       -0.0604589582   0.0007943125   0.0102219044  -0.0027446130   0.0023148811
        0.0029030355   0.0054768825   0.0001163488  -0.0003204835  -0.0000746227
        0.0006447282   0.0021572994   0.0072687348  -0.0002159883  -0.0013645808
       -0.0023776020   0.0082480093  -0.0959213855   0.0570080249  -0.0000048683
        0.0003820953  -0.0004505584  -0.0002217043  -0.0006091120  -0.0014455926
        0.0000049664   0.0002092222   0.0001855327  -0.0015643708   0.0000025881
       -0.0011107641   0.0006658901  -0.0005365816  -0.0004483707  -0.0000501085
        0.0000569574  -0.0001701950  -0.0001278928  -0.0000183163  -0.0000011640
       -0.0001086087   0.0000545196   0.0000226577   0.0000245250  -0.0000422313
        0.0000007727  -0.0000033396  -0.0000317634  -0.0000480874   0.0000125889
        0.0000013670   0.0000481858   0.0000307227  -0.0000402191  -0.0000311597
       -0.0000336580  -0.0000215016  -0.0000068348  -0.0000127393  -0.0000103144
       -0.0000059403  -0.0000022435  -0.0000024362  -0.0000051241  -0.0000038353
       -0.0000004719  -0.0000073667
        0.0003100424   0.0005510241  -0.0003195854   0.0009686983   0.0011644101
        0.0007125071   0.0015218917  -0.0007514904   0.0000762009  -0.1924517389
       -0.1048551025   0.0753815218  -0.0252936306  -0.0144751300   0.0102753496
       -0.0042939398   0.0033434803   0.0007653441  -0.0000362791  -0.0000749964
       -0.0002561714   0.0000034604   0.0001587084  -0.0000048683   0.2225723966
        0.1154627391  -0.0826451759   0.0005998022  -0.0007742274  -0.0002611020
       -0.0014102688  -0.0007124529   0.0004670403   0.0004457442   0.0000548106
       -0.0009852626  -0.0000958283   0.0000821944   0.0000854027   0.0001287356
        0.0009784551  -0.0000796393  -0.0012605294  -0.0002186488  -0.0016815542
        0.0000967536  -0.0000126882   0.0001933666  -0.0005155139  -0.0001061295
        0.0000825185  -0.0011256393   0.0003479987  -0.0019214346  -0.0001322703
       -0.0000145947  -0.0000053209   0.0000349506  -0.0000808428  -0.0000033237
       -0.0001253551  -0.0000039281   0.0001468664   0.0000256759  -0.0000322170
        0.0000106585   0.0000137148  -0.0000109947  -0.0000365751   0.0000191274
       -0.0000203774   0.0000032369
        0.0005586745   0.0000523044  -0.0001612218   0.0018532486  -0.0040386242
        0.0042773414  -0.0229458177  -0.0171389534   0.0115244852  -0.1041346321
       -0.1159105574   0.0555126924   0.0075003873   0.0054199432  -0.0035499179
        0.0027983393   0.0011810045   0.0025120259  -0.0000952960  -0.0002185029
       -0.0006283283  -0.0011984153  -0.0012520395   0.0003820953   0.1154627391
        0.1291930352  -0.0664256193   0.0006205939   0.0004768388  -0.0015598933
        0.0004416453   0.0002164732  -0.0000123919  -0.0004523384   0.0010361923
       -0.0016490582  -0.0002089981   0.0003766601   0.0000000784  -0.0000047573
       -0.0003791989   0.0001667888   0.0001816852   0.0003622852  -0.0004343419
        0.0004498560  -0.0002159369  -0.0001391554   0.0000725438   0.0001550994
        0.0001197558  -0.0003477223   0.0007836061  -0.0000060911  -0.0001629253
       -0.0001357387  -0.0000165363  -0.0000699464  -0.0000178661   0.0000317682
       -0.0000847316   0.0001623783   0.0001078351  -0.0001176014  -0.0000822729
       -0.0000377999  -0.0000583619  -0.0000134061  -0.0000049241  -0.0000581691
       -0.0000127237  -0.0000095871
       -0.0006947554   0.0000702167  -0.0001206584   0.0004335437   0.0039963160
        0.0053626032   0.0089436902   0.0065468125  -0.0034146896   0.0755376983
        0.0554136880  -0.0694424056   0.0013163913   0.0006467593  -0.0001898706
        0.0007223431   0.0018402858   0.0070730638  -0.0002161154  -0.0005326073
       -0.0014686350   0.0004143759   0.0003943871  -0.0004505584  -0.0826451759
       -0.0664256193   0.0687985122  -0.0008551336  -0.0011886567  -0.0021989263
        0.0001210903   0.0001247014   0.0001412613  -0.0004617201  -0.0010675243
       -0.0012030668   0.0001761151  -0.0002395347   0.0000822794   0.0000739455
        0.0007300695  -0.0005419272  -0.0008420214   0.0000638907  -0.0001503245
       -0.0002474801  -0.0000602397   0.0000199259  -0.0003379339  -0.0001334306
        0.0001414399  -0.0019213393   0.0000064088  -0.0022925908   0.0002067982
        0.0001088570   0.0000815907   0.0000547409  -0.0000466298  -0.0000481265
        0.0001431946  -0.0002104970  -0.0001274759   0.0000073387  -0.0000267435
        0.0000099918   0.0000277199  -0.0000128151  -0.0000154458   0.0000426893
        0.0000019053  -0.0000459668
       -0.0029388011  -0.0024782882   0.0025994584  -0.0005791142  -0.0001510121
        0.0001411433  -0.0041617587   0.0021274083   0.0011775397  -0.0060544392
        0.0262805906  -0.0098397750  -0.0485242837   0.0327332496  -0.0108636348
        0.0024220740  -0.0213871026   0.0082922701  -0.0000415196  -0.0011901707
        0.0003829585  -0.0000618088  -0.0000517672  -0.0002217043   0.0005998022
        0.0006205939  -0.0008551336   0.0593496850  -0.0375758158   0.0098158628
        0.0006807532  -0.0008897946  -0.0001136117  -0.0006052865   0.0015197548
       -0.0004393674  -0.0003564237   0.0002001761  -0.0001031623   0.0004312066
        0.0002296575   0.0000005754  -0.0000737884  -0.0000590568   0.0000070039
       -0.0001175577  -0.0000323098   0.0000072188   0.0000338037   0.0000261956
        0.0000218381   0.0000256780   0.0001175759   0.0000073529   0.0000138062
        0.0000002436   0.0000036213   0.0000222210  -0.0000168586  -0.0000127487
       -0.0000418902  -0.0000107686   0.0000031060  -0.0000223640  -0.0000083369
       -0.0000075259   0.0000005156  -0.0000044537  -0.0000001910  -0.0000005098
        0.0000002896  -0.0000030944
       -0.0031688495   0.0001970974   0.0036144872   0.0000562064   0.0009614966
       -0.0003792240   0.0025087346   0.0017736065   0.0022987770   0.0038783605
       -0.0141964909   0.0054769714   0.0333686656  -0.2607206224   0.0857590090
        0.0010464280  -0.0184244705   0.0074813277  -0.0000702820  -0.0011925029
        0.0003742687  -0.0000162450  -0.0002494092  -0.0006091120  -0.0007742274
        0.0004768388  -0.0011886567  -0.0375758158   0.2921536178  -0.1017880383
        0.0002244781   0.0004336492  -0.0012319799   0.0009006585  -0.0008679562
        0.0001791118   0.0001149288  -0.0000361809  -0.0000374642  -0.0007329821
       -0.0003859503   0.0000706810   0.0001219743   0.0001457655  -0.0000337560
        0.0002447077   0.0000298686  -0.0000176800  -0.0000927045  -0.0000162356
       -0.0000244963   0.0000321836  -0.0000822657   0.0000267321  -0.0000713454
       -0.0000178946  -0.0000023221  -0.0000358749  -0.0000195014   0.0000103117
        0.0000197896   0.0000330816   0.0000113720   0.0000083429   0.0000140109
        0.0000093439   0.0000050233  -0.0000096714  -0.0000058091   0.0000078447
        0.0000001189   0.0000061451
        0.0027543032   0.0036508642   0.0057180316   0.0002923796  -0.0005495619
        0.0000675917   0.0013367180   0.0019563011   0.0075178133  -0.0014167170
        0.0022079826  -0.0001524178  -0.0097866228   0.0860748449  -0.0675258992
       -0.0014520408   0.0103008132  -0.0030455948   0.0000319683   0.0006998407
       -0.0003121696  -0.0001980956  -0.0004850524  -0.0014455926  -0.0002611020
       -0.0015598933  -0.0021989263   0.0098158628  -0.1017880383   0.0636152857
       -0.0006186798  -0.0009810415  -0.0020017465  -0.0005625942   0.0003699504
       -0.0000065261  -0.0000829149  -0.0000464611  -0.0001788686   0.0002762001
        0.0001416975  -0.0000246411  -0.0000911412  -0.0000364919  -0.0000042500
       -0.0000732961  -0.0000190916  -0.0000154306   0.0000321691   0.0000386246
       -0.0000057606   0.0000106765   0.0000378051   0.0000099903   0.0000239957
       -0.0000188532  -0.0000059999   0.0000039414   0.0000133386  -0.0000059554
       -0.0000151313  -0.0000010958   0.0000023699  -0.0000075183  -0.0000093520
       -0.0000052991  -0.0000053563   0.0000059860   0.0000017057  -0.0000070043
       -0.0000031159   0.0000022901
       -0.0065474555   0.0036676071  -0.0004270732   0.0009358765   0.0013968784
        0.0004478232   0.0015841665  -0.0009684692   0.0001654886  -0.0030443633
       -0.0025405475   0.0027947909  -0.0251873983   0.0091054077   0.0002710499
       -0.2600548389   0.0937810723  -0.0005106019   0.0009149000  -0.0006901680
       -0.0002631657  -0.0004842842   0.0002655829   0.0000049664  -0.0014102688
        0.0004416453   0.0001210903   0.0006807532   0.0002244781  -0.0006186798
        0.2931377879  -0.1048839384  -0.0017502176  -0.0010048623  -0.0000452382
       -0.0002094560   0.0000457451  -0.0000794016   0.0000514759   0.0006778158
        0.0003399802  -0.0000677895  -0.0001642197  -0.0001177464  -0.0000970507
       -0.0002017674  -0.0000269652   0.0000128694   0.0000628797   0.0000568963
        0.0000339354   0.0000191170   0.0000581573   0.0000426928   0.0000669495
        0.0000182647  -0.0000041083   0.0000204108   0.0000073753  -0.0000038328
       -0.0000329657  -0.0000042540   0.0000097016  -0.0000005096  -0.0000078426
       -0.0000070074  -0.0000067419   0.0000034639   0.0000035519  -0.0000067266
       -0.0000022384  -0.0000004534
        0.0266102765  -0.0129329572   0.0007861743   0.0010164193  -0.0041477350
        0.0040820637  -0.0009229766  -0.0001839917   0.0003912459  -0.0022480880
       -0.0001305868   0.0031863695  -0.0138112828   0.0055132535  -0.0000747850
        0.0937718865  -0.0824448753   0.0047062981   0.0004548923   0.0002666113
       -0.0010846267   0.0014653764  -0.0008381439   0.0002092222  -0.0007124529
        0.0002164732   0.0001247014  -0.0008897946   0.0004336492  -0.0009810415
       -0.1048839384   0.0943601154  -0.0107820004   0.0003187768  -0.0000838261
       -0.0004839797  -0.0000703118   0.0000106483  -0.0000404395  -0.0002335302
       -0.0000838691  -0.0000653422   0.0000911837   0.0000720936  -0.0000024685
        0.0000821340   0.0000157901   0.0000021919  -0.0000590026  -0.0000167718
        0.0000211762   0.0000203557  -0.0000127251  -0.0000018926  -0.0000053828
        0.0000176492   0.0000240753  -0.0000200138  -0.0000146479   0.0000004668
        0.0000216945  -0.0000118142  -0.0000085306  -0.0000002843   0.0000001194
        0.0000031102   0.0000018272  -0.0000054051  -0.0000056238   0.0000022358
        0.0000009461  -0.0000063650
       -0.0090455123   0.0040631781  -0.0003941787   0.0003151387   0.0041165384
        0.0056897691   0.0001282815   0.0003520144   0.0002337458   0.0027333440
        0.0031418232   0.0055063806   0.0089610397  -0.0036462882  -0.0001384548
       -0.0004386636   0.0049052753  -0.0335067245  -0.0007013523  -0.0009167869
       -0.0020463247  -0.0004151615   0.0004130005   0.0001855327   0.0004670403
       -0.0000123919   0.0001412613  -0.0001136117  -0.0012319799  -0.0020017465
       -0.0017502176  -0.0107820004   0.0275981483  -0.0002908141  -0.0002984022
       -0.0009452723   0.0000671498  -0.0001373454  -0.0001358527   0.0000009855
        0.0000913329  -0.0003051122   0.0001316606  -0.0000071995   0.0000707440
       -0.0000643705   0.0000102459   0.0000182420  -0.0000822536  -0.0000358019
        0.0000684209   0.0000032519   0.0000095915  -0.0000459325   0.0000580493
        0.0000426183   0.0000713373  -0.0000022564  -0.0000024766  -0.0000074171
        0.0000407181  -0.0000749006  -0.0000390932  -0.0000030809  -0.0000061674
        0.0000023174   0.0000010930  -0.0000002387  -0.0000013140  -0.0000004580
        0.0000063613  -0.0000184764
        0.0029039449  -0.0055964217   0.0013616922  -0.0593650985   0.0083243841
        0.0045920248  -0.2355553517   0.0724671515  -0.0050645687  -0.0151776100
        0.0227819368  -0.0034594473   0.0039549202  -0.0016120221   0.0030051701
       -0.0023531600   0.0026839005  -0.0006946848  -0.0023771706   0.0000426904
        0.0005357894   0.0015417246   0.0003899064  -0.0015643708   0.0004457442
       -0.0004523384  -0.0004617201  -0.0006052865   0.0009006585  -0.0005625942
       -0.0010048623   0.0003187768  -0.0002908141   0.6616213678   0.0000006352
       -0.0062657155  -0.0464309436  -0.0000092301   0.0114409678  -0.2355604919
       -0.0724595426  -0.0050414208  -0.0151823649  -0.0227835731  -0.0034582591
       -0.0593624725  -0.0083212190   0.0045987625   0.0039562211   0.0016107573
        0.0030049003   0.0004461432   0.0004523980  -0.0004616059   0.0029039715
        0.0055959964   0.0013613253   0.0015417500  -0.0003896452  -0.0015646393
       -0.0023534755  -0.0026832003  -0.0006941118  -0.0006056078  -0.0009006263
       -0.0005625576  -0.0023770408  -0.0000426913   0.0005363818  -0.0010048508
       -0.0003186817  -0.0002905042
       -0.0032179505  -0.0012869424   0.0028690489  -0.0105060185   0.0101105228
       -0.0003883681   0.0839983687  -0.1232194778   0.0048828436   0.0376835133
       -0.0258779860   0.0031553759  -0.0031590442  -0.0043703854   0.0043651503
        0.0019207029   0.0005557748  -0.0008239650  -0.0009487629   0.0001885553
        0.0001007902  -0.0017767232   0.0014153489   0.0000025881   0.0000548106
        0.0010361923  -0.0010675243   0.0015197548  -0.0008679562   0.0003699504
       -0.0000452382  -0.0000838261  -0.0002984022   0.0000006352   0.6714740581
        0.0000030918  -0.0000087984  -0.3866868437  -0.0000144761  -0.0839908854
       -0.1232107138  -0.0048719626  -0.0376830528  -0.0258738863  -0.0031520038
        0.0105078216   0.0101106269   0.0003870448   0.0031572294  -0.0043701492
       -0.0043663658  -0.0000547086   0.0010358685   0.0010679219   0.0032175120
       -0.0012863328  -0.0028702705   0.0017765620   0.0014151761  -0.0000025793
       -0.0019201989   0.0005554941   0.0008241478  -0.0015197784  -0.0008677942
       -0.0003696718   0.0009488708   0.0001885267  -0.0001009228   0.0000453788
       -0.0000838506   0.0002985587
       -0.0004628990   0.0039508897   0.0030996724   0.0120469237  -0.0016868773
        0.0029583959   0.0005826197   0.0029621381  -0.0265227477  -0.0103669684
        0.0082153981   0.0013110510   0.0034033977   0.0031589146   0.0033464298
       -0.0007738219  -0.0022722143   0.0008855211   0.0002432663  -0.0001733848
       -0.0000489001  -0.0001296169  -0.0016604914  -0.0011107641  -0.0009852626
       -0.0016490582  -0.0012030668  -0.0004393674   0.0001791118  -0.0000065261
       -0.0002094560  -0.0004839797  -0.0009452723  -0.0062657155   0.0000030918
        0.0398293867   0.0004305888  -0.0000094448  -0.0033463444   0.0005920675
       -0.0029574158  -0.0265365730  -0.0103671785  -0.0082123391   0.0013127457
        0.0120557124   0.0016863432   0.0029562513   0.0034030292  -0.0031600795
        0.0033462878  -0.0009855645   0.0016494067  -0.0012027675  -0.0004634742
       -0.0039524058   0.0030999230  -0.0001296986   0.0016609389  -0.0011102508
       -0.0007730519   0.0022729011   0.0008865222  -0.0004395679  -0.0001790936
       -0.0000060047   0.0002435712   0.0001734867  -0.0000483744  -0.0002095332
        0.0004841634  -0.0009445951
        0.0000100660  -0.0002279607   0.0000326839   0.0003582977   0.0019821456
       -0.0012037002  -0.0014634708   0.0268014772  -0.0007142235  -0.0045920548
        0.0023231867   0.0008716518  -0.0001144102   0.0009354143  -0.0009832781
        0.0000851386  -0.0000725746   0.0001025445   0.0000156153  -0.0000347476
       -0.0000333388  -0.0007751537  -0.0009628315   0.0006658901  -0.0000958283
       -0.0002089981   0.0001761151  -0.0003564237   0.0001149288  -0.0000829149
        0.0000457451  -0.0000703118   0.0000671498  -0.0464309436  -0.0000087984
        0.0004305888   0.0601979808   0.0000093793   0.0017732831  -0.0014655438
       -0.0268025386  -0.0007159545  -0.0045921723  -0.0023230986   0.0008722945
        0.0003582301  -0.0019817739  -0.0012038108  -0.0001146659  -0.0009353938
       -0.0009833548  -0.0000957905   0.0002090228   0.0001761517   0.0000100899
        0.0002279216   0.0000326017  -0.0007748156   0.0009628483   0.0006662162
        0.0000851863   0.0000725642   0.0001025161  -0.0003564556  -0.0001149123
       -0.0000828967   0.0000156196   0.0000347532  -0.0000333573   0.0000457593
        0.0000702978   0.0000671424
        0.0005012051  -0.0007034146   0.0006721832  -0.0033621085   0.0012861721
       -0.0000942025   0.0089880498  -0.0195145944   0.0015779019   0.0018805692
        0.0004339646  -0.0007475589   0.0000649490  -0.0006884274   0.0006971517
       -0.0002161251   0.0006058648  -0.0001532611  -0.0002111283   0.0000537034
        0.0000178369   0.0005034897   0.0001487062  -0.0005365816   0.0000821944
        0.0003766601  -0.0002395347   0.0002001761  -0.0000361809  -0.0000464611
       -0.0000794016   0.0000106483  -0.0001373454  -0.0000092301  -0.3866868437
       -0.0000094448   0.0000093793   0.4227381579   0.0000098152  -0.0089885792
       -0.0195120213  -0.0015785629  -0.0018803049   0.0004339837   0.0007477275
        0.0033620566   0.0012859976   0.0000940311  -0.0000650472  -0.0006883504
       -0.0006970803  -0.0000821459   0.0003766322   0.0002395699  -0.0005012671
       -0.0007033212  -0.0006720678  -0.0005032810   0.0001487257   0.0005366787
        0.0002161624   0.0006057952   0.0001532614  -0.0002001496  -0.0000361764
        0.0000464964   0.0002111199   0.0000536867  -0.0000178681   0.0000794169
        0.0000106318   0.0001373154
       -0.0002677408   0.0001505037   0.0002667134   0.0007994990  -0.0006628879
       -0.0004824369  -0.0072046447   0.0042707005  -0.0034964142  -0.0002340962
       -0.0001958485   0.0018133201  -0.0006386416   0.0009296340   0.0007930885
        0.0004843506   0.0000359859  -0.0000925277   0.0000526854   0.0000579308
        0.0000039509   0.0003668691   0.0001723001  -0.0004483707   0.0000854027
        0.0000000784   0.0000822794  -0.0001031623  -0.0000374642  -0.0001788686
        0.0000514759  -0.0000404395  -0.0001358527   0.0114409678  -0.0000144761
       -0.0033463444   0.0017732831   0.0000098152   0.0070956482  -0.0072033601
       -0.0042663414  -0.0034954779  -0.0002334133   0.0001952769   0.0018134349
        0.0007990303   0.0006636152  -0.0004825439  -0.0006383042  -0.0009299770
        0.0007934897   0.0000853456  -0.0000001148   0.0000822462  -0.0002676940
       -0.0001500577   0.0002664331   0.0003670251  -0.0001722417  -0.0004484827
        0.0004842495  -0.0000359518  -0.0000925788  -0.0001031874   0.0000374495
       -0.0001788381   0.0000526372  -0.0000579235   0.0000039635   0.0000514233
        0.0000404337  -0.0001358315
       -0.0026551817  -0.0006917147   0.0013478369   0.0009701105   0.0006999850
       -0.0008698689  -0.0426480347   0.0008136505   0.0036118040   0.0026573335
       -0.0029497330   0.0000595930  -0.0009050743   0.0009576383  -0.0007120321
        0.0004663011  -0.0005945132   0.0002278482   0.0003316469   0.0004751802
       -0.0002367188  -0.0003276607   0.0005366673  -0.0000501085   0.0001287356
       -0.0000047573   0.0000739455   0.0004312066  -0.0007329821   0.0002762001
        0.0006778158  -0.0002335302   0.0000009855  -0.2355604919  -0.0839908854
        0.0005920675  -0.0014655438  -0.0089885792  -0.0072033601   0.6316712981
        0.0279913188  -0.0570058411  -0.0883519614  -0.0494934025  -0.0164381943
       -0.2037065761   0.1224730771   0.0671031845   0.0065220874  -0.0304258148
       -0.0138872754   0.0015236391   0.0229430341   0.0089441895  -0.0634453686
       -0.0149541563   0.0032024143   0.0024312176  -0.0025529591   0.0007934071
       -0.0029681303   0.0232247731   0.0080876167  -0.0041615386  -0.0025088632
        0.0013378933  -0.0032000374  -0.0029162664   0.0006164196   0.0015842074
        0.0009228330   0.0001279938
       -0.0004902685   0.0004737500  -0.0000159162   0.0050919235  -0.0014035119
        0.0002208964  -0.0008114714   0.0135738243   0.0012145220   0.0023013741
       -0.0011439033  -0.0005235319  -0.0006426423   0.0002181388  -0.0007289101
        0.0000355728  -0.0002357450   0.0001124865   0.0005614649   0.0001180826
       -0.0001652243  -0.0001891755   0.0002275821   0.0000569574   0.0009784551
       -0.0003791989   0.0007300695   0.0002296575  -0.0003859503   0.0001416975
        0.0003399802  -0.0000838691   0.0000913329  -0.0724595426  -0.1232107138
       -0.0029574158  -0.0268025386  -0.0195120213  -0.0042663414   0.0279913188
        0.6024731942   0.1629155302   0.0105076279  -0.2642722899  -0.0917510496
        0.0598161607  -0.1548318417  -0.0435146981  -0.0816317170  -0.0200824220
        0.0047239310   0.0007496408  -0.0171385614  -0.0065482476   0.0355820696
        0.0492696829   0.0145974555   0.0202539289  -0.0201599018  -0.0102257752
        0.0230072663  -0.0461480687  -0.0189412127  -0.0021274494   0.0017740719
       -0.0019564357  -0.0032599145   0.0010437173  -0.0028578748   0.0009682788
       -0.0001840451  -0.0003522453
        0.0010097967   0.0006028124   0.0014075858   0.0014126255  -0.0005426937
        0.0012722823   0.0036074208  -0.0012164414  -0.0080393791  -0.0013140188
        0.0000947412  -0.0004799770   0.0002059547   0.0001117179   0.0006890416
       -0.0002109079   0.0002860739  -0.0001174276   0.0001433136  -0.0000552211
       -0.0001436958   0.0000693118   0.0000998325  -0.0001701950  -0.0000796393
        0.0001667888  -0.0005419272   0.0000005754   0.0000706810  -0.0000246411
       -0.0000677895  -0.0000653422  -0.0003051122  -0.0050414208  -0.0048719626
       -0.0265365730  -0.0007159545  -0.0015785629  -0.0034954779  -0.0570058411
        0.1629155302   0.1949257349   0.0103062599  -0.0786483226  -0.0834960907
        0.0397819895  -0.0537380645  -0.0744702298  -0.0342212907  -0.0023745732
        0.0021837005   0.0000751481  -0.0115284946  -0.0034172225   0.0240064483
        0.0228442687   0.0034078294   0.0072716075  -0.0074836830  -0.0027467693
        0.0090521701  -0.0200833917  -0.0151271762   0.0011789465  -0.0022987696
        0.0075167245   0.0003699106  -0.0023155370   0.0074757765   0.0001653834
       -0.0003913865   0.0002332189
        0.0002374194   0.0003397540  -0.0000387444  -0.0002349562   0.0003507864
       -0.0000924655   0.0026574274  -0.0023014079  -0.0013145301  -0.0021436450
        0.0002191404   0.0000571335   0.0006100543  -0.0006937561  -0.0004633718
       -0.0002612999  -0.0001182075   0.0000789179  -0.0001322975  -0.0000594170
        0.0000636918   0.0000677573  -0.0000898834  -0.0001278928  -0.0012605294
        0.0001816852  -0.0008420214  -0.0000737884   0.0001219743  -0.0000911412
       -0.0001642197   0.0000911837   0.0001316606  -0.0151823649  -0.0376830528
       -0.0103671785  -0.0045921723  -0.0018803049  -0.0002334133  -0.0883519614
        0.0105076279   0.0103062599   0.6664718677   0.0303888518  -0.0824968102
        0.0353946501   0.0151279294  -0.0002319210  -0.3024718630  -0.1267556582
       -0.0094129664  -0.1924256445   0.1041241473   0.0755597948  -0.0217559952
       -0.0322297303  -0.0099131073  -0.0032239662   0.0032980264   0.0023164351
       -0.0643832657   0.0395002471   0.0258578409  -0.0060571928  -0.0038791322
       -0.0014167079   0.0003194289  -0.0008084385  -0.0000639788  -0.0030434431
        0.0022476349   0.0027345161
        0.0002221240   0.0002751342  -0.0002590521   0.0001219185   0.0006709431
        0.0000413568   0.0029499907  -0.0011441656  -0.0000954890  -0.0002190067
       -0.0005903494  -0.0005674915  -0.0000459146  -0.0003461701   0.0002209164
        0.0000209815  -0.0000423007   0.0000328815  -0.0001301493  -0.0000544510
        0.0000118331   0.0000648501   0.0000619573  -0.0000183163  -0.0002186488
        0.0003622852   0.0000638907  -0.0000590568   0.0001457655  -0.0000364919
       -0.0001177464   0.0000720936  -0.0000071995  -0.0227835731  -0.0258738863
       -0.0082123391  -0.0023230986   0.0004339837   0.0001952769  -0.0494934025
       -0.2642722899  -0.0786483226   0.0303888518   0.5648630351   0.1849310634
        0.0575120830  -0.0330691590  -0.0229778637  -0.0566126256  -0.1235364268
       -0.0236854664   0.1048446538  -0.1159097291  -0.0554329140  -0.0275591484
       -0.0353369493  -0.0081154582   0.0022128407  -0.0002454252  -0.0029042550
       -0.0142973645   0.0478966387   0.0202586323  -0.0262804545  -0.0141947787
       -0.0022051104  -0.0007381681  -0.0000353679   0.0005525274   0.0025400639
       -0.0001303874  -0.0031426090
        0.0000427261  -0.0000111786  -0.0000441259   0.0001518891  -0.0000021849
        0.0001530927   0.0000591674   0.0005240824  -0.0004797197   0.0000571272
        0.0005674790  -0.0010350332  -0.0003781382  -0.0003738533  -0.0000075297
        0.0000064314   0.0001002145   0.0000723386  -0.0000440698  -0.0000542577
       -0.0000180026  -0.0000692883  -0.0001172421  -0.0000011640  -0.0016815542
       -0.0004343419  -0.0001503245   0.0000070039  -0.0000337560  -0.0000042500
       -0.0000970507  -0.0000024685   0.0000707440  -0.0034582591  -0.0031520038
        0.0013127457   0.0008722945   0.0007477275   0.0018134349  -0.0164381943
       -0.0917510496  -0.0834960907  -0.0824968102   0.1849310634   0.2012361227
        0.0175250817  -0.0159700445  -0.0087708933   0.0183684472  -0.0129925788
       -0.0516802686   0.0754040874  -0.0555318004  -0.0694711470  -0.0083474661
       -0.0070682132  -0.0057097622   0.0023195644  -0.0029942168   0.0054763990
        0.0055854213   0.0121388364   0.0052760101  -0.0098411531  -0.0054768572
       -0.0001517697  -0.0003432932   0.0001437647   0.0001040588   0.0027960357
       -0.0031871208   0.0055051347
        0.0004197427  -0.0004545550  -0.0000970396  -0.0031856232   0.0010728481
       -0.0000549908   0.0009703720  -0.0050918765   0.0014136750  -0.0002347553
       -0.0001221024   0.0001517427   0.0000976132  -0.0001389799   0.0004190780
        0.0001476715   0.0003727277  -0.0001914646  -0.0003530500  -0.0000442915
        0.0000905418   0.0001805736   0.0000494006  -0.0001086087   0.0000967536
        0.0004498560  -0.0002474801  -0.0001175577   0.0002447077  -0.0000732961
       -0.0002017674   0.0000821340  -0.0000643705  -0.0593624725   0.0105078216
        0.0120557124   0.0003582301   0.0033620566   0.0007990303  -0.2037065761
        0.0598161607   0.0397819895   0.0353946501   0.0575120830   0.0175250817
        0.6587934881   0.0463550760  -0.0594341995  -0.0592490001   0.0076666488
        0.0113559989   0.0009688506  -0.0018542139   0.0004341719  -0.3057021968
       -0.0578332236   0.0172194156  -0.0480295268  -0.0310057181  -0.0097916916
        0.0082105004  -0.0825762589  -0.0323888789  -0.0005790245  -0.0000562887
        0.0002929305  -0.0258527966  -0.0072968190   0.0005970383   0.0009359011
       -0.0010171934   0.0003156139
        0.0000042282  -0.0002871020   0.0001244026  -0.0010728989  -0.0000608489
       -0.0001538197  -0.0006995935  -0.0014034109   0.0005439339  -0.0003506691
        0.0006711170   0.0000019960   0.0002756909  -0.0000062367  -0.0000972059
       -0.0001253387  -0.0000096965   0.0000371070  -0.0000865651   0.0000246914
        0.0000363780  -0.0000297775   0.0000337501   0.0000545196  -0.0000126882
       -0.0002159369  -0.0000602397  -0.0000323098   0.0000298686  -0.0000190916
       -0.0000269652   0.0000157901   0.0000102459  -0.0083212190   0.0101106269
        0.0016863432  -0.0019817739   0.0012859976   0.0006636152   0.1224730771
       -0.1548318417  -0.0537380645   0.0151279294  -0.0330691590  -0.0159700445
        0.0463550760   0.5917492133   0.1719268566   0.0030767754   0.0013955717
        0.0018994176  -0.0011652085  -0.0040377875  -0.0039970775  -0.1280211183
       -0.1256163524  -0.0122830176  -0.0305162335  -0.2640966488  -0.0812148554
       -0.0287722974  -0.0238196953  -0.0054285897   0.0001510798   0.0009615705
        0.0005493454   0.0151484910   0.0053235531  -0.0004551079  -0.0013976912
       -0.0041470337  -0.0041170470
       -0.0001348430  -0.0000261562  -0.0000398481  -0.0000542606   0.0001537368
        0.0000230666  -0.0008706720  -0.0002200150   0.0012715619  -0.0000926458
       -0.0000415078   0.0001531469   0.0001465052  -0.0000749544  -0.0000982363
       -0.0000778929  -0.0001050856   0.0000507100  -0.0000199349   0.0000024513
       -0.0000189050  -0.0000556699  -0.0000294328   0.0000226577   0.0001933666
       -0.0001391554   0.0000199259   0.0000072188  -0.0000176800  -0.0000154306
        0.0000128694   0.0000021919   0.0000182420   0.0045987625   0.0003870448
        0.0029562513  -0.0012038108   0.0000940311  -0.0004825439   0.0671031845
       -0.0435146981  -0.0744702298  -0.0002319210  -0.0229778637  -0.0087708933
       -0.0594341995   0.1719268566   0.1803712067   0.0094399287   0.0013023475
       -0.0054957728   0.0007127786  -0.0042780105   0.0053620508  -0.0090436628
       -0.0221642313  -0.0505429387  -0.0089437646  -0.0813937113  -0.0604684011
       -0.0122265146   0.0019339845   0.0041198437   0.0001412712   0.0003791352
        0.0000678914   0.0095856762   0.0028833698   0.0002773379   0.0004482308
       -0.0040826475   0.0056893067
       -0.0000489393  -0.0002558129   0.0001383437   0.0000976915  -0.0002755595
        0.0001465853  -0.0009052022   0.0006427868   0.0002063506   0.0006102086
        0.0000457980  -0.0003782039  -0.0000560351   0.0003427484   0.0001156926
        0.0000646648   0.0001925467  -0.0000300940   0.0000695724   0.0000341232
       -0.0000408078  -0.0000007795   0.0001172310   0.0000245250  -0.0005155139
        0.0000725438  -0.0003379339   0.0000338037  -0.0000927045   0.0000321691
        0.0000628797  -0.0000590026  -0.0000822536   0.0039562211   0.0031572294
        0.0034030292  -0.0001146659  -0.0000650472  -0.0006383042   0.0065220874
       -0.0816317170  -0.0342212907  -0.3024718630  -0.0566126256   0.0183684472
       -0.0592490001   0.0030767754   0.0094399287   0.6470255037   0.0302234547
       -0.0709864434  -0.0252914590  -0.0074989009   0.0013192122   0.0399182987
        0.0700343155   0.0216220010  -0.0005220058   0.0002267950   0.0001164370
       -0.2369178052   0.0594383223   0.0523875406  -0.0485298052  -0.0333889105
       -0.0097952112   0.0014480835  -0.0015362928   0.0002248205  -0.0251859407
        0.0138119034   0.0089654598
       -0.0000054993  -0.0000484062   0.0001405932   0.0001390046  -0.0000061589
        0.0000748735  -0.0009578453   0.0002180064  -0.0001119062   0.0006936451
       -0.0003462753   0.0003739196  -0.0003427555   0.0001423135   0.0000569885
        0.0001441473   0.0001544197  -0.0001148190   0.0000479567   0.0000289082
       -0.0000207390   0.0000189943   0.0000860959  -0.0000422313  -0.0001061295
        0.0001550994  -0.0001334306   0.0000261956  -0.0000162356   0.0000386246
        0.0000568963  -0.0000167718  -0.0000358019   0.0016107573  -0.0043701492
       -0.0031600795  -0.0009353938  -0.0006883504  -0.0009299770  -0.0304258148
       -0.0200824220  -0.0023745732  -0.1267556582  -0.1235364268  -0.0129925788
        0.0076666488   0.0013955717   0.0013023475   0.0302234547   0.5947384034
        0.1860426737   0.0144754848   0.0054194131  -0.0006480204   0.0144045703
       -0.0403340641  -0.0181528994   0.0000981035   0.0008459238   0.0003200829
        0.1327144957  -0.1541387512  -0.0628500059  -0.0327535164  -0.2607063578
       -0.0860836245  -0.0009341086  -0.0044066098  -0.0043470482  -0.0091036334
        0.0055128241   0.0036476314
       -0.0002888816   0.0002443331  -0.0001697405   0.0004189290   0.0000968926
       -0.0000983210  -0.0007116118   0.0007289533   0.0006887781  -0.0004632119
       -0.0002206655  -0.0000073060   0.0001157082  -0.0000568184  -0.0002537795
       -0.0000909166  -0.0002654044   0.0001117584   0.0000150335   0.0000121286
        0.0000081711   0.0000121599   0.0000211802   0.0000007727   0.0000825185
        0.0001197558   0.0001414399   0.0000218381  -0.0000244963  -0.0000057606
        0.0000339354   0.0000211762   0.0000684209   0.0030049003  -0.0043663658
        0.0033462878  -0.0009833548  -0.0006970803   0.0007934897  -0.0138872754
        0.0047239310   0.0021837005  -0.0094129664  -0.0236854664  -0.0516802686
        0.0113559989   0.0018994176  -0.0054957728  -0.0709864434   0.1860426737
        0.2011059009   0.0102796365   0.0035511827  -0.0001913557  -0.0002601405
       -0.0265011510  -0.0090066149   0.0000861164   0.0003690109  -0.0000741655
        0.0816477905  -0.0520098226  -0.0798264783  -0.0108723377  -0.0857678568
       -0.0675358469   0.0006087179  -0.0043087453   0.0060361309   0.0002738571
        0.0000732372  -0.0001394407
       -0.0001322038   0.0000146241  -0.0000053278   0.0000966719   0.0000126785
        0.0001934015   0.0001286205  -0.0009779345  -0.0000796001  -0.0012603507
        0.0002188508  -0.0016814755  -0.0005154133   0.0001060603   0.0000824728
       -0.0001253778   0.0000039074   0.0001468382   0.0000137249   0.0000109713
       -0.0000365821   0.0000349597   0.0000808107  -0.0000033396  -0.0011256393
       -0.0003477223  -0.0019213393   0.0000256780   0.0000321836   0.0000106765
        0.0000191170   0.0000203557   0.0000032519   0.0004461432  -0.0000547086
       -0.0009855645  -0.0000957905  -0.0000821459   0.0000853456   0.0015236391
        0.0007496408   0.0000751481  -0.1924256445   0.1048446538   0.0754040874
        0.0009688506  -0.0011652085   0.0007127786  -0.0252914590   0.0144754848
        0.0102796365   0.2225418100  -0.1154510895  -0.0826718151   0.0003098339
       -0.0005510679  -0.0003196807   0.0000035643  -0.0001587743  -0.0000049867
       -0.0042940445  -0.0033435038   0.0007665549   0.0005998230   0.0007743670
       -0.0002614939  -0.0000363291   0.0000750932  -0.0002563343  -0.0014101835
        0.0007124732   0.0004673475
        0.0001629383  -0.0001355402   0.0000167071  -0.0004496321  -0.0002157510
        0.0001391999   0.0000047952  -0.0003788917  -0.0001670048  -0.0001815278
        0.0003619946   0.0004344079  -0.0000724839   0.0001548855  -0.0001199076
        0.0000847650   0.0001623722  -0.0001078059   0.0000583559  -0.0000134112
        0.0000049335   0.0000699310  -0.0000178842  -0.0000317634   0.0003479987
        0.0007836061   0.0000064088   0.0001175759  -0.0000822657   0.0000378051
        0.0000581573  -0.0000127251   0.0000095915   0.0004523980   0.0010358685
        0.0016494067   0.0002090228   0.0003766322  -0.0000001148   0.0229430341
       -0.0171385614  -0.0115284946   0.1041241473  -0.1159097291  -0.0555318004
       -0.0018542139  -0.0040377875  -0.0042780105  -0.0074989009   0.0054194131
        0.0035511827  -0.1154510895   0.1291911991   0.0664474631  -0.0005585569
        0.0000525972   0.0001611763   0.0011982819  -0.0012520232  -0.0003822901
       -0.0027984841   0.0011814905  -0.0025121667  -0.0006203045   0.0004766339
        0.0015601989   0.0000953868  -0.0002185915   0.0006284221  -0.0004415948
        0.0002164689   0.0000124552
        0.0002067309  -0.0001091472   0.0000813984  -0.0002477245   0.0000600343
        0.0000196965   0.0000737755  -0.0007299905  -0.0005417113  -0.0008416072
       -0.0000634922  -0.0001500548  -0.0003378173   0.0001336788   0.0001416064
        0.0001432295   0.0002104987  -0.0001274326   0.0000277148   0.0000128336
       -0.0000154118   0.0000547441   0.0000466330  -0.0000480874  -0.0019214346
       -0.0000060911  -0.0022925908   0.0000073529   0.0000267321   0.0000099903
        0.0000426928  -0.0000018926  -0.0000459325  -0.0004616059   0.0010679219
       -0.0012027675   0.0001761517   0.0002395699   0.0000822462   0.0089441895
       -0.0065482476  -0.0034172225   0.0755597948  -0.0554329140  -0.0694711470
        0.0004341719  -0.0039970775   0.0053620508   0.0013192122  -0.0006480204
       -0.0001913557  -0.0826718151   0.0664474631   0.0688309135  -0.0006949772
       -0.0000705084  -0.0001203574   0.0004143959  -0.0003944645  -0.0004505945
        0.0007235184  -0.0018401866   0.0070726114  -0.0008556418   0.0011887901
       -0.0021984407  -0.0002162976   0.0005326711  -0.0014685053   0.0001212462
       -0.0001247940   0.0001410982
       -0.0003736077   0.0000113825   0.0000212262   0.0004196991  -0.0000043203
       -0.0001347464  -0.0026548088   0.0004903861   0.0010104466   0.0002373085
       -0.0002219931   0.0000428518  -0.0000488624   0.0000054480  -0.0002889180
       -0.0000199752  -0.0001743365   0.0000711035   0.0000316289   0.0000542879
       -0.0000251990  -0.0000751623   0.0001041821   0.0000125889  -0.0001322703
       -0.0001629253   0.0002067982   0.0000138062  -0.0000713454   0.0000239957
        0.0000669495  -0.0000053828   0.0000580493   0.0029039715   0.0032175120
       -0.0004634742   0.0000100899  -0.0005012671  -0.0002676940  -0.0634453686
        0.0355820696   0.0240064483  -0.0217559952  -0.0275591484  -0.0083474661
       -0.3057021968  -0.1280211183  -0.0090436628   0.0399182987   0.0144045703
       -0.0002601405   0.0003098339  -0.0005585569  -0.0006949772   0.6594960687
        0.0198598295  -0.0715695249  -0.0052690270  -0.0037587588  -0.0007235783
       -0.0972901066   0.0032000793   0.0090927520  -0.0029378531   0.0031682908
        0.0027554492  -0.1971525189   0.1075511235   0.0635643485  -0.0065499019
       -0.0266100087  -0.0090466767
       -0.0000114579   0.0000390967   0.0000827590   0.0004544554  -0.0002869680
        0.0000264520   0.0006912963   0.0004736314  -0.0006026395  -0.0003397464
        0.0002750739   0.0000111506   0.0002558432  -0.0000484139  -0.0002445237
       -0.0001503712  -0.0001484651   0.0000806675   0.0000356461   0.0000175367
       -0.0000111373  -0.0000548925   0.0000061210   0.0000013670  -0.0000145947
       -0.0001357387   0.0001088570   0.0000002436  -0.0000178946  -0.0000188532
        0.0000182647   0.0000176492   0.0000426183   0.0055959964  -0.0012863328
       -0.0039524058   0.0002279216  -0.0007033212  -0.0001500577  -0.0149541563
        0.0492696829   0.0228442687  -0.0322297303  -0.0353369493  -0.0070682132
       -0.0578332236  -0.1256163524  -0.0221642313   0.0700343155  -0.0403340641
       -0.0265011510  -0.0005510679   0.0000525972  -0.0000705084   0.0198598295
        0.5947861795   0.1744517318  -0.0267271025  -0.0144800741  -0.0017219112
       -0.0705134364  -0.2946523332  -0.0809768749   0.0024777354   0.0001975837
       -0.0036522391   0.1073966411  -0.1191567739  -0.0464517693  -0.0036684089
       -0.0129314709  -0.0040633565
        0.0000213228  -0.0000826441  -0.0001759721  -0.0000968571  -0.0001246230
       -0.0000399379   0.0013488003   0.0000158300   0.0014066235  -0.0000389451
        0.0002593158  -0.0000439719   0.0001384156  -0.0001405847  -0.0001695081
       -0.0000947344  -0.0000327205   0.0000437256  -0.0000017812   0.0000003954
        0.0000280766  -0.0000275417  -0.0000028552   0.0000481858  -0.0000053209
       -0.0000165363   0.0000815907   0.0000036213  -0.0000023221  -0.0000059999
       -0.0000041083   0.0000240753   0.0000713373   0.0013613253  -0.0028702705
        0.0030999230   0.0000326017  -0.0006720678   0.0002664331   0.0032024143
        0.0145974555   0.0034078294  -0.0099131073  -0.0081154582  -0.0057097622
        0.0172194156  -0.0122830176  -0.0505429387   0.0216220010  -0.0181528994
       -0.0090066149  -0.0003196807   0.0001611763  -0.0001203574  -0.0715695249
        0.1744517318   0.1908462020  -0.0091889721  -0.0047216562  -0.0006232931
       -0.0192901391  -0.0911484176  -0.0775622308   0.0026006536  -0.0036155659
        0.0057170759   0.0634266739  -0.0467448397  -0.0606234126  -0.0004265326
       -0.0007835013  -0.0003930032
       -0.0000752002   0.0000548920  -0.0000275541   0.0001805908   0.0000297527
       -0.0000556708  -0.0003277390   0.0001892368   0.0000691948   0.0000677531
       -0.0000648467  -0.0000692839  -0.0000007773  -0.0000189647   0.0000121644
       -0.0000064414  -0.0000596090   0.0000183168   0.0000299542  -0.0000029219
       -0.0000098824  -0.0000267555  -0.0000392291   0.0000307227   0.0000349506
       -0.0000699464   0.0000547409   0.0000222210  -0.0000358749   0.0000039414
        0.0000204108  -0.0000200138  -0.0000022564   0.0015417500   0.0017765620
       -0.0001296986  -0.0007748156  -0.0005032810   0.0003670251   0.0024312176
        0.0202539289   0.0072716075  -0.0032239662   0.0022128407   0.0023195644
       -0.0480295268  -0.0305162335  -0.0089437646  -0.0005220058   0.0000981035
        0.0000861164   0.0000035643   0.0011982819   0.0004143959  -0.0052690270
       -0.0267271025  -0.0091889721   0.0585385208   0.0368629026   0.0082543118
       -0.0046761861  -0.0025308069   0.0008451885  -0.0000618664   0.0000163387
       -0.0001982439   0.0006077761  -0.0006386242  -0.0007067895  -0.0004844022
       -0.0014653849  -0.0004151744
       -0.0001042010   0.0000059646   0.0000027102  -0.0000494649   0.0000336611
        0.0000293126  -0.0005365632   0.0002275846  -0.0000998567   0.0000899523
        0.0000620317   0.0001173676  -0.0001171753   0.0000862489  -0.0000210503
        0.0000233711   0.0000533377  -0.0000271321   0.0000055046   0.0000027269
       -0.0000158346   0.0000392261   0.0000292643  -0.0000402191  -0.0000808428
       -0.0000178661  -0.0000466298  -0.0000168586  -0.0000195014   0.0000133386
        0.0000073753  -0.0000146479  -0.0000024766  -0.0003896452   0.0014151761
        0.0016609389   0.0009628483   0.0001487257  -0.0001722417  -0.0025529591
       -0.0201599018  -0.0074836830   0.0032980264  -0.0002454252  -0.0029942168
       -0.0310057181  -0.2640966488  -0.0813937113   0.0002267950   0.0008459238
        0.0003690109  -0.0001587743  -0.0012520232  -0.0003944645  -0.0037587588
       -0.0144800741  -0.0047216562   0.0368629026   0.2965703065   0.0959329255
       -0.0031952066   0.0013135889  -0.0019299369   0.0000518333  -0.0002494813
        0.0004851423   0.0006639679   0.0005790377   0.0011453745  -0.0002656348
       -0.0008380088  -0.0004130117
        0.0000125477  -0.0000009273   0.0000485364  -0.0001083304  -0.0000542316
        0.0000229567  -0.0000502722  -0.0000569713  -0.0001706754  -0.0001281220
        0.0000179788  -0.0000014707   0.0000244261   0.0000418581   0.0000004065
       -0.0000336656   0.0000215334  -0.0000068562  -0.0000022524   0.0000024359
       -0.0000051417   0.0000307296   0.0000402186  -0.0000311597  -0.0000033237
        0.0000317682  -0.0000481265  -0.0000127487   0.0000103117  -0.0000059554
       -0.0000038328   0.0000004668  -0.0000074171  -0.0015646393  -0.0000025793
       -0.0011102508   0.0006662162   0.0005366787  -0.0004484827   0.0007934071
       -0.0102257752  -0.0027467693   0.0023164351  -0.0029042550   0.0054763990
       -0.0097916916  -0.0812148554  -0.0604684011   0.0001164370   0.0003200829
       -0.0000741655  -0.0000049867  -0.0003822901  -0.0004505945  -0.0007235783
       -0.0017219112  -0.0006232931   0.0082543118   0.0959329255   0.0570194280
        0.0006460305  -0.0021574663   0.0072682095  -0.0002218730   0.0006092238
       -0.0014454735  -0.0002162457   0.0013648682  -0.0023772373   0.0000050214
       -0.0002090879   0.0001855343
       -0.0000199007   0.0001503730  -0.0000946710   0.0001476155   0.0001252925
       -0.0000778599   0.0004664170  -0.0000356012  -0.0002111648  -0.0002612994
       -0.0000209987   0.0000064782   0.0000646272  -0.0001441233  -0.0000909186
       -0.0000462978  -0.0000834067   0.0000251544  -0.0000408314  -0.0000124495
        0.0000100218  -0.0000064308  -0.0000233557  -0.0000336580  -0.0001253551
       -0.0000847316   0.0001431946  -0.0000418902   0.0000197896  -0.0000151313
       -0.0000329657   0.0000216945   0.0000407181  -0.0023534755  -0.0019201989
       -0.0007730519   0.0000851863   0.0002161624   0.0004842495  -0.0029681303
        0.0230072663   0.0090521701  -0.0643832657  -0.0142973645   0.0055854213
        0.0082105004  -0.0287722974  -0.0122265146  -0.2369178052   0.1327144957
        0.0816477905  -0.0042940445  -0.0027984841   0.0007235184  -0.0972901066
       -0.0705134364  -0.0192901391  -0.0046761861  -0.0031952066   0.0006460305
        0.6606264963   0.0379584030  -0.0720104743   0.0024238451  -0.0010481276
       -0.0014533730   0.0014958033   0.0225020384   0.0083265699  -0.2600625060
       -0.0937657331  -0.0004143606
        0.0001742983  -0.0001484577   0.0000327864  -0.0003726249  -0.0000096316
        0.0001050539   0.0005944743  -0.0002357363  -0.0002861896   0.0001182697
       -0.0000424310  -0.0001003796  -0.0001925778   0.0001544426   0.0002654404
        0.0000834540   0.0002205146  -0.0000787341  -0.0000022021   0.0000026122
       -0.0000090182   0.0000596067   0.0000533481  -0.0000215016  -0.0000039281
        0.0001623783  -0.0002104970  -0.0000107686   0.0000330816  -0.0000010958
       -0.0000042540  -0.0000118142  -0.0000749006  -0.0026832003   0.0005554941
        0.0022729011   0.0000725642   0.0006057952  -0.0000359518   0.0232247731
       -0.0461480687  -0.0200833917   0.0395002471   0.0478966387   0.0121388364
       -0.0825762589  -0.0238196953   0.0019339845   0.0594383223  -0.1541387512
       -0.0520098226  -0.0033435038   0.0011814905  -0.0018401866   0.0032000793
       -0.2946523332  -0.0911484176  -0.0025308069   0.0013135889  -0.0021574663
        0.0379584030   0.5853744630   0.1734467508   0.0213842511  -0.0184240398
       -0.0103046163  -0.0003137131  -0.0174858985  -0.0069378694  -0.0937749045
       -0.0824369903  -0.0048957147
        0.0000710142  -0.0000808416   0.0000435937  -0.0001915585  -0.0000373443
        0.0000505269   0.0002277305  -0.0001124964  -0.0001176047   0.0000791449
       -0.0000327416   0.0000724597  -0.0000300958   0.0001150328   0.0001119829
        0.0000251971   0.0000787667  -0.0000371269   0.0000051105   0.0000043771
       -0.0000041862   0.0000183320   0.0000271443  -0.0000068348   0.0001468664
        0.0001078351  -0.0001274759   0.0000031060   0.0000113720   0.0000023699
        0.0000097016  -0.0000085306  -0.0000390932  -0.0006941118   0.0008241478
        0.0008865222   0.0001025161   0.0001532614  -0.0000925788   0.0080876167
       -0.0189412127  -0.0151271762   0.0258578409   0.0202586323   0.0052760101
       -0.0323888789  -0.0054285897   0.0041198437   0.0523875406  -0.0628500059
       -0.0798264783   0.0007665549  -0.0025121667   0.0070726114   0.0090927520
       -0.0809768749  -0.0775622308   0.0008451885  -0.0019299369   0.0072682095
       -0.0720104743   0.1734467508   0.1875295257   0.0082927623  -0.0074826414
       -0.0030476645  -0.0002175101  -0.0099372846  -0.0029371089  -0.0004863458
       -0.0046966532  -0.0335080967
        0.0000138505  -0.0000002316   0.0000036422  -0.0001176180   0.0000323434
        0.0000072382   0.0004312846  -0.0002297369   0.0000006636  -0.0000738070
        0.0000590907   0.0000070107   0.0000337997  -0.0000262263   0.0000218266
       -0.0000418916   0.0000107773   0.0000031063   0.0000005140   0.0000044554
       -0.0000001820   0.0000222245   0.0000168551  -0.0000127393   0.0000256759
       -0.0001176014   0.0000073387  -0.0000223640   0.0000083429  -0.0000075183
       -0.0000005096  -0.0000002843  -0.0000030809  -0.0006056078  -0.0015197784
       -0.0004395679  -0.0003564556  -0.0002001496  -0.0001031874  -0.0041615386
       -0.0021274494   0.0011789465  -0.0060571928  -0.0262804545  -0.0098411531
       -0.0005790245   0.0001510798   0.0001412712  -0.0485298052  -0.0327535164
       -0.0108723377   0.0005998230  -0.0006203045  -0.0008556418  -0.0029378531
        0.0024777354   0.0026006536  -0.0000618664   0.0000518333  -0.0002218730
        0.0024238451   0.0213842511   0.0082927623   0.0593552447   0.0375990397
        0.0098237036  -0.0000414140   0.0011899938   0.0003829630   0.0006806862
        0.0008899355  -0.0001138450
        0.0000713325  -0.0000177208   0.0000024901  -0.0002445424   0.0000300452
        0.0000178028   0.0007328838  -0.0003859696  -0.0000707721  -0.0001220768
        0.0001455862   0.0000335808   0.0000926759  -0.0000163875   0.0000243502
       -0.0000197826   0.0000330910  -0.0000113839  -0.0000050254  -0.0000096700
        0.0000057947   0.0000358666  -0.0000195018  -0.0000103144  -0.0000322170
       -0.0000822729  -0.0000267435  -0.0000083369   0.0000140109  -0.0000093520
       -0.0000078426   0.0000001194  -0.0000061674  -0.0009006263  -0.0008677942
       -0.0001790936  -0.0001149123  -0.0000361764   0.0000374495  -0.0025088632
        0.0017740719  -0.0022987696  -0.0038791322  -0.0141947787  -0.0054768572
       -0.0000562887   0.0009615705   0.0003791352  -0.0333889105  -0.2607063578
       -0.0857678568   0.0007743670   0.0004766339   0.0011887901   0.0031682908
        0.0001975837  -0.0036155659   0.0000163387  -0.0002494813   0.0006092238
       -0.0010481276  -0.0184240398  -0.0074826414   0.0375990397   0.2921364450
        0.1017990133   0.0000701762  -0.0011924624  -0.0003743155  -0.0002242869
        0.0004334554   0.0012322027
        0.0000239210   0.0000183526  -0.0000064022  -0.0000736331   0.0000186094
       -0.0000158628   0.0002762495  -0.0001417419  -0.0000245764  -0.0000908075
        0.0000369832  -0.0000038190   0.0000322811  -0.0000381475  -0.0000052975
       -0.0000151172   0.0000010883   0.0000023800  -0.0000053552  -0.0000059862
        0.0000017337   0.0000039534  -0.0000133418  -0.0000059403   0.0000106585
       -0.0000377999   0.0000099918  -0.0000075259   0.0000093439  -0.0000052991
       -0.0000070074   0.0000031102   0.0000023174  -0.0005625576  -0.0003696718
       -0.0000060047  -0.0000828967   0.0000464964  -0.0001788381   0.0013378933
       -0.0019564357   0.0075167245  -0.0014167079  -0.0022051104  -0.0001517697
        0.0002929305   0.0005493454   0.0000678914  -0.0097952112  -0.0860836245
       -0.0675358469  -0.0002614939   0.0015601989  -0.0021984407   0.0027554492
       -0.0036522391   0.0057170759  -0.0001982439   0.0004851423  -0.0014454735
       -0.0014533730  -0.0103046163  -0.0030476645   0.0098237036   0.1017990133
        0.0636269717   0.0000319090  -0.0007000673  -0.0003123137  -0.0006190186
        0.0009810984  -0.0020015373
        0.0000316005  -0.0000356593  -0.0000017919  -0.0003530364   0.0000865501
       -0.0000199876   0.0003316297  -0.0005614627   0.0001434042  -0.0001322745
        0.0001301813  -0.0000440839   0.0000695788  -0.0000479467   0.0000150400
       -0.0000408364   0.0000022081   0.0000051066  -0.0000207829  -0.0000015719
        0.0000066961   0.0000299539  -0.0000055053  -0.0000022435   0.0000137148
       -0.0000583619   0.0000277199   0.0000005156   0.0000050233  -0.0000053563
       -0.0000067419   0.0000018272   0.0000010930  -0.0023770408   0.0009488708
        0.0002435712   0.0000156196   0.0002111199   0.0000526372  -0.0032000374
       -0.0032599145   0.0003699106   0.0003194289  -0.0007381681  -0.0003432932
       -0.0258527966   0.0151484910   0.0095856762   0.0014480835  -0.0009341086
        0.0006087179  -0.0000363291   0.0000953868  -0.0002162976  -0.1971525189
        0.1073966411   0.0634266739   0.0006077761   0.0006639679  -0.0002162457
        0.0014958033  -0.0003137131  -0.0002175101  -0.0000414140   0.0000701762
        0.0000319090   0.2239353435  -0.1183493033  -0.0727495806   0.0009147605
       -0.0004547282  -0.0007017653
       -0.0000543224   0.0000173746  -0.0000005145   0.0000442250   0.0000246092
       -0.0000025582  -0.0004751345   0.0001181086   0.0000552658   0.0000594820
       -0.0000543821   0.0000543439  -0.0000340772   0.0000290701  -0.0000119873
        0.0000124612   0.0000026073  -0.0000043707   0.0000015743  -0.0000006057
       -0.0000027006   0.0000029199   0.0000027275  -0.0000024362  -0.0000109947
       -0.0000134061  -0.0000128151  -0.0000044537  -0.0000096714   0.0000059860
        0.0000034639  -0.0000054051  -0.0000002387  -0.0000426913   0.0001885267
        0.0001734867   0.0000347532   0.0000536867  -0.0000579235  -0.0029162664
        0.0010437173  -0.0023155370  -0.0008084385  -0.0000353679   0.0001437647
       -0.0072968190   0.0053235531   0.0028833698  -0.0015362928  -0.0044066098
       -0.0043087453   0.0000750932  -0.0002185915   0.0005326711   0.1075511235
       -0.1191567739  -0.0467448397  -0.0006386242   0.0005790377   0.0013648682
        0.0225020384  -0.0174858985  -0.0099372846   0.0011899938  -0.0011924624
       -0.0007000673  -0.1183493033   0.1349296850   0.0579713865   0.0006902899
        0.0002664706   0.0009168761
       -0.0000253092   0.0000114012   0.0000282156   0.0000908122  -0.0000363641
       -0.0000187866  -0.0002369204   0.0001653542  -0.0001441503   0.0000636225
       -0.0000119723  -0.0000181127  -0.0000408457   0.0000205757   0.0000079761
        0.0000100143   0.0000090255  -0.0000041887   0.0000066947   0.0000027114
       -0.0000055438  -0.0000098803   0.0000158386  -0.0000051241  -0.0000365751
       -0.0000049241  -0.0000154458  -0.0000001910  -0.0000058091   0.0000017057
        0.0000035519  -0.0000056238  -0.0000013140   0.0005363818  -0.0001009228
       -0.0000483744  -0.0000333573  -0.0000178681   0.0000039635   0.0006164196
       -0.0028578748   0.0074757765  -0.0000639788   0.0005525274   0.0001040588
        0.0005970383  -0.0004551079   0.0002773379   0.0002248205  -0.0043470482
        0.0060361309  -0.0002563343   0.0006284221  -0.0014685053   0.0635643485
       -0.0464517693  -0.0606234126  -0.0007067895   0.0011453745  -0.0023772373
        0.0083265699  -0.0069378694  -0.0029371089   0.0003829630  -0.0003743155
       -0.0003123137  -0.0727495806   0.0579713865   0.0560905285  -0.0002634752
        0.0010848523  -0.0020460752
        0.0000669644  -0.0000182688  -0.0000040884  -0.0002017883   0.0000269671
        0.0000128549   0.0006778008  -0.0003400269  -0.0000677680  -0.0001641904
        0.0001177800  -0.0000970472   0.0000628621  -0.0000569027   0.0000339429
       -0.0000329663   0.0000042635   0.0000096900  -0.0000067427  -0.0000034663
        0.0000035449   0.0000204123  -0.0000073796  -0.0000038353   0.0000191274
       -0.0000581691   0.0000426893  -0.0000005098   0.0000078447  -0.0000070043
       -0.0000067266   0.0000022358  -0.0000004580  -0.0010048508   0.0000453788
       -0.0002095332   0.0000457593   0.0000794169   0.0000514233   0.0015842074
        0.0009682788   0.0001653834  -0.0030434431   0.0025400639   0.0027960357
        0.0009359011  -0.0013976912   0.0004482308  -0.0251859407  -0.0091036334
        0.0002738571  -0.0014101835  -0.0004415948   0.0001212462  -0.0065499019
       -0.0036684089  -0.0004265326  -0.0004844022  -0.0002656348   0.0000050214
       -0.2600625060  -0.0937749045  -0.0004863458   0.0006806862  -0.0002242869
       -0.0006190186   0.0009147605   0.0006902899  -0.0002634752   0.2931456708
        0.1048778484  -0.0017788133
        0.0000053595   0.0000176510  -0.0000240497  -0.0000820667   0.0000158333
       -0.0000021899   0.0002335403  -0.0000838771   0.0000652953  -0.0000912063
        0.0000720426   0.0000024191   0.0000590137  -0.0000167626  -0.0000211749
       -0.0000216913  -0.0000118110   0.0000085221  -0.0000018261  -0.0000054059
        0.0000056226   0.0000200070  -0.0000146493  -0.0000004719  -0.0000203774
       -0.0000127237   0.0000019053   0.0000002896   0.0000001189  -0.0000031159
       -0.0000022384   0.0000009461   0.0000063613  -0.0003186817  -0.0000838506
        0.0004841634   0.0000702978   0.0000106318   0.0000404337   0.0009228330
       -0.0001840451  -0.0003913865   0.0022476349  -0.0001303874  -0.0031871208
       -0.0010171934  -0.0041470337  -0.0040826475   0.0138119034   0.0055128241
        0.0000732372   0.0007124732   0.0002164689  -0.0001247940  -0.0266100087
       -0.0129314709  -0.0007835013  -0.0014653849  -0.0008380088  -0.0002090879
       -0.0937657331  -0.0824369903  -0.0046966532   0.0008899355   0.0004334554
        0.0009810984  -0.0004547282   0.0002664706   0.0010848523   0.1048778484
        0.0943505738   0.0107722826
        0.0000578807  -0.0000428293   0.0000711243  -0.0000644683  -0.0000105629
        0.0000179976   0.0000007075  -0.0000912662  -0.0003052188   0.0001318677
        0.0000074379   0.0000709924  -0.0000821897   0.0000360721   0.0000686462
        0.0000407297   0.0000748792  -0.0000390595   0.0000010910   0.0000002520
       -0.0000012715  -0.0000022414   0.0000024861  -0.0000073667   0.0000032369
       -0.0000095871  -0.0000459668  -0.0000030944   0.0000061451   0.0000022901
       -0.0000004534  -0.0000063650  -0.0000184764  -0.0002905042   0.0002985587
       -0.0009445951   0.0000671424   0.0001373154  -0.0001358315   0.0001279938
       -0.0003522453   0.0002332189   0.0027345161  -0.0031426090   0.0055051347
        0.0003156139  -0.0041170470   0.0056893067   0.0089654598   0.0036476314
       -0.0001394407   0.0004673475   0.0000124552   0.0001410982  -0.0090466767
       -0.0040633565  -0.0003930032  -0.0004151744  -0.0004130117   0.0001855343
       -0.0004143606  -0.0048957147  -0.0335080967  -0.0001138450   0.0012322027
       -0.0020015373  -0.0007017653   0.0009168761  -0.0020460752  -0.0017788133
        0.0107722826   0.0276005959
