           1           2   1.46491958610766     
           2           3   1.34709674800812     
           1           4  0.103209869383796     
           3           4   1.35256649711438     
           2           5  0.103869546845004     
           4           5   1.45783372809623     
           1           6   1.42455800254646     
           5           6   1.42978219479723     
           1           7  0.970931647003589     
           2           8  0.967959062519074     
           4           9  0.966036208372299     
           5          10  0.971075312001620     
           6          11  0.971895706577728     
           3          12   1.12245726295383     
          12          13  0.926829182331148     
          12          14   1.12244480007438     
          14          15   1.35256952550989     
          14          16   1.34710648964628     
          15          17   1.45783484433569     
          16          17  0.103870110325853     
          15          18  0.966037197542191     
          15          19  0.103211043400922     
          16          19   1.46491373783044     
          16          20  0.967959117508968     
          17          21   1.42978029607763     
          19          21   1.42456270094440     
          17          22  0.971075155377134     
          19          23  0.970931525524266     
          21          24  0.971895564797777     
